11111110111001110 14
11100111111011101 2
11100011011011101 1
11101111011101101 3
11101110011001110 3
11111110011101100 3
11111110011001110 9
11101111011011100 1
11110111111101101 4
11100111011111101 1
11000110111001111 1
11100111111001101 2
01100110011001001 1
11110110111101110 7
11110111111001100 4
11111110011011110 3
11111110111001100 9
11101110011101111 4
11011111111101101 3
11101111011011110 3
11111111001101101 1
11111111011101110 2
11111111111001011 1
11110111011000100 1
11111011111001110 3
11111110111111101 5
11101110110101111 1
11100110111111110 3
11000111111001100 2
11100110011111100 3
11110110011001100 3
11111010111011110 1
01100111111001111 1
11110110000101101 1
11001110111101110 3
01110110111001101 1
11001110111101001 1
11101111010111110 1
11101111111001111 7
11110111111001101 3
11111111111011100 6
11111010011111110 1
11111110011111100 4
11110111111101111 5
11110110111011111 2
11100100011001110 1
11110110111011110 3
11111100011111111 1
11111110011011101 1
11110110111001100 4
11111110011001101 7
11111110011001100 9
11011111011011100 1
11001111011111111 2
11100110011011110 2
11111111111001110 20
11111111111001111 8
11110110111101111 4
11000110111111101 1
11100110111111100 2
11111110111101101 3
11101110111111111 4
11111111011111100 2
11101111111011100 2
11111110111101110 5
11110110011011100 2
11110100011101111 1
11000110111001100 5
11001110111101100 2
11000110011101100 1
11110110111101100 4
11101100111001110 2
11010111111101100 1
11111110111111110 5
11100110101101100 1
11001111111111111 2
11100110111001101 3
11111110111111111 2
11110110111101101 4
11101110111001110 4
11011111011111101 1
11100110111101111 5
11100011111111110 2
11111011011111110 2
11101110010001111 1
11111111011011110 3
11011110111101101 2
11101110001111110 1
11101111111001110 4
11110110011111101 2
11000111111111100 1
10101111101111111 1
11011100111111110 1
11110111111101110 5
11110111011101101 5
11111111111111100 2
11111111011111110 6
11110110111011101 1
11111111111011110 3
11111110111001111 9
11100111111001100 4
11110110011001111 3
11100011111101111 1
10101110111111100 1
11011111011111111 1
11111101111011101 1
11010111111111110 1
11110110011111110 2
11100110011001100 3
11011110101011100 1
11111111111001101 9
11110111011011110 2
11110011011111101 1
10111111111111100 1
11110111011001110 4
11110111111011111 2
11111111011101101 5
11100110011111111 3
11010111111111101 1
10111111111101101 1
11111111111101111 9
11011111111011100 1
11000101011101110 1
11111111111101101 2
11111010111011101 1
11100111111101110 3
11110111011111101 1
11101110011101101 1
11001111111111110 1
11001111011001111 1
11111111011011101 1
11111111111111110 2
11110111111111100 2
11101111111101111 3
11110110111001101 4
11001110111101111 1
11110110011101101 4
11000110011011101 1
11111111111101100 8
11110110011011110 1
11100110111011111 1
11101110111101100 3
11001110011101110 2
11101110111111110 1
11101111011101100 2
11111110111101011 1
11001110011011111 2
11110111111111111 1
11100111011011110 1
11110110011011101 1
10100111111111110 1
11000110111111110 2
10000111111011010 1
11110110111111111 2
11001110011101101 1
11011111101111111 1
11001110111111110 3
11101110011111111 2
11110011011111110 1
11111110011111101 2
11011110111111110 1
11110110011111111 6
11101111111100010 1
11010110111101110 2
11101111111111111 1
11111111111111111 2
11101110011011100 1
01111110111111111 1
11001111011011101 1
11111111111101010 1
11100110111011110 2
11110111011101111 2
11101111011101110 3
11100111011101110 1
11111110111011101 3
11101110111101110 2
11001111110111100 1
11101110111101111 3
11001111111111101 2
10101110011101110 1
11000110111011110 1
11011110111101111 1
11101111111111110 5
11101111111011110 2
11101111111001101 4
11101110111101101 2
11111110111001101 6
11101110011011101 2
11110111111111101 1
11111110111011110 3
10010111011111110 1
11100111111111101 1
11100110011111110 4
11010110111001101 1
11011111111111110 2
11100111011101111 1
11100110110111100 1
10110110111110110 1
01001111111001101 1
11100111011111110 2
11010111011011110 1
11111111011010100 1
11100111111111100 1
10111110011100110 1
11101111011111110 1
11111110111000110 2
11110110111111100 1
11111110011101110 1
11101110011011110 1
11100011011111100 1
11110101011101110 1
11010111011101110 1
11000110111101111 2
11101110011111101 1
11011110111011110 1
11110110111111110 1
11110010011111101 1
11111111011001110 6
11110111011101100 1
11100110111101100 1
11111111111111010 1
11101110011111110 1
01111011011001111 1
11011110111001100 2
11111011111111110 1
11101011011101111 1
11011110111111111 1
11111010111011111 1
11110111111111110 2
11001111011011111 1
01100010111111101 1
11110100111101110 1
11111110111111010 1
10110110011111111 1
11011110011111110 1
11101110011001100 1
11111110011011111 1
11101110111011111 1
11111110111011011 1
11111111111011010 1
11010010111001110 1
11010111111001101 1
11111110111011000 1
11111110011001111 6
11110110011011111 2
11110111011001101 3
11011110011001111 2
11001101111101111 1
11111010011011101 1
11111111101011001 1
11101111111000101 1
11110111111011100 1
11010110111111101 1
11111110111101000 1
11111111011011111 2
11001111011011100 1
11001111011101111 2
11000110110011101 1
11101111111001100 1
11111111111011101 1
11111011111001111 2
10101110111001110 1
11111111111001100 6
11111011111011110 1
11010111111001111 4
11000111111011111 1
11110110111111101 3
01111111111101100 1
11101110111001000 1
11111011011101110 1
11011111111011101 1
11110111111001111 6
11011111011001100 1
11011110111101100 2
11100111011001110 3
11101101011001100 1
11111110111101111 6
11110111111001110 5
11101111111011000 1
11110110111001111 4
11101110010011100 1
11111110011101101 1
11011110011001100 1
11100010011001111 1
11101111111111100 1
11111010111001110 1
11101110111001101 6
11110110011101001 1
11001010111101110 1
11100110011001111 3
11111111110001111 1
11000110111011111 2
11101110011001111 4
11001111011001100 1
11101111101001110 1
11101110111001111 7
11000111111101010 1
11001110011101111 1
11000111111101100 3
11111111111101110 5
11111111011001111 10
11011111111101111 1
11000111011101101 1
01111110111101111 1
11110110011001101 3
11101111111101101 3
11110111011111111 1
11100110111111111 1
11100110111101110 3
11001111011111110 1
11110111111101001 1
11101100111101101 1
11110011011101000 1
10100111111011110 1
11101111111101000 1
11101110011101100 1
11001110101101111 1
10110110011101100 2
11110110111011100 1
11011110011011110 1
11111111011001100 5
11100111111000100 1
11111110111101100 4
11101110011101010 1
11110111111101100 1
11111110111001000 3
11110110010001100 1
11001110111001101 1
11111100111001111 1
11001111111001100 1
11100110011111101 1
11111111011001101 4
11001111111001110 3
11100110011001101 1
10111111011001001 1
11100110011001110 2
11010111111001100 1
11001110111001110 3
11000111011101110 1
11111110111001011 2
11100110111001100 3
11111111011011100 1
11111110011001001 1
11111101111001111 1
11101110111001100 2
11110011110001101 1
11101111011001100 3
11001100011011111 1
11110111111101010 1
11001110111001111 3
11111110111111011 1
11111110111101010 1
10010110011111100 1
11111011111101110 1
11111011111000100 1
11101111111101001 1
11011110111001110 1
11110110011001110 3
11111010011011111 1
01110010011001100 1
11111010111001000 1
11110011111101101 1
11001110011001111 2
11110010011001110 2
11001110011001110 2
11111010011111111 1
11011110111001111 1
11101110111001011 1
10110111111001101 1
11111011011101100 1
11001111111101110 1
11100111111001110 1
11101110111011100 2
11100111011101100 1
11110110011101111 3
11101111111101110 1
11001110011001011 1
11101110011001000 1
11110111011111110 1
11101111011001110 2
11011110011101101 2
11000110011001111 1
11101111001101110 1
11010111111101110 2
11100110111001110 2
11000111111001110 2
11100110111101101 1
11111111011101111 2
11101110011101110 1
11111100111001110 1
11110011001111110 1
10111010101001101 1
11101111011101111 2
11101010111011100 1
11101110001111111 1
11111110011101011 1
11101110011001101 3
11001110111001100 3
11101111011001011 1
01101111011011100 1
11110110011100101 1
11100111011001101 1
11011110011101110 1
11100111001111101 1
11110110011101110 1
01001110011011111 1
11100110111011100 2
11011111111101100 2
11000110110111101 1
11001111111101111 1
11011110110000110 1
11111110101111101 1
11110111111011110 2
01110111111001100 1
11000110011101110 1
11111110011001010 1
11111110111100110 2
11000111011101111 2
11110111010111101 1
11110111011001000 1
11100111111101111 1
11111110011101111 2
11000110111001101 1
10010110111001101 1
11011111111001110 1
11100110011011101 1
11111111011000100 1
11010111111111111 1
11010111011101111 1
11111011011101111 1
11010111111001110 1
11100010111011101 1
11111011111001100 1
11111110011111110 2
11010110111011100 1
11111110111011111 2
11101110011111100 2
11101011011001101 1
11101011111101110 1
01111111111101110 1
11110110011001011 1
11101110011011001 1
11111110011111111 1
11110011011001110 1
11011111111101110 2
10010111111101111 1
11111110011011100 1
11111010111001100 1
10101110111111110 1
11110111011001111 1
11001110111011001 1
01101101011001110 1
11111110011001000 1
11111101111001100 1
11111111111011111 2
11001111111001101 2
11110110111111000 1
11111111010101111 1
11111110111000100 1
10110110111101110 1
11011111011001110 1
11000110111101001 1
00111010011001101 1
11001011111101100 1
11110101111001110 1
11001111011001101 1
11111010111101110 1
11101110111110111 1
11010110111101101 1
11111011011001111 1
11000110111101110 1
11011100111001110 1
10110111011001110 1
11101111011001111 1
11001110111011101 1
11110110011001010 1
11111101011001111 2
01111110011001101 1
11001111111001111 1
11111010011001111 1
11001110110111101 1
11000111111101110 1
01100111011001100 1
11101111010001110 1
01110110111001110 1
11110010011001111 1
01011110111001101 1
10100110011101111 1
11101110110011101 1
11101111101001100 1
11000111111011110 1
11001111011010101 1
11110110011000101 1
11011011011001111 1
11100110011011100 1
01001111011101111 1
11001111111101101 1
01011111111101110 1
11110111110111110 1
11100110011100100 1
11000110011001110 1
11101110011000101 1
11110110111001110 3
11111010011101101 1
11001111111101100 1
11000111111111001 1
11101110111100100 1
10110110111001101 1
10011111111001101 1
11110010011101101 1
11011111111001101 1
11111010011001001 1
11101111111011101 1
11111110011101000 1
01110110111001111 1
11101101111001100 1
11101110011100100 1
01111111011101110 1
11001110011111110 1
01111110011101110 1
11001110011000101 1
11000111011001101 1
11110111011101110 1
11100111011001111 2
11100111111101100 1
11010110011111101 1
11001110110111111 1
11000011111101100 1
11111111111000100 1
10101111111111100 1
11000110111001110 1
11111111111111101 1
11101110110001110 1
11101111010001101 1
11100110111100111 1
11001010011101110 1
11101111111101100 1
11101111011100100 1
11101010011101100 1
11100111011111111 2
11101111011100111 1
11111110110001110 1
01111111111101101 1
10011110011001110 1
01111111111111111 1
11001110111101101 1
11011110011101111 1
11111110111010101 1
11011010111101111 1
11010111111101111 1
