11100111111101111 5
11101111111111101 3
11101111011001101 18
11110111111100101 1
11110110011110101 1
11101110011101100 3
11101101011101101 1
11101111011101110 6
11111110011001111 4
11110111011101101 4
11101111111101101 5
11111110111111111 1
11110111011001101 3
11101110111101101 11
11101110111101110 13
11111110111101111 4
11101110011101101 7
11101110111101100 4
11100111111111101 1
11101110111011101 3
11111110111101110 4
11111110111101101 5
11110110011101101 3
11111111011101101 4
11101111111101111 6
11110111011101100 2
11111111111101001 1
01101110111101100 1
11111110011101111 3
11110111011100110 1
11111110011011101 4
11111111011111101 4
11110110110001100 1
11111110011001101 8
11110111011001111 5
11100110111101111 3
11111110011101101 6
11101111111101100 4
11110110011101111 1
11110111111101100 1
11010111011001110 1
11111111011101110 4
11100111011111110 1
11011111011101110 1
11010011111101111 1
11111110011101110 5
11011110111100101 1
11101111111001101 18
11110110111101100 2
11110110111001110 3
11110110111101101 3
11100110111111110 2
11001110011101111 2
11110111111101101 2
11101111111111110 1
11101110111001110 15
11010110011001101 1
11110111111011111 2
11100110011011110 2
11100111011101101 5
11100110011101101 5
11111111111101101 7
11100110111101110 3
11101111011101101 9
11100110111001101 12
11110111111111001 1
11110111111110101 1
11101111011101111 4
11001111011101110 1
11111111011011110 2
11111111011101100 1
11111111011001110 5
11111110111001110 5
11100010111101101 1
11111111010101111 1
11111110111011111 1
11111111011100010 1
11110111111101111 2
11111110111100101 1
11111111111001111 17
10101111011101111 1
11011110011011111 1
11101110001001110 1
11101111111101110 7
11110110011111110 1
11100111111101110 2
11100111011101001 1
11100110011111110 1
11101111011001110 12
11011110111101101 1
11010111111001110 1
11101110011000111 1
01111110111001100 3
11111100111001101 1
11101110011001101 17
11111110011111101 2
11110111011001110 2
11111110011111111 1
11110110011111101 2
11100111011101110 2
11011111010100110 1
11000111111011101 2
11100111111101100 2
11111111111001101 5
11111110011000111 1
11111111111101111 3
11101110011111100 1
11110110111101110 1
11100110111101100 2
11101110111001101 24
11101111011111111 2
11111110011101000 1
11110111111001110 7
10101110111000100 1
01101111011101110 1
11001111111101010 1
11111110111101100 1
11111111011000101 2
11101011111111111 1
11100111011001101 9
11101111111100000 1
11100111111101101 3
11101110011101111 4
10111110111101110 1
11110110011001111 3
11100011111101110 2
11110111111101110 2
11101111011100101 1
11111111111011101 3
11011110011100101 1
11101110011111101 2
11111100111101100 1
11101110011101110 2
11100110111101101 3
11100111111111100 3
01111110011000101 1
11101111011100110 2
11001110111101111 1
11100111111111110 2
11100110011101111 3
11011111111101101 1
11111111011100101 1
10111111111101110 1
10110111011101111 1
11101111011101100 2
11111110111001111 8
11100110011111101 1
11101110011001110 13
11101110111101111 5
11100111011101111 1
11111111011101111 3
11110111111001100 1
11101110111111110 1
11101110111100100 1
11101110111111101 2
11111111111111101 1
11100111111001111 12
10110111111110110 1
11011111011011111 1
11111110011111100 1
10110111011101110 1
11100111011111101 1
11111111111001110 11
11100111111001101 13
11101111111001111 22
11110110010011110 1
11101110011001100 6
11101110111001000 1
11111111011001111 4
11100110111000100 1
11100110011011101 2
11011111011001111 1
11111110111001100 2
11100010111001101 1
11111010011001110 1
11101110111000101 2
11100111111001100 6
11100110111111111 4
11101110011111111 1
10111111111001100 1
11101111111001100 9
11100110111011110 6
11100111010001101 1
10100110011001110 1
10110111111001110 1
11100110011001110 12
11100111111000110 1
11100111011001110 4
11101110011011101 2
11111111011011101 1
10110111001001101 1
11101110111001111 8
11000111011011111 1
11101111011011110 1
11100110111001111 9
11111010111001101 1
11110110111011111 1
11001111011011111 1
11101011011001111 1
11111111011010101 1
11100110011001100 5
11101110111011111 1
11100110111011101 4
11111110011001100 2
11110111011111111 1
11100111111000101 2
11010110111001101 2
11111110011011111 1
11101110011001111 15
11010110111101110 1
11011111111001101 1
11111110111001101 8
11101111111001110 20
11110111011101110 1
11100111111001110 10
11101111011011101 2
01111111011101110 1
11101111011001100 10
11001111111001110 2
01110110111001110 2
11101111101001110 1
11100110111001100 3
11001110001001100 1
11101111111011100 3
11100110111001110 8
01100110111001111 1
11100110111011111 1
11100110001111101 1
11101111111011110 1
11100110111011010 1
11101111111111111 1
11101111111000100 3
11101011001011101 1
11111110101001110 1
11100110011001101 6
11110110011001100 1
01101111011001101 1
11101111011001111 8
11110111111001101 6
10110110111001110 1
11011111011000110 1
11111111111111111 2
10101110111001110 1
11111110011000110 1
10100111111001101 1
11101110111011110 1
11101111011011111 2
11100011111111101 1
11110110110011110 1
11011110111001111 2
11000111011000101 1
11011111011001101 1
11000111111001111 1
01101111111000101 1
11100010111001111 1
11101110110111111 1
11011111111101111 1
11011110111111110 1
11110111011000101 1
11001110111001101 1
11101111110001110 1
11101111111011101 4
11010110011001111 1
11100111110001101 1
10101011111000110 1
11111110011101100 1
11010110111111110 1
11100110011011100 3
11100110011000101 2
10111110011001101 1
11001111111001111 1
01111110011001101 2
11100111011011101 2
11100101011001110 1
11110110011001110 3
11100010101001100 1
11100111111011101 2
11101110111000100 1
11100111010111100 1
11100110011110101 1
11111111011000110 1
11100111011001100 4
11100111011001111 4
11100111011010100 1
10101110011001111 1
11001110011001101 1
11100111111010100 1
11110110111001101 4
11101111011000101 3
01111110111001110 1
11101110111001100 3
11100111011100101 1
01111111011001110 1
11101011011001100 1
11110111011001001 1
11101111011111101 2
11101010011001101 1
11101011111011111 1
11100111111001000 1
10101110010001100 1
11101111011000110 1
11110010111001110 1
11101111011011100 1
11110110111001100 2
11101110111000111 1
11111111011001101 9
01000111111001100 1
10110110111001101 2
11100110011001111 1
10111111011001111 1
11011011111101111 1
01111110011001111 1
11000110111001100 1
11101110101000100 1
11010110011001110 1
11011110010111101 1
11110110111001111 1
11101111111000101 1
11111111111011111 1
11011110011001101 1
11011010111001101 1
01100111111001100 1
11110110011000101 1
11110011111001100 1
11111111010111110 1
11100110011101110 2
11101110011000110 1
11101111111100100 1
11110111111001111 1
11101011011001110 1
11101011111001111 1
11110111110001101 1
11001110011001100 1
11101111010011110 1
11101110110001110 1
11101111111000110 1
11101110011011110 1
11011110111001110 1
11101010101000100 1
11110110011001101 1
11110111111011101 2
11100111111000100 1
11101110011010110 1
01000110011001111 1
11111110111000110 1
11001111011101111 1
11111111111001100 1
11110111111111111 1
11111111101111110 1
11101111010001111 1
11001110111101110 1
11111110111011101 1
11111111001100110 1
11010111111111101 1
01111111111001101 1
01111111011001101 1
11111010011001101 1
11100111011011100 1
11110111011011101 1
10111111011001101 1
11111110111000101 1
11100111011000101 1
11101111111001000 1
11110111111011110 1
11111111111100100 1
11100110011111111 1
11100110001001111 1
11111111011001100 1
11100111111011111 1
11101010101001111 1
11101111111100101 1
11001111111101110 1
11001110101111111 1
11101111111000111 1
10100111111001110 1
11110110011101100 1
11111111011011111 1
11111111111000100 1
11111111011000100 2
11111110111111100 1
11110111010001110 1
11110111011001100 1
11001110011111110 1
11000111011001110 1
11101110001101101 1
11100110111001001 1
11100110111011100 1
11111111011000111 1
11011110011001110 1
11111110111011100 1
11110110011011111 1
11001110111111111 1
11101111011000100 1
