11111110111001111 18
11111110011111101 3
11111111111111111 12
11111111011001111 10
11111110111101111 12
11110111011001111 8
11110111101001100 2
10111100011101100 1
11111110111011111 6
11111010110101111 1
11110111111011100 10
11101111111101111 4
11111111111001100 10
11111110111101100 8
11111110111101101 2
11110111011001100 10
11111111111010110 2
11111110111111100 14
11111111111101100 9
11111110011101110 5
11111111111001111 8
11110110010001101 1
11111110011001111 8
11101111011001100 3
11110111011111100 14
11001111011011101 1
11111110011111111 6
11101111111011110 2
11110110111001111 8
11111110000001111 1
11111111011101110 5
11111111101011101 2
11110110101101100 1
11111110101101100 1
11111110111001100 6
11111111011011101 3
11111110110001110 2
01100111011101100 1
11111110011001100 7
11110111111111100 13
11100110111101100 4
11111010101011111 1
11110110111011110 9
11111110011101100 9
10111110011111110 1
11111111010111110 1
11110110011011111 7
11111111011101100 9
11111111011111100 6
11111111111111100 9
11111111111011100 10
11110110001011111 1
11101110011001100 2
11110110101001111 1
11111110111111111 10
11110110011011100 4
11110110011011101 1
11111110011111100 11
11111110101001100 2
10101110011101111 1
11111111111101110 4
11111110010001111 1
11111110010011100 1
11101110111101111 3
11110110011101101 2
11111111011001110 5
11110111011011010 1
11011110010011111 1
11101110011111100 3
11111110111111110 1
11110111011111110 3
11101110111011100 1
11111110011011100 6
11110111001001101 1
11111111111101111 6
11110110011001110 6
11110110111111111 6
11110111111011111 2
11110110011011110 1
11110110101111110 1
11111100111001101 1
11110110111001100 11
11101111010011110 1
11011111111001100 1
11100111101001100 1
11101010111101100 1
11100110011111100 3
11100110011001111 2
11100111101001111 1
11100110011011111 1
11110110011111100 9
11111110111011100 7
11110110011100110 1
11110110011101111 2
11110110011001111 7
11111110111001101 5
11110110111011111 8
11110111111001111 5
11110110001111111 1
11110110101111100 1
11110111011101111 10
10111010111111101 1
11110111011011100 6
11111110011101101 5
11111110011110111 1
11110111101111100 2
11101110111111100 1
11110110111101110 3
11111110111011110 4
11110111011011110 2
11110011011011100 2
11110111011001110 6
11110110111011100 8
11110111011101100 6
11100110111111110 2
11110111111011110 3
11110110110001100 2
11110111111111110 3
11111110111101110 6
11100111011111100 3
11110100011011100 1
11101111111111100 2
11110111101101100 1
11111111101101111 1
11110111111001110 1
11110110011101100 8
11111010111101100 1
11110111111001100 12
11110111110111100 1
11101111111011111 1
11110111111111111 7
11111111111111110 1
11110110111111101 4
11110110101001100 4
11110100111011110 1
11011110111111111 1
11110110111101111 8
11110110010011111 1
11110111011110111 1
11110111001111100 1
11111111111111101 4
11110111100001110 1
11100110111111100 1
11110110111101100 7
11100110011011100 2
11110010011101110 1
11011111111011111 1
11010111111011100 1
11110110001111110 1
01110110111011111 1
11111110110001111 1
11101111111001110 1
11111010111001111 1
11111111011101111 4
11110111111101100 5
11110110011001101 1
01111110111011110 1
00111110111011101 1
11100110011101111 2
11110110111001110 6
11110110111101101 2
11101110110001110 1
11110110011101110 3
11111111110111111 1
01110111011011110 1
11110111111101111 5
01110111011101100 1
11100110010011111 1
11110111011111111 6
11111111001111100 1
11110111111111101 3
11111111000011110 1
11110110011111111 7
11110110001011100 3
11110110101011100 2
11110111110001111 1
11110110110011100 1
11110111111011101 1
11101110010001100 1
11110111001101110 1
11110111111101110 3
11110110010011101 2
10110111111111100 1
11010110111110111 1
11101110111100111 1
11110111011101101 2
11011111011111100 1
11001110011011100 1
11110110111001101 5
11111110011101111 4
11110100001001100 1
11110110111111100 4
11111111011001101 2
11110110011111110 1
10110111011101110 1
11110110001101100 1
10110110111011101 1
01110111111111101 1
11110111111101101 2
01100110111001100 1
11111110011011110 4
01110110111001100 1
11100111111011110 1
11100110111001100 2
11101110111111111 1
11110111101101110 1
11110110001111100 2
11100110111001110 2
11111111111101101 2
11110110110111101 1
11111111011011110 2
11110110011001100 7
11110111011011111 4
10110110001011101 1
11100110011011110 2
11110111001001110 2
11110111110101111 1
11110111011101110 3
11111111110101100 1
11110110000101100 1
11110111001101100 1
01101110011001100 2
11101110011011100 2
11110110111111110 2
11111110110011100 2
11111110110001100 1
01110111111111110 1
11111110010001100 1
11100111110111100 1
11010111111101100 1
11111111011011100 3
11110110010111101 2
11100111111111111 2
11100110110011100 1
11110110011111101 1
01101110111001111 1
11110111001001100 1
11111110001111100 2
11100010011001111 1
11101111011001101 1
11111010001111110 1
11111011111111100 1
11101110111001111 1
11100111111101100 1
11100111111001111 1
11110110011000110 1
11111110010001101 1
01100111111101110 1
11111100011011110 1
11101110111101100 2
11111110101111100 1
11111111111011111 4
10100111111001110 1
11111110110101111 1
11100110111011100 1
11111011111001100 1
11101111111111110 1
01110110111101100 1
11100110011101101 2
01101110111101100 1
11010110101001110 1
01100111111011100 1
11101110011001110 2
11111101101011100 1
11111111010111101 1
11110111001011111 1
11100111111111101 1
11110101011001111 1
11101110111001110 1
01111110011111111 1
11111110101111111 3
11011110010111111 1
11111110111111101 6
11111111011111110 6
11110110001011101 1
11100111011011100 2
11110110110111100 1
11110111011111101 1
11010111111001100 2
11111110101011100 1
11100110111111101 1
11111111111001101 1
11110111001101111 1
11111110001101111 1
11101111011011100 2
11100111111111100 2
11111110011001110 4
01100111001001111 1
11101110011101100 2
11100111111001100 1
11111110001011101 1
11011110111101100 1
10100110011011110 1
10101110111011111 1
11101111111011100 2
11111110010011111 1
11110111010101100 1
11111111101111111 3
11100110001011101 1
11110111101011110 1
11101111101101100 1
11110110010101101 1
11111111110001100 1
11011011111101111 1
11111111011010110 1
11110010111111100 2
11100111011011110 1
11111111101011100 2
11110111010111111 1
11111111011001100 4
11111111101111101 1
11111110001000110 1
11101110011100110 1
11111110101011101 1
11111010111111110 1
11111111001101111 1
11111111001011111 1
01110111101001111 1
11111110001111110 1
11111110010101111 1
11111110101011110 1
11111110111001110 2
11011110111001100 1
11100110011010110 1
01110111111011101 1
11101111011001011 1
11111111101001111 1
11110011111001100 1
11101111011111110 1
11111010111001100 1
11110110111011101 1
11111111111011110 5
10100110101101100 1
11110111011101000 2
11100111001001111 1
11100111011111111 1
11111011111011100 1
01100110011001110 1
11100110001001110 1
11110011001011111 1
11100110111011111 2
11111110111000110 1
11111110011011111 4
11100110111101111 2
11111110110101100 2
10111110011001100 1
11011110011111100 1
11100110101011101 1
11101110110011110 1
11111110011111110 1
11111110011100110 1
01101110111101101 1
11111111101111100 1
11101110111001101 1
11111111101001110 1
11110111111101001 1
11101111111001111 1
11111111011111111 3
11110010111001111 1
11111111011011111 3
11111110010101110 1
11101110111001000 1
01111111011011100 1
11000111010001100 1
11100110001001111 1
11101100001111110 1
11100111111011111 1
11111111110011100 1
11110110001001111 1
10100110111101111 1
11011110111111110 1
11111111010111100 1
11110110010111100 1
11111110111011101 3
11100110101011110 1
10111111011011100 1
11111111010011111 1
11111101111011101 1
11111110010111110 1
11111110001101101 1
11111010111101110 1
11110111101111111 1
11000111111101111 1
11100111101100100 1
11110100011111101 1
11100111011111110 1
11111111001101110 1
10110111011111111 1
01111111111011110 1
11111110110111111 1
11111110001011111 1
11101111101101111 1
11011110011001100 1
11101110110001100 1
11111110001001100 1
01111111110001101 1
11111111111001110 1
11100111011001100 1
11100111111111110 1
11100111011111101 1
11111110111101010 1
11111111100111110 1
11111110001011110 1
11110111011001101 1
11110111110101100 1
11000110111111111 1
11111010111111100 1
11110111110011110 1
11100111111101111 1
01111110101011110 1
11011110011011101 1
11111110001101100 1
11110111101101101 1
11110100011001100 1
11111011011011100 1
11101110111011111 1
11111010111001101 1
11101111101011100 1
01101110001011111 1
11010110111011101 1
11101111111101100 1
11101110101001110 1
11111111111011101 1
