11110110011001100 7
11010110011101100 1
11100111111001111 4
11000110011001100 1
11111111011001100 6
11111111011001111 7
11110111010111100 1
11111111111001100 5
11010100111111100 1
01110110111101100 1
11001110011001111 2
11100110011101111 5
11111111011101100 16
11101110001111100 1
11101110111101111 9
11110110111111111 7
11111110011011110 1
11111111011101101 1
01111111111001100 1
11010111111111111 1
11110111011101110 6
11100111111001110 4
11111110111001100 8
11100110011111100 3
11100110111001111 6
11110100111011100 1
11101110011101111 12
01001111111001111 1
11001111111011110 1
11110111111101100 10
01101111111101100 1
11110111011101111 15
11100111111101100 3
11001110011101111 4
10110110111101100 1
11010111011111100 1
11100110111101100 5
11111111011101110 6
11111111011001110 2
11110110111101100 6
11101111011001111 2
11110110011001110 4
11110110011111111 2
11101111011101100 4
11110110111000110 1
11110111101001111 2
11111110011101100 10
11001111111001100 1
11001111011101111 8
11000111111001100 1
11011111111101110 1
11110110011101110 9
11111110111001110 2
11101110011001100 5
11100111011101100 3
11111111111101100 10
11001110011011110 1
11110110111001100 6
11110110111101110 7
11111110011101111 8
01111111111101110 1
11100110011111111 2
11000111111111111 1
11000111111101111 3
11110110101011110 1
11011111111111100 2
11000110111101110 2
11100111011001110 1
11000110011111111 4
11111110111101100 6
11000111011101111 1
11101110111001110 2
11000110111101111 4
11111111111011110 2
11110111111101010 1
11001110111101111 5
11110100011111111 1
11011110111111111 2
11111110011101110 6
11100011011111111 1
11110111011111111 6
11010110011101110 1
11111110011001101 2
11110110111001110 6
11111111111101111 18
11111111111111110 1
11100111111111000 1
11001111011001110 3
11101111111001100 2
11101100011001111 1
11110101011101111 2
11111110011001111 8
11111111111001110 3
11101111111101100 2
11110111111101111 17
11100110111101111 7
11001111111101111 5
11101111011101111 10
11101110011111111 1
11110110011101111 12
11011110011101111 2
11101101111101100 1
11111111011100100 1
11101110101101110 1
01100110111101100 1
11111111111001111 6
11110110111101111 12
11111111011111111 3
11110101111101110 1
10101110111101111 1
11110111010111111 1
11011111011101110 1
11111110111001001 1
11100110111001100 5
11000110011001011 1
11110111011001100 8
11111110111101110 6
11110111111101110 6
11001110111001101 2
11101110111001100 4
11111111111001101 2
11001110011101110 2
11110110111111110 1
11101111111001110 2
11000111111110100 1
11111110111001111 2
11110110001001100 1
11001111011011111 2
11100110011111110 2
11111110011001100 8
01101111111011111 1
11100111111111100 4
11101111110001111 1
11111110111101111 9
11010110011101101 2
11100111011101111 12
11101111011001101 1
11000110011101100 2
11011101011111111 1
11000111111001111 3
01111110111111110 1
11010110011101111 2
11111110011111100 4
11001111011101101 1
11100111011111100 2
11101111011111110 2
11110110111111100 4
11100111111101110 3
11111111111111111 8
11111111011101111 11
11001111111111110 2
11110110111101101 3
11110111111111100 3
11111110011101101 1
11100110011101100 5
11110101011101100 1
11101111011101110 4
11000111111101110 3
11001111011111101 1
11011111111101111 3
11110111011101100 8
11110110011111100 4
11000111111101101 1
11011110111101100 2
11100110111101110 3
11111111111101110 4
11111110111011111 1
11000110111001100 2
11101110110101100 1
10101111111001111 1
11111100011110111 1
11111111001001000 1
11101111101100100 1
11110111011001111 8
11110110011111110 2
11000111011001100 1
11100111111001100 3
11101110111101110 3
11111111011011111 1
11110111111001100 11
11100111011001100 3
11110110011011111 3
11000111011101101 2
01110111110001100 1
11101110111011110 2
01110110111101111 1
11110111111111110 6
11000111111111100 1
11101111111111100 1
11111110011111110 3
11100111111101111 4
11000011011001111 1
11001111011111111 1
11111110011111111 3
11000111011101100 5
11001110011101100 3
11001111011001111 1
11111110111111100 5
11101110111001101 1
11100100011111111 1
11110110110101100 1
11100111111111111 3
11100101011101111 2
11100111011111111 5
11110111111001101 2
11001100011001100 1
11110111111001110 3
11101111111101101 1
11101111111101111 6
11111101111101110 1
11001110011111110 1
11110110011110100 1
11110111001111110 1
01010110111001111 1
11101110011101110 2
11101111111001111 3
11111111111011100 1
11101111011011100 1
11101110111101100 3
11111110011001110 2
11100110111110110 1
10111111011101100 1
11111111011011100 1
11000110111011111 1
11100111011001111 3
11011110011111100 1
11110111001111111 1
11000110011001110 2
11100110011001111 3
11111110111111101 1
11110101111101100 1
11011110111111100 1
11111100011101100 2
11111110111111111 3
11101111111111110 3
11001110111111101 2
11100110001101100 1
11011111011111100 2
11010111111101011 1
11101111011001100 1
11000110011101111 3
11000111011101110 1
10110110111101110 1
11101110111101101 2
11110110011101100 11
11100110001101101 1
10010111011101110 1
11101110101111110 1
11000110011101101 1
11100110111101101 2
11110111011100111 1
00010110011111100 1
11010110111101100 1
10111110011101111 1
11110111111111111 2
11000110011111100 1
01001110001111111 1
11100101010101100 1
11110110011111101 1
10001111011101111 1
11110110111011100 1
11110111110111111 1
11101010111101111 1
11110111010111110 1
11010111111001100 1
11101111011111111 3
11010111011101111 1
10101111011101111 1
11101110111001111 2
11000110111001111 1
11101110011001110 1
11000110110001100 1
11001110111001100 1
11110110111001111 7
11110111111001111 3
11110111111011111 1
11110110111011111 1
11101111011001110 1
10100110011101110 2
11100111111011111 1
11101100111111111 2
11101110111111111 3
11110110110111111 1
11101110011101100 2
11110101011111111 1
11100110111111101 1
11100110111111111 3
11000010111101101 1
11111101011001110 1
11111111011110111 1
11111111011111101 2
11111101011001100 1
11000111110101111 1
11110110010011110 1
11011111111001111 1
10110111011101110 1
11001110111111110 1
11110111010101110 1
10101111111101111 1
11000111011111110 1
11011111010111111 1
11110111011111101 2
11111010011111110 1
11101111111101110 2
11111101011101100 2
11011111011111111 1
11001110001111100 1
11100101111001100 1
11111111011101011 1
11110110010101111 1
11001111011101100 1
11111010011101100 1
11011111010111100 1
11001110011111100 2
11110110111101000 1
10110100011101111 1
10100111011111100 1
10110110011101100 1
01111110011101100 1
11111110111111110 1
01101111011101111 1
11111111011111100 1
11110111011111100 1
11011110011101100 1
11101111011111100 1
11001110111101010 1
10110111011101101 1
11001101011011110 1
01101111111101111 1
11011111011101100 2
11100110110001111 1
11101111010111101 1
11100110111110100 1
11001100011111110 1
11000110111111100 1
01100111011101111 1
11111111111101101 1
11111111011111110 1
11110111101101110 1
11100110011001100 1
11110110111011110 2
11110111101111101 1
11001111111111101 1
11110111111000111 1
11100100111001111 1
11011110111001100 2
11100111111001101 1
11110110110111110 1
01000110111001111 1
11110111011011110 1
11110111111011101 2
11111110101101111 1
11111110101111100 1
11100110011101110 1
11010110011111111 1
11010110011111101 1
11110111001101110 2
11111111111011111 1
11110111011111110 2
10100110011101111 1
11101111111111111 1
11000110011101110 1
11110110010101110 1
11101110011111110 1
11011111111111111 1
10100111111101100 1
11100110111001110 2
11111111111100111 1
11110100111111110 1
11110111001101111 1
11001111111101110 1
11111100011001111 1
11111111101011111 1
01111110011001100 1
01001111011001111 1
01010111011001100 1
11111100011101111 1
11110110011001111 2
10001110011001100 1
11110110011101101 1
11001110011001110 1
11111111011011110 1
11110100011111110 1
11111111111111101 1
11110110111001101 1
11101111011101101 2
11100111011011111 2
11101111111011101 1
11010111111111100 2
11111111111000110 1
11100111110101110 1
10101111011001111 1
11101110010001110 1
10100111011001110 1
11010111011001111 1
11110111011001110 3
11001111011001100 1
11110110110001100 1
11001111111001111 2
10010111111101111 1
11000101011111110 1
11110111011101101 1
11111111111111100 1
11101110111011111 1
11101110011101101 1
10101111111011111 1
11010110111001100 1
11100100011101100 1
11111110011011111 1
11011111111011111 1
01100110111101111 1
11000110111101101 1
11100111011001101 1
11101111001001000 1
11111110011011101 1
11111111001111111 1
11000101011011110 1
10111110111101111 1
10111111011101111 1
11101101111111110 1
11110111011001101 1
11000101111101111 1
11011110011101010 1
11110110111111101 1
11101101011001111 1
11000100111111111 1
11010111111101110 1
11110111111000110 1
