11111110101101110 4
11110110011001110 5
11100111011001110 11
11111111001001110 17
11101111111001110 4
01111110111101100 1
11110111011000110 1
11110111011001100 6
11111111101101100 2
11100111001001100 1
11111110011001100 14
11111111011001100 17
11110101011101110 1
11111110011001110 24
11111110111001110 25
11101111111001100 7
11111110001111110 2
11111111111001110 27
11101101111001100 2
11110100111001110 1
11111110111001111 5
11110110011101110 2
11101111011011110 5
11101110111011100 2
11101110011101100 4
11111110001001110 8
11111101111001110 5
11101110111001110 11
11111111001011110 2
11100011111101110 1
11110110011001100 8
11101111011001111 1
11110111101001100 4
11100101111001110 1
11111110111001100 24
11111110101001110 7
11111111001011100 2
11100111111001110 9
11111110101011110 1
11111111011001110 24
11100111011101110 2
11101101111001111 2
11111111011011111 1
11001110111101111 1
11100111011011100 2
11111100000011110 1
11101111011111110 1
11101110111001100 8
11111110001011110 2
11110110101001111 2
11111100111001110 2
11111101011101111 1
11101110101011110 1
11100110011001100 11
11101110011001111 2
11111110011101110 4
11111101001011110 1
11100110001001110 4
11111111011011110 4
11111110111011111 1
11111111111101111 1
11110111011001110 8
11100111111101110 2
11110100001111100 1
11111011101001110 1
01110111111001100 1
11111100011001110 5
01101111011001100 1
11111100111001100 2
11111101011001110 3
11101111001101110 2
11101111011001110 11
11000101111001110 1
11111111011101111 1
11100101011011011 1
11110000111001100 1
11111010111001110 1
11110101011001110 1
11101110011011110 1
11100110011101110 4
11111111011101100 4
11101111001001110 4
11101110111101000 1
11110111011001111 2
11111110011001111 2
11101110011111111 1
11110110111011111 1
11111111101001000 1
11110111001001110 2
11011111000111100 1
11100110101101110 1
11110100111011111 1
11101110111101100 3
11111110110001100 1
11111111011001101 3
11111111101001100 7
11100111011001100 2
11101011101011110 1
11100110011001110 4
11101110101001110 3
11001110011001100 1
11101110111101110 2
11110101011001100 1
11110110111001110 15
11101100011001111 2
11101110101001111 1
11111001011001110 2
11111111101111110 1
11111111010111110 2
11111111001110100 1
01101111001001110 1
11110100011001100 8
11101110010001110 1
11111110011011110 3
11111111101001110 8
11101111111001101 1
11111110111101111 1
11110111001101100 1
11111110110111110 1
11101111011000100 1
11111010101001110 1
11110100011001110 1
11111111011001111 4
11111111001001100 4
11110110001011100 1
11111100011111110 1
11101111001001100 2
11111111011111100 2
11111110001001100 8
11101101111000110 1
11101110001001100 4
11101110001101100 1
11111111110101100 1
11110111011001101 2
11111110101001101 2
11110111101001110 5
11100111101001100 1
11111111111101100 6
11100111111101100 2
11111110001101110 1
11100110111001011 1
11100110111001110 8
11111111100001100 1
11110110011101100 1
11111111111001100 17
11110100111011100 1
11111111011111101 1
11111101001001110 3
11100110011001111 3
11110111011101100 1
11110111001001100 3
11110110001001100 3
11111010011001110 1
11110110111011100 2
11101100111011100 1
10101110011001110 1
11101110011001110 13
11111101111001100 4
11101100011101110 1
11101001101011100 1
11111111111001111 5
11101110011101110 1
11110110111001100 7
11100100111001100 3
11110111111001110 14
11111101100111110 1
11111101101101110 1
11100110111011110 1
11101101011111100 2
11111101011001100 4
11110110001001110 2
11110110101001110 2
11110100101001110 3
11101100111001110 2
01100110111001100 1
11111110011011100 3
11111110101111110 2
11111101001111100 1
11110011111001110 1
11111110001011100 1
11111101101101100 1
11111111111011110 3
11111111011000100 2
11101111011001100 4
11101111111011111 2
11101111001011110 2
11100101001101110 1
11111111101011110 1
11110101101001100 2
11101011111001110 1
11000101001001110 1
11100111001101110 1
11110101011011100 1
11110110101101100 2
11111111101111100 2
11100100101001100 1
11101110011111110 3
11101110111101101 1
11111111001001111 3
11111100011001100 4
11111101110111100 1
11101101001001100 1
11001111011001110 1
11110110010011110 1
11110111011000011 1
11101111111001111 6
11111110011101100 2
11110111111011100 1
11110110111101110 1
11111111111111110 2
11110111101011110 1
11100111111011110 1
11101111011101110 1
11110110111001111 2
11100100011001110 4
11001110011001110 1
11110110011011110 1
11100100100001100 1
11111101111111110 1
11101110111001010 1
11101111111101111 1
11100110111101100 2
11110111111001101 1
11110000101111100 1
11111100001001100 1
11111111111001011 1
11100111001011110 1
11111110111001101 2
11101111111011110 3
11110110111011110 4
11111100011011100 1
11111110111111100 2
11111111111011100 3
10111110111101110 1
11111111111111100 2
11101111111101100 2
11110110101001100 1
11111110001001111 1
11100111111001100 4
11101110001001101 1
11101101011001100 3
11111110111101110 6
10110111011001100 1
11110101101001110 2
11100111111001111 1
11101110111001000 1
11101111011111100 1
11111110111011110 3
10100110010111100 1
11100110111001100 4
11110110010111100 2
11101101001001101 1
11111110111101100 1
11110111110111110 1
11111111011101110 3
11000110111001100 1
11110111111101101 2
11110110001101111 1
11110101001001100 2
11101110010111100 1
11110111111101100 1
11111101101111110 1
11111110111111110 3
11101111101111100 1
11110111011001011 1
11100110001001100 1
11111101111011100 3
11101110011001100 4
11101111101001100 4
11111110101011100 1
11110110011001101 1
11101111110001110 2
11110010011001100 1
11101110110101110 1
11111101001001101 1
11101100001101110 1
11111110010111100 1
11111110111101101 1
11101101011001110 1
11111110110001110 1
11101111110001100 1
11110111111011111 1
11111010111101100 1
11101100011001110 4
11111111011011100 1
11110111111001100 4
11101111111000101 1
11100100111001110 1
11100011011001100 1
11101110101001100 3
11110111011111100 2
11111111011111110 3
11100111011001000 2
11111111010001110 2
11100111101001110 2
11101111101101100 2
11111000111001100 1
11101100111001100 1
11111110101111100 2
11111110101001111 1
11101110101111110 2
11111100000101100 1
11101100111101100 1
11101100011001100 3
11111101001101111 1
11111111011010100 1
11101111110011111 1
11100111101001111 1
11111110101001100 6
11100011111001100 1
11110110001000111 1
11101111001001111 2
11111110011011111 2
11000110011001110 1
11101000001001110 1
11101111111111100 2
11111101101011100 1
11111110111001000 1
11100010010111100 1
11100100011001100 1
11101111110111100 1
11100110101001110 2
11111100001001110 1
11101111011011100 1
11110101111101100 1
11101111111011100 1
10101111011001101 1
11110111111001111 1
11100101111001100 1
11101111100101100 1
11100101011001000 1
11111011101001100 1
11100101011001110 3
11111110011111110 1
11110100111001100 1
01100111111001111 1
11101101101101110 1
11110100001101100 1
11111111111000110 1
11111100101011110 1
11110111011101110 3
11100101111001111 1
10111100011001110 1
11111110011001000 1
11111101111101110 1
10101111101111100 1
11100111011101100 1
11111101101001100 2
11101110110111110 1
11101110001111110 1
11100110101001100 2
10100110011101110 1
11100111011111100 1
11111100011101100 1
11110100011001111 1
11100111011101111 1
11011100111111110 1
11101111001111110 1
11111100010011100 1
11111010001001100 1
10111111011001100 1
11110111110001101 1
10101111011001110 1
11111110001111100 1
11101110101101111 1
11110101111111111 1
11111100111111100 1
11111110111000110 1
11110110011011100 1
11101111101001001 1
11110111011011110 1
10100111011001111 1
11111100101001110 1
11111100100001110 1
11101100101001110 1
11101101110001100 1
11110110111111110 1
11100101111111110 1
11111110011001101 1
11100111111000111 1
11100110101011110 1
11110101001001110 1
11111111101101111 1
11100110001101110 1
11101111010101100 1
11101110111011110 1
11111111000101110 1
11100111101111110 1
11101111001001010 1
11100101101001110 1
11101011111101110 1
11101011111001111 1
11111111001101100 1
11111100001111100 1
11110101101001101 1
11100110011111100 1
11111100110001100 1
11101111011000110 1
11100111101001101 1
11111100011011110 1
11101111101001110 1
11111111101000111 1
11100101111101100 1
11111110001001001 1
11110110001101110 1
11111001001001110 1
11100110111001111 1
11110101111001100 1
11111110011111100 1
11110110110111100 1
11101111101011110 1
11111111101011111 1
11001111111001110 1
11000111011101110 1
11100011111001110 1
11110111110001110 1
11111110011000110 1
11111110011100110 1
11111110111010110 1
11111111011100111 1
11101110100101110 1
11110111111011110 1
11100111101000110 1
11111110101101101 1
