11101111111011100 14
11101110111001111 1
11100110011111000 1
11111111111111110 6
11101111011111111 4
11110110111001100 4
11100111011011100 6
11101111111101110 2
11101110111111110 7
11110111011111110 4
11110111011011100 12
11100111011111100 6
11110111011001100 4
11111110011111111 2
11101111111111100 6
11110111111111000 1
11100111011111110 6
11110010111111111 1
11100111111111111 5
11101110111111101 2
11111110111111110 6
11101110111011111 10
11110111111001110 2
11100110111101100 1
11110111011101110 2
11101110111111100 15
11110110011111100 6
11101110111101100 7
11100110111111101 6
11101110011111100 10
11110110111111111 3
11100110011011100 7
11111110011001111 2
11100111111001110 1
11111111111111100 11
11111110111011111 4
11101110011011100 9
11001110011111100 1
11101110011001100 1
11111111111011100 2
11101111111011111 9
11110110111011100 4
11101111011011110 6
11100111111011100 5
11111111111111101 5
11101110011111101 2
11100111011011111 6
11100111111011101 1
11110111111111101 1
11100111111011111 4
11101110111011100 8
11101110011011110 4
11101110011001111 1
10110111111010110 1
11101111111011110 8
11110110011101111 1
11100110111011111 4
11101110011011111 5
11110111111001100 4
11101111111111010 1
11101111011101110 1
11100110011111111 11
11111100011111110 1
11100110111011110 5
11111111011011101 2
11101111011111100 10
11111110111110111 1
11101111011100111 1
11101111111111101 3
11010010111111111 1
11101111011011111 2
11111110011011111 6
11100111011011110 4
11101110010111110 1
11111110011100100 1
11111111011101100 2
11110110011011100 9
11101110011111111 7
11100110111011100 10
11100011011001111 1
11111110011011100 7
11110110111111100 5
11110111111010110 2
11100111011001101 1
11111110011111100 5
11101110101111100 2
11110111111111111 5
11101111111011010 1
11110111111101111 2
11101110010101110 1
11100111111101110 5
11101111111111110 3
11101110111111111 6
11111111111111111 5
11111110011101100 1
11100110011001110 1
11111111011111100 10
11100110111111111 6
11101110110101101 1
11110110111111110 6
11101111111101100 5
11111110111101100 7
11100110011011000 1
11110101101111111 1
11110110111101100 4
11110111111011100 4
11110111111011000 1
10111111011101100 1
11101110111101111 2
11110110011001111 2
11101110111110111 1
11110111011111100 10
11101111011001110 1
11100111011101111 2
11100110111011101 1
11100111111011110 5
11110111111001111 1
11110111111101110 2
11100110111001100 1
11100110111001111 3
11110111011011110 5
11111111011010111 1
11110010011111111 1
11101111011111110 5
11110011111011111 1
11110111110101010 1
11101010101101101 1
10111110011011100 1
11111110111011100 7
11101010011001100 1
11000111111011111 1
11111111011111000 1
11111110011010100 1
11100110111101111 3
11101010111111010 1
11111110011011110 4
11101100111111110 1
11100111111111100 12
11101111101101111 1
11110111011101111 3
11100110101101110 1
11100111011001100 2
11101111111111111 7
11101110011011011 1
11001110111111100 1
10101111111001101 1
11111110111111111 5
11111111011011100 8
11100110011010100 1
11100111011101100 1
11101110011101111 4
11100011111011110 1
11100001111001100 1
11110010111111110 1
11111111011111111 4
11101111011001111 3
11111111011011000 1
11111110111011101 1
11111110111001000 1
11110110011011110 2
11100111111001100 2
11110110111011101 3
11111111011011110 4
11101111011101101 3
11100111111101100 3
11101110010111100 1
11111100011010110 1
11101101101111100 1
11101110011111110 4
11110011111111100 2
11110111011011101 5
11110111111011111 6
11111111011101110 2
11100111011111111 3
11101111111001101 1
11110111111111110 10
11100110111111100 13
11101111011010110 1
11100111011011101 3
11001110011010100 1
11100110011011101 2
11111110101111100 1
11111110111111100 5
11100111111001111 2
11100110011111101 2
11100011011001110 1
11110111111011101 2
11101111111011101 3
11111110111011110 3
11100110011111100 8
11101111111010110 1
10111110111011110 1
01111111111101111 1
11101111111110101 1
11110000111111100 1
11101110111001101 3
11111110011110111 1
11110111011111111 4
11111011011111111 1
11111111111001111 2
11100010011011110 1
11011111011111100 1
10101110111111100 1
11101110111110100 1
11111111011011111 2
11100011011111100 1
11101110111011110 2
11111011111011101 1
11110110111011110 4
11101111001001110 1
11101111011001100 1
11111110111111101 3
11100110111111010 1
11111111011101101 1
11100110111111110 7
11111110111001110 2
11111011011111110 1
11110110111101111 2
11111111011110101 1
11101111111001111 3
11110111111111100 5
11110111001001111 1
11111110011011101 1
11110101111011100 2
11101110111011101 4
11101110111011010 1
11101110011101110 2
11100110111001000 1
11100110011101101 1
11111111011001100 1
11100010111011111 3
11110110011101110 1
11100111111111101 3
11101111011011100 6
11100111111101101 3
11111111111011110 5
11101100111111100 1
11100100111111100 1
11111010011111100 3
11100110111000100 1
11111110011011010 1
11100110011011111 4
11011111111011100 1
11110110111011111 1
11100110011101100 2
11110110011111111 2
11111100111011101 1
11110110011111101 6
11101110011101100 1
11001110011011101 1
11100100111101100 1
11100101011110110 1
11100111010111100 1
11100110011001100 1
11111100011011101 1
11111110111101110 1
11101100011101111 1
11101110011001110 1
11111011011111100 1
10101111011111100 1
10111110111001101 1
11100010011111110 1
11100011111101111 1
11110110010110101 1
11100110011011110 4
11100010111010101 1
11110010111101100 1
11110111101111111 1
11111111011111101 3
11111110111001111 2
11101100111001100 1
11101011011111100 1
11110111011111011 1
11100111011001111 1
11100111011001110 2
11101010111011101 1
11001110111111111 2
11110010111010100 1
11101111011101100 2
11100101011011100 1
11110110011111110 5
11100111111111110 2
11100111111111010 1
11101111001101111 1
11100110011101110 1
11010111011011100 1
11110011111011000 1
11100011111111101 1
11111111001111100 1
11110110101001101 1
11100011011111111 1
11101110011010111 1
11010111011001100 1
11100011011010100 1
11101100111011101 1
11110111011011111 6
11101010111011111 1
11100101111011110 1
11111111111101111 2
11110110011011111 3
11101100111011110 1
11101101011111100 1
11100101111011111 1
11110011111011110 1
11111000111011110 1
11111111111011101 2
11110111011111010 1
11101011011011110 1
11111110011111110 2
11110011011110111 1
11101010011111100 1
11111100011001100 1
11110001011010110 1
11110101011001110 1
11100100111011000 1
11111110111111000 1
11110111011101011 1
01110110011011100 1
11110110011001100 2
11111111011010110 1
11111111111101101 2
11110111111011110 2
11101010111111111 1
11101110111001100 3
11111110011101111 1
11100110011111110 1
11110110011001110 1
11110011111001100 1
11100100011111111 1
11110101011111101 1
11100110111101000 1
11101111011101111 1
11000111011011100 1
11111110111001100 4
11111111111011111 2
11111010011011100 1
11111011111101110 1
11110110011101100 1
11100011111101100 1
11111111001011110 1
11110111111010100 1
01000111111001100 1
11010011111011100 1
11111010011101100 1
11100110011101111 1
11011110011101100 1
11111111011111110 4
11101111011011101 1
11100010111111101 1
11111111011000101 1
11111110011111101 2
11111111011111011 1
11110110111011010 1
11110010111011100 1
11101111010101101 1
11100010011011100 1
11110100111111100 2
11101111111001000 1
11111110011001110 2
11101011111111100 1
10110111011111110 1
11101110111101101 1
11111111111001100 2
10110011011101100 1
11101110111001110 1
11100111011110110 1
10111110111111111 1
11111110011101110 1
10111110011111111 1
11110110111101101 1
11111111111101100 2
11100111111110110 1
11111110011101101 1
11110111011111000 1
11100101011001110 1
11111111101111111 1
11110011111111110 1
11100010111111100 2
11111111111110111 1
01101111111101111 1
11111111111111011 1
11110111011101100 2
11101111111011001 1
11111011111011110 1
11101010011111110 1
11111110101111111 1
11110001011111110 1
11101010011101110 1
11110110111111001 1
11000111111111100 1
11100110101001111 1
11110110010011110 1
11101010111111100 1
11110011011001111 1
11100111101011100 1
11111111111101010 1
11111110011111011 1
11101010011111111 1
11101010111011100 1
11110011011111111 1
10100111111011110 1
11111100111001110 1
11110111011111101 1
11111100111111111 1
11101111110011111 1
11001010111010101 1
01101110111111110 1
11101011111101100 1
11101010111101110 1
10110111011111111 1
11110111110111100 1
10110110011011111 1
01100110011111110 1
10111110111111100 1
11101111011111101 1
11110110111111000 1
11101110011111000 1
11111110101011110 1
11100110111101101 1
11110010111011110 1
11111110111101111 1
11101111111011000 1
11111110111011010 1
11111111111001110 1
10100110011111110 1
11100100011111110 1
