11010110111011111 2
10001111111011100 1
11101111111011100 13
11101110111011100 8
10100111011111111 1
11111111111111101 1
10011111111011111 1
11110111011101111 1
11110110011001100 2
11011110011111110 1
11001110111101111 1
11101110111011101 5
11110111011101100 1
11110111111001110 3
11100111111001110 4
11010111111011100 1
11011111111111100 2
10101111111011100 1
11011111011101101 1
11101111011001101 2
11100110111111100 2
11001111111011101 2
10111110111001011 1
11101110011101101 1
11000111110011101 1
11101110111001101 3
11101111011011100 2
10001110111011100 2
11110110111001100 2
11111110011001111 3
10101110011011100 3
11101111111011111 3
11100110111011111 4
11000111111011111 1
11001110011001010 1
10101110111001101 3
11100110011011111 2
11111110111001101 1
10001111010011101 1
11001111111011110 3
10000011010101111 1
11111111111001110 1
11101110011001111 4
11111111011001100 5
10100111111011100 7
10011110001011100 1
11101111111001101 4
11001111011001101 2
11100111101111100 1
11101110011001110 3
10101110011001100 3
11100111111011111 5
11001110111001111 2
11100110011111101 1
11111110111111100 1
10001110011011100 1
11001110111011100 4
10101111011001100 3
11101111011011111 3
11101010111111110 1
10000110111001100 3
11100110011011110 2
11100111011001110 1
11110110011001111 2
11101110011011101 3
11001111111011100 4
11100111111011100 7
10001111011001111 3
11101111111001100 4
11101110111101110 2
10111110111001100 3
11100110011001101 2
11101110011101100 1
10111110111001101 3
11101101011011111 1
10100111011001111 3
10100110111011101 1
10100110111001100 2
11001110111001101 2
11110111111011110 2
10111110111011011 1
11100011011001101 1
10101111011111101 1
11100111011111101 1
11000110111001100 3
11100111111001100 5
11000111111001100 5
11101110111011110 5
10111111011001100 6
10011111011001110 2
10101110111101100 1
11001111111011111 4
10100110111101110 1
11101111011111100 2
11101111111101110 1
11111111111011100 6
11011111111111111 1
10001110111011101 1
10001110011101100 1
10101111111111111 2
10100111011010110 1
10011110011011110 1
11111110111011111 5
11000111111001111 4
11111110111011110 1
11011111111011100 3
11101111111111110 1
11011010111001100 1
10111110111111100 2
11101110011001101 3
10101111011011101 4
11110111111101111 1
10111100111001100 1
10100111011101100 1
01000111011111000 1
11101110011111100 2
11100111111001111 5
11100111011101101 1
10110110111011110 1
10000111111001110 2
11100110101011101 1
10001110111001111 1
11011111011111101 1
11010111111101110 1
11110111111001101 2
10100110111111111 1
11101110011001100 4
11111110001001100 1
11001110011001111 3
10011111001001100 1
10011111011011101 2
10110111111010110 1
10101110111101110 1
11100111011011110 1
11000110011011100 2
11011111111001101 1
11101110111001110 3
10101111111001100 4
10000110011011110 1
11000110111011110 2
11000111011111100 2
11100111111111100 2
11011111011001100 1
10011111011001111 1
11011110011111100 2
10110110011011110 2
11100111011001100 2
11101111001101100 1
10100011011001101 1
11101011111001100 1
11101111101011100 1
11111110111001100 4
11111111111101111 1
11111110011011111 5
10101111011001101 1
10000111111001101 2
11111111011011100 4
10101110111001100 2
11001111011011100 3
10001111011001101 2
11111110111111111 2
11110111011001100 2
11010111111001101 2
11111111111011101 1
10100111111111100 1
10111111011001101 2
10100111011011100 2
11010111111001100 2
11010110011001110 1
11110111111111101 1
10100111011001100 2
11111111011001110 1
10111111111101111 1
11111110111011101 3
10110111011011100 2
11011111111000111 1
11011110011001110 2
10011111011001100 2
10101110101001111 1
11010110011111111 1
11101110011011100 3
10111110011011100 3
10100111111001111 3
11101111111101100 1
11111111111001100 3
10111111111001110 1
11100110111001111 2
10011110111111110 1
11001110011001100 4
11101110111011111 4
11100110111001011 1
10100110101111100 1
11101110011011110 4
10010110011011100 1
10110110110011100 1
11010110011001111 1
11100110111001100 4
11111111111011010 1
11001110111011110 1
10100110111011100 4
11010111011011111 1
01010111011001111 1
11111100111001111 1
11100111111011101 3
10100111111011101 3
11001011011011101 1
11011100011001010 1
11111110111001110 1
10110111111001100 2
11101111010111000 1
10001110110101100 1
10101010111001100 1
11111111111011110 3
10001111011001100 1
10111110011011101 2
11011011111011110 1
10101111011111100 3
11100111011011011 1
10101111011111111 1
11111111011011111 2
10011111011011110 2
10110111011001110 2
11101100111011101 1
10110110111011111 3
11100110011011010 1
10101110111111110 1
10000111011001110 1
11110110111011100 9
11111111011111101 1
11101111111001111 2
11101111111011101 2
11101110111001111 5
11110111111011100 4
10111110011001100 1
10101110011111111 1
10101111111011111 3
11110111011011101 4
11101111111111100 1
11100111111101111 2
10101111011011100 4
11001111111001110 1
01011111011011100 1
11011111111011111 2
11010111011001110 2
10001111111001111 1
11101110111001100 8
11110111011011111 3
10111111111001100 3
10000111111011100 2
11100110111011101 4
11110110111101100 2
10001111011111111 1
11001111001011111 1
10101111111011101 4
10111111111001101 3
11011111111011110 2
11010111111111101 1
10001110011111111 1
10100111011111101 1
11100111111111111 2
10110111111111111 2
10101110111011100 2
11100110111001000 1
11000101111111110 1
10010111111001111 1
10111111011101100 1
10100110110001100 1
11010111101011100 1
11111111011101110 1
10110110111001100 3
10000111111011110 1
11100110011001111 2
11101111011011101 3
11100110111111011 1
11011111011111100 1
01101111111001101 1
11111011011001100 1
10010110111001100 1
11100110011111100 1
11000111011001100 3
10110110011011111 3
10111111111011100 2
11000111010111100 1
11010010011011100 1
10101111011101111 2
11001110111011010 1
10110111111001111 3
10100111011111110 1
10111111111011101 2
11111111111001111 5
11100110111011110 2
11101111011011110 2
11110111011011110 3
10110111011111111 1
11110010111011100 2
10111110011111100 1
10101111111011110 1
10110110111111110 1
11110110011001101 1
11110111111111100 1
11011110111011101 1
11110110111001111 3
11110111111001001 1
11000111011111110 1
10100110111011110 1
11000011011011100 1
11001111011001110 3
10111110101101100 1
01000110111011110 1
10011110011011111 1
11001110011011100 1
10010111011001101 1
11100111011101100 1
10101110011001110 1
10010110111011101 1
11001111111111110 1
11010110111011100 2
11001111111001111 2
10101110111011110 2
11111101011011110 1
11111110111001111 5
11001111011011111 3
10001111011101101 1
10110110011011100 1
10100111111001110 1
10110111011111110 1
10100010111101111 1
11101100111011110 1
11101101011001111 1
11100111111001010 1
11100111001001100 1
10000110111001111 2
11001111111001100 2
10111111001001111 1
10100110111111101 1
11000110111101110 1
10100110111001111 3
10111110111011110 1
10100110011001101 1
11111110011001100 2
11111111011001111 4
10010111111011110 1
11011111111001100 2
10101111111101111 2
11011110111011100 2
10010111111111100 1
11001110011011111 3
11111110010111110 1
10110111011001100 1
11100010011101100 1
11111110011011110 3
10001111111011110 3
10100111011111100 1
10111111111011111 1
11011110011101100 1
11111111011011101 1
10010110111111101 1
11101110011011111 1
10101111011011111 2
10100110111111100 1
10111110111011111 2
10111111011011111 1
11101111011001111 1
11010111111011110 2
11101111010001100 1
10110110101001111 1
10100111011101111 1
10111110111101111 1
01100110111101111 1
11110111111101100 1
10100110111001110 1
11001110011001101 1
11010110111111111 1
10111110011001101 1
11101110111111110 1
01111110011111110 1
10000110111101101 1
11101011011011111 1
11000111111001101 1
10110111011101101 1
11111111111000111 1
11110111111111111 1
11000100001111101 1
11000110111011001 1
11111110101001100 1
11000111111011100 1
10100111111001101 1
11011110011001010 1
10010111010001111 1
11100111011011111 2
11101111011001100 9
11110111111001111 1
11000111011001111 2
10111110111011100 3
10111111111001111 1
10000110111101110 1
10001110011011111 3
11110110111011110 2
11000010011011111 1
11101110111111111 1
11100110111001110 2
10111111111011110 3
11101110011111111 1
11001111011101111 1
11111111111011111 1
10100110111011111 1
11100110011111111 1
11110111111011111 1
10110111111001110 1
10001110111011110 1
11011111111011101 1
11001111111111111 1
11101110011010100 1
10110111101011111 1
10100111011011101 2
11001111111111101 1
11011110111111100 1
11010110111111101 1
11111111011101111 1
10100111111011111 2
10110110111001111 2
10001111111101101 1
10001110011001110 1
11011110011011110 2
11011010111011101 1
11110110111011101 2
10101100011011100 2
11001010011011000 1
01111111001111100 1
10111110111001111 2
11101110111101100 2
11111110011001101 3
10010110001001111 1
11100110111101110 1
11110110111111110 1
11101111111001110 1
10100111111011110 1
11100110011001100 1
11110110011101100 1
10110101011011110 1
11100110111101100 2
11111110011001110 2
11000110111001101 1
10110111111011100 2
11101111111101111 1
10001111011011101 1
10111111011001111 1
11001110011101101 1
11100110010001110 1
11100111111011110 5
10101110111011111 2
11001110011010111 1
11010110111011101 1
11100111010101100 1
11001111111111100 1
11101011111001000 1
10111110111011101 1
11100110011011100 1
10111111111111111 1
01010010111001101 1
11111110111001010 1
10100111011001110 1
10110110011001110 1
10111111011011100 1
10001110011001111 2
01110110111001110 1
11001110011111111 1
11000110111011101 1
11011110011011101 1
10000110111011100 1
11110110111111111 1
10010111011111110 1
11101111011001110 2
11011110011011111 1
10100111111001100 2
11100111011011000 1
11000110101111111 1
10101110111111101 1
10111111011011101 1
11100110111011100 3
10001111111011101 1
10110110111011100 1
10110110111011000 1
11011111011001101 1
11010110011011101 1
11010110111001100 1
10101111011101100 1
11000111111011110 1
10111110001011101 1
11110001111111111 1
11001111110001110 1
11111101111001110 1
11011111111001110 1
10110111111011101 1
11111111011101100 1
11010110111101100 1
10011111111001100 1
10110110111101110 1
11111101111001100 1
11010110011111110 1
10001111011011110 1
10100110011001100 1
10110111111101101 1
11011111111111101 2
10011110111011111 1
10100111001001110 1
10001110111001100 1
11001111011001100 1
10100110011011110 1
11011110101011100 1
11101110011001000 1
10111010111011100 1
11010111111111000 1
11111110011101101 1
10011110111011110 1
10000111111011111 1
11110111011001111 1
11011111011001110 1
11101011011011100 1
10110111011011101 1
11001110011111110 1
11110111011001110 1
10101111101001111 1
11111111011001101 1
11001110111011101 1
10000111011001111 1
11110110111001101 2
11111110110001110 1
11110111001111111 1
10000111011011101 1
11101111111111101 1
11010111111011101 2
10011111011011111 1
11111111011111110 1
10111100011011111 1
11100110011101101 1
11011110011011100 3
10110111111011110 1
11101101111111110 1
10000111111111100 1
10101110111111111 1
10101110011111100 1
11110011011001100 1
10010111011011110 1
10111110011011111 1
10101111111101110 1
10100111001101111 1
11101111111001010 1
11011110111001111 1
11100110111101101 1
11100110011011101 1
11111110011011101 1
11010110011001101 1
10110110010001111 1
10101011011011111 1
10011110011001111 1
11001110111111110 1
10101010111101111 1
11101110011101111 2
01100111101011111 1
10000110011001100 1
11101111011111101 1
10110111111001010 1
11110110111011111 2
10100110011001110 1
10101110111001111 1
11111110111011100 1
11100010111011110 1
11011110111111110 1
11100111111011001 1
10110110111111111 1
11100011011001110 1
10001110111011111 1
10001111111001110 1
11100111110011100 1
11100110011101100 1
11101111011011010 1
10000111011001100 1
11000010011001100 1
11110110011011111 1
10110111001011101 1
11100111011111100 1
11101010011011100 1
10011101011011110 1
10101110101011111 1
11101110001110111 1
11101111001001110 1
10100110011001111 1
11101110011111010 1
11110110011011101 1
11000110011001111 1
10010111111001100 1
11000110111011100 1
11000111011101100 1
11001110111001100 2
10101010011011100 1
10011110111001100 1
11101110011111101 1
11101110001111101 1
11000110111011111 1
10011011111001111 1
10011111011001101 1
11100111011111111 1
11001110111001110 1
10110111111011111 1
11110101011001100 1
11001111011111110 1
10111111111111100 1
11110110101011100 1
11101111111011110 1
01100110111111101 1
10110111111011011 1
10101110101011100 1
