11110111111011110 2
01100111011001110 1
11100111011101100 5
11111110111111100 5
11100111111001111 2
11110111111111100 6
11100111001101101 1
01110111011001110 2
11100110011001111 1
01100111011111100 1
11011110110101111 1
11111110011011110 3
11000111011101110 1
01101110011001110 1
11011110111111101 2
11111011111001100 2
11110011010111100 1
11111111111111110 3
11111110011011100 9
11110111111001101 1
11110010011001100 1
11101111111001111 1
01101111011001101 1
01111100011001101 1
01110110111111110 1
01101110011011100 2
11010111111101101 1
11111110011001101 2
11110110011011100 5
11111111011101111 2
11010110111101100 2
01100111011001100 1
11101111111111100 2
11011110111111110 3
11110111011111101 3
11100110011111100 3
11111110101101100 1
01101111111001110 1
11110110011101100 4
11111111111011110 3
11111110111001110 2
11111111011001100 10
11011110111101100 1
01111111111001101 3
11010111011011110 1
11111110010011110 1
01101110111101100 3
11111111011111100 8
11110111011111111 1
01010110011111110 1
11111111011101100 3
11011110111101110 2
11100100011011101 1
11011110011001100 6
11111110011001100 6
11111111111011100 9
11111111111101100 10
11110111110101101 1
11011111111001100 2
11101111011111110 3
11100111111111100 2
11100110011111110 1
11111111111001100 7
11101111011101110 2
11110110110001101 1
11100111111101100 2
11011011011011011 1
11001110111011100 2
11111100011111110 1
11111111111001101 2
11110110011001100 3
11000010111001100 1
11100111111001100 4
11110110011111100 5
10110110011011111 1
01110111011011111 1
10010111011111100 1
11011110111011110 2
01011110111011110 2
01111111111001100 4
01111110011001111 1
01111011011111100 1
11110110011011111 1
11011110111001100 4
01110111111111101 1
01101110011011111 2
11100111011011101 2
01111011011111111 1
11111110011001000 1
11010110011101100 1
01101111011101101 2
11010110111011101 1
01011111011001101 1
11000111011101100 2
01111011011011100 1
11101100011001110 1
11111111111111100 6
11010111111001100 2
11100110111001110 1
11111010000101111 1
11011010111101111 1
01011110011001111 1
11111110011101100 8
11110111111111101 4
11100111011001100 3
01010110111101110 1
11100110011101100 1
11110100111111110 1
11011111111101111 1
11100110110111111 1
11110111111011100 3
01100111011101111 1
11111010111101101 1
01101111011101110 1
11010110011001100 4
11110110111001110 3
01100111111001100 1
11101110111011100 2
11001101111010100 1
11011111111011100 1
11000110111011101 1
11111111011001110 2
01111110011101110 1
11100110111101100 3
11011100111001100 1
01110110111011100 1
11011110011111100 3
01111111111101100 2
11101011011111110 1
11111010111101100 3
11110110110110111 1
11111111011101110 4
01111111011101100 6
01111110111101110 1
01101110011111100 1
11101110111101111 1
10111110011111110 1
01111100011011110 1
01110111011111110 1
01101111111001100 2
01111111111011100 6
11111111111011101 5
01010110011101110 2
11111110011101101 4
11110110111011110 3
11111111111101101 1
11100110111001100 3
11101110011011100 2
11101110011101110 1
11101110110001100 1
11010110011011111 1
11011111011011100 2
01111110111101101 1
01110110011011101 2
11110111011111110 4
11110110110101100 1
11110111111101100 3
10111110111101100 1
11100110011001100 2
01111111111010100 1
11111010011111100 1
11111010011011111 1
11101010011111100 2
11001110111111100 1
11010110011101111 1
11001110011011110 1
11101110110101100 2
11001111011101100 2
11111111011011100 8
01110110011011111 1
11110111011001100 5
11110110011101110 2
11110111011111100 9
01100110011111100 1
11111111001000110 1
11001111111001100 1
11110110111111100 4
01101110011101100 3
11111011111011110 1
11110110111001100 4
01111110111011100 3
01100110011101101 1
11010111111101100 3
11111110111011100 4
11010110111001100 1
11111110111111111 2
11111110111101110 2
11111110111001101 1
11110111011011110 4
11101111111101111 1
11100110011011100 3
01111110011001100 5
01100110010001111 1
01101010010111101 1
11111110011110110 1
01111111111011110 1
11011110001001100 1
11111011011101101 1
11111111011011000 1
11111111110001101 1
11011110011101110 1
01000111111001110 1
11101111011111111 2
01100110111011100 2
01100111111011100 3
11111111111011111 1
01011110011011100 1
11111110011111100 8
01000110011101110 1
01101110111011100 2
01101111111101100 1
11100110011001101 1
01111011111111101 1
11100110111101110 2
11110111011101111 1
01101110011001101 1
11111111011111101 4
01111110010011100 1
11110110111111110 3
11110111011101101 1
11011110011011100 2
11000111011001110 1
11110111010001101 2
11111101011001101 1
11101111011001110 1
11101011010001100 1
11101011111001100 1
11010111011001101 1
11100110111101101 2
11101111011101111 1
11001011011011101 1
11110111111001111 1
11000111010011110 1
11100011011001101 1
01111100111111101 1
01111110011001101 1
01100110011001110 1
11111110111111110 2
11010111111001111 1
11011110111101101 1
11100011011111100 1
11011111010101110 1
11011110011001101 1
11111110011001110 3
01101110111011110 1
11111011110101110 1
11101111111111110 1
01111110011101100 2
01101101111001111 1
10010011011001110 1
11100011111011110 2
11110111111101000 1
11101111111001110 3
01110110010001110 1
11100101111101100 2
11010111011101100 2
11100111011011110 2
11111111011001101 1
11010110110101110 1
01111111011011100 3
11111111111001110 5
11101110110011101 1
01111111111101111 1
10100100011111100 1
01111011111001110 1
11101111011011100 3
11110011110101100 1
01110111111011100 1
01110111011011100 2
01110111111001100 3
01010111011001100 1
11110110011101101 1
11100111111111110 1
11101011011111100 1
11101100110011100 1
11111110011111111 1
11110111011101110 3
01101111111011100 1
01100110111111100 2
10001110011111100 1
01110111011111100 1
11010110111011110 1
11010111111011110 1
11111110111011101 1
11111110011100110 1
11111110010001101 1
11110110011001110 2
01111111101011100 1
11110010011001101 1
01010110111001111 1
11100110111101111 1
11111111111111111 2
11111111111011010 1
01111110000101100 1
01100111011111101 1
11100111011101110 2
11111111010111101 1
11101111111111000 1
11111011101101110 1
01011111011111100 1
11111111110101100 1
11111010011110101 1
11101110111101110 2
01001010110001100 1
11100111010111100 1
11101100011001111 1
01001110011001101 1
01101111111011111 1
11111101111111100 1
00100110111001100 1
01101110011001100 1
01011011111111100 1
01101100111101100 1
11101111011001111 1
11110111111001100 1
11110110011011110 1
01111111011001110 3
11110101101101110 1
11111110011111000 1
01100111011011100 2
01000110111111100 1
11110010011011100 2
11111110111001100 7
11101100111101100 1
11001111111101110 1
11010111000111100 1
11111111001011100 1
11101110010101101 1
11101110011101101 1
01110101111111100 1
01000110011111100 2
11010111111001011 1
11111111111001111 1
11110111011101100 5
11111111111011011 1
11011111011101110 1
01011111111011100 1
01111111011111110 1
11100011110101110 1
11101111111101100 1
01011110111101110 1
01110110111001100 1
01100111111111110 1
01100110011011100 2
01000110011011100 1
01111110111101100 1
11101110111001110 1
11111011011111110 1
11011110010101110 1
01110110010011110 1
01111111011001101 1
01100110011101111 1
11100111011101101 1
11101100011001100 1
11101111010001111 1
11001110011001110 1
01110111111101111 1
11101111011101100 1
11000010011101100 1
11101110111101100 2
11111110010001100 2
01000111111011100 2
01110110111001101 1
10001111111001100 1
01101111011101100 1
11110110111101100 3
01000011011111100 1
11001111011011100 1
01101011111101100 1
11101111010111110 1
11111010111001101 1
11110110111011100 1
01111110011011100 2
11000111111101100 1
11010111010001101 1
11011111111001110 1
01100110011001101 2
11111111011010111 1
11011111111101100 2
11110111011011100 2
01110110011101100 1
11111011110001100 2
11011111111111100 2
11111101011011100 1
01100110011001100 1
11111110111101111 1
11110111110101110 1
11010110111011100 1
10101111111101110 1
11100111010101101 1
11011110111011100 2
11111111111111101 2
01111110111100110 1
11101110111101101 1
11100111110001100 1
10101110011001100 1
11111110111101100 7
11101100111011100 1
01111110001011110 1
11001110111101010 1
11110001111101111 1
11110111111101110 1
01001111011001100 2
01100111111001110 1
11110110011001010 1
11100110110101110 1
01011111111001100 1
11011110011011111 1
11111111110001100 1
11110111111111110 2
01111011111001100 1
11100110011011110 1
01101111001011111 1
11000111111111100 2
11110111111001011 1
11011111110011100 1
01010101111001100 1
01100111011011110 2
11101101101111100 1
11111110011101111 5
11100110111011110 1
01110110011011100 3
01101110111011101 1
11101110111011010 1
11011010111101101 1
11101111011001100 1
11100111111011101 1
11101001111001100 1
11011111011111100 3
01011110111011100 1
11111111010101100 1
11101110101011100 1
11110110111001101 1
11100111111000111 1
01011110011001100 2
10101111111001100 1
01101110010001100 1
01111111111111000 1
01101011010111110 1
11111111011111111 1
11100100111101110 1
11000111111001110 2
01010111111001110 1
11000110111111100 2
11111110110111100 1
11111110011011111 1
01100110111001100 1
11101010101101100 1
11111110011011101 2
01101111011111101 1
11010111010111110 1
01000110111101100 1
01111110111001100 2
01010011011011111 1
11110010111101101 1
11110100011101100 1
01010111011011100 1
11110011011101110 1
11110010011011110 1
11010111011001010 1
01111110011111100 2
01111110011111111 1
01111110111001101 1
11011111011111110 1
11010011011001111 1
01111110011011101 1
11010111010001100 1
11010110011011100 3
11000111111001101 1
01000010011101100 1
01011110011111100 1
11111110011111110 2
11010110011111101 1
01110110111111100 2
11111111010011100 1
01111111011001100 3
01100111011111110 1
11011110011001111 1
11100110111011100 1
11111011011111100 2
11010010111011110 1
11110011011111100 1
10111110011101100 1
01110110111101110 1
11110011111001101 1
11111111111110110 1
01110111111001101 1
11101100011101100 1
01110111011001100 2
01010111011011101 1
11101111111111111 1
11110010001101100 1
11110110111101101 3
11111100011111111 1
11011111011001100 3
01100100111101100 1
11110010111101111 1
01100110111111111 1
11111110110101101 1
11101110011001100 2
01110010111101100 1
11101010111001100 1
11111110111101101 1
11010111111011101 1
01111110011111101 1
10101010011001100 1
01110110111011110 1
01100110111101101 1
00111111011011111 1
11111110010111111 1
11101110011111100 2
11110111011011000 1
11100101110001100 1
01010111010011100 1
11111011010001100 1
01111111011111100 1
01110110010111100 1
01111111011011110 1
01111101111011110 1
11101110111011111 1
11110111111101101 2
01000110011111110 1
11110111101011100 1
01010111011101101 1
11001111010101110 1
11100110111111100 1
01110111011101100 1
11110010111101100 1
11100110010101100 1
01100110111011111 1
11011111011101100 2
01111111111111100 1
11110011011101111 1
01000011011011100 1
11111111011001111 2
11101011011011100 1
01101111011101111 1
01111111111111101 1
11111111110111100 1
01100110001101111 1
01101010011111100 1
01101110111111110 2
11000110110101100 1
01111111111001110 1
11001110011011101 1
01101100011101100 1
01011111111101100 1
01001110010101100 1
01011111001011110 1
01111110111011110 1
10101111110111100 1
11111110010111100 1
11011111111011111 1
11101111011110101 1
01010011010011101 1
11011110010011111 1
01011111011011110 1
11110100110001100 1
01100111011101101 1
01111111111101101 1
11010100011111100 1
11111100011101100 1
11111100011011111 1
11100111110111100 2
11010111011001110 1
01111110111001111 1
11101110111111110 1
01011101011011110 1
11110010111001110 1
01101111011001110 1
11001111011001100 1
11011111111111110 1
11100111011011111 1
01111110111001110 2
01101110111001100 1
11110110111101010 1
11110101011001101 1
11101111011101101 1
10101110111001100 1
01110111011101101 1
11110110111011111 1
01111011011001111 1
01111110111011101 1
11111111011111110 1
11111111111101110 1
11010111100001101 1
11011110011111110 1
11101110011101100 2
11110111110011110 1
11011110001101100 1
01000110011001101 1
01000111010001111 1
11101111111011100 1
11010110011001110 1
11011011011111100 1
11101110011111110 1
11010111111111110 1
11111011111101100 1
11100111111011110 1
11000110111001100 3
01111110010101110 1
01100110111001101 1
11010011111001100 1
11101011011101110 1
01110111011001111 1
11100011011101110 1
11110110111011101 1
11000110011111100 1
11010110011111100 1
11110010111011111 1
11111111111000100 1
00111110011011101 1
11101110111111100 1
11110110111111111 1
01101111111001111 1
11010111011001111 1
11110011011011100 1
01100111111101100 1
01010110011001110 1
11111110001011100 1
11110010111001100 1
11110110011001101 1
01000111111101100 1
01010110011001100 1
11011111111011110 1
01000110111001100 1
11110111111101011 1
11111010111001111 1
11110110011101111 1
01100111011101100 1
11111111011011110 1
11001101011111101 1
01111110111111100 1
01101110011111110 1
11110111001111110 1
01100101111001110 1
11111100011111100 1
11111110110011110 1
11101111010111100 1
11100011011101100 1
11100110011100110 1
11111100110001110 1
11111110011001111 1
10111111111011100 1
11100110011111000 1
