10011110111101110 2
10111110111111100 3
01111110111101110 2
10001110111001110 2
11101111111001111 2
11110111111101110 2
11111111111001100 3
01001111011001110 1
11111110111111110 2
11110101111101111 1
01000110111101110 1
10110110111001110 3
00111110011011100 1
01011110111011100 1
01100111111101111 1
11101110111101101 1
11011111011101100 4
11000101111001100 1
00011110011001110 1
01111111111001110 2
00010111111101100 1
10101111111111100 3
11111111111011110 2
11100011111101100 1
00001111011001101 1
11100111011111100 2
11111111010011100 1
11001111111011101 1
10110110011011110 3
11110110011010111 1
01101111111001100 1
11111110111101100 7
11101110011001111 1
11100111111011110 1
11101110111111110 3
11010111011111110 1
01011111111001110 1
01101110111011110 1
11111110111001110 3
01111110111011110 1
11001111111111100 1
11011111111101110 2
10001111111101110 1
11111111011111111 1
10111111011111110 1
11110110111001110 4
11101111011101100 3
01111111101001100 2
11111011101011110 1
11110110111011100 2
01101110111001110 3
01010111101001101 1
11001111011101110 2
00101111111101110 2
10011100111001111 1
00011110111111110 1
11110110011011100 1
10111111111111100 3
11111110111111100 3
11100110111101100 3
10111110011001110 1
11111111111011111 1
11010110111101100 3
10011110011111101 1
01101110111101110 3
11101111011011111 1
01111111101001110 1
10111111110101100 1
11101111011111110 1
01011110111101100 2
11001110111101100 5
11101110001011111 1
10101110011101100 4
01001111011101100 2
01111111011111100 1
11110111101001101 1
10110111111001110 1
10111111111001100 4
11001111011001110 1
00001111011101100 1
10100110011111101 1
01101111111101110 2
11110110111001100 4
11101110011101100 4
11100110011000101 1
01001111011001100 1
11111111101000100 1
10101111110001100 1
11100110111011100 2
11101110111001100 2
11001111011011110 1
10110110011101110 2
10110110111011110 1
11101110011101110 2
11101110011111100 2
11010110111001100 2
11011110011101100 1
10111110011101100 3
00100111011011110 1
00100110111011110 1
01010111101111111 1
11110110111111110 1
10111111011001110 2
11101111011001100 3
10011111111111100 2
01101111111101101 1
10101110101001100 1
11100011011101110 1
11111110011001100 2
10100110111001110 3
10111110011001100 4
11101110011011100 2
11101111011001110 4
11111110111001111 3
11011110011101110 1
10111110011111100 3
11111111011101110 1
10100110111101110 1
10111110110001110 1
11101111111111110 3
11101110111111100 5
11100110111111110 1
11100111101011100 1
10101111111111110 3
10101111011110111 1
11011010111110100 1
00100110011111111 1
11110110101001110 1
10001111011101110 1
10101110111101100 2
10111110011111111 2
10100111111111100 1
11001110101011110 1
11111111011101100 3
11111111011011110 2
11100110111011101 1
11011010111011111 1
11011111011001110 3
10111111111111101 1
01110111011111100 1
10101110111101110 2
11101111111101110 3
11000111011101100 2
11111111111111110 2
10110110011011100 1
10101111111011111 2
11101110111000100 1
10011110011111100 1
11011111111111110 2
10111110111101100 6
10101110011001000 1
10011111011111110 1
10000111111111110 1
10111110011101110 1
01101110011111110 1
10101101111001110 1
11011110111101100 1
10001110011001100 1
11100110111001100 3
01110110010101110 1
00011111111111110 1
11011110111011000 1
11011111011101110 1
01101111011001100 3
11001111111111110 1
11101110111001110 3
10011110001011100 1
11100110111001110 3
11001110011001110 2
10111110010001100 1
01000110011111110 1
11100110011001110 2
10111111001111110 1
10011110111011100 1
11000111111111100 1
11011111101101100 1
01100110111001111 1
10101111011001100 1
10111110111001100 9
11011111111001110 2
11011110111011111 1
11011111111101100 3
11101111111011100 2
11010110111101110 2
10111110111101111 3
11000110111001100 1
10001110111101100 2
01000010111100100 1
10101110111111110 1
11100110111111100 4
11001001111101111 1
10011110111101101 2
11111110011011100 2
11110111011001110 4
11110110011101100 2
01011111111101100 1
00110110111001100 3
01100110111001101 1
11011110101011111 1
10011111111111110 1
11101110111001101 2
10100111110001100 1
10111110001111100 1
11111111111000111 1
11111111011001100 3
10011110001011110 1
10111111011001101 1
11101110111101110 4
11111110101101101 1
11101111111101100 3
10001110111001100 2
11001111011011100 1
10101111011111101 1
11100110111001111 2
10110110011101111 2
01101110111011100 1
00001011111111110 1
10010110011001110 1
00101111111001110 3
11110111011111111 2
10101111111101110 3
11111111111001111 5
11111111111101100 4
01111011111101111 1
10110111110001111 1
10101111011101100 2
11111110101001101 1
10101110011000110 1
11011110111001100 1
01101110101011110 1
11100110111101110 2
10001111011101100 1
11111110111001100 5
10110110111101100 3
00011111011101100 1
01101111101101111 1
10111111111001111 1
11101110011011110 2
10110110111101101 1
10100111011101111 2
11111111111001101 1
11110111011001111 1
11000110101101100 1
10000110011011010 1
10000110011001100 1
11011110110101100 1
11010111011011101 1
10101110111011110 1
10111110111000111 1
10100110111001100 3
01100110011101111 1
00111110111001100 1
11110111111101101 1
11011010111101110 1
11111110011111100 6
10111110011011100 1
10110111001011100 1
11110111011101110 2
01000110011001110 2
11101110111101111 2
11110110011011110 4
10110111111011100 1
10001110111110110 1
11101110011001110 1
01101110011111100 1
11111111111011100 8
10111111111111110 3
10100110001001100 1
11100111111101110 2
10010111111101100 1
00111110111001101 1
01101111111011110 1
10101111111101100 2
11101110111111111 2
11010110111001110 1
11000111011101110 1
11000111111101100 1
10100110011001100 2
01110111011011110 1
11101110011001100 2
01110110011111110 1
11001110011011110 1
10101011011011110 1
00011110111001100 1
11110111001011100 1
10101110011001110 2
10111111011001100 2
11111111010111110 1
01111111011011100 3
11110111111011110 2
10100110111011100 1
10001111011001110 1
11100110111101111 1
10110110111101110 1
11111111011001111 2
11000110101001100 1
11010111111111110 1
11001110011110100 2
10101110011111100 2
10110110101011111 1
11011111101101111 1
11111110011101110 2
10000110011001111 2
10010111011111110 1
11000111101111110 1
11001110011101100 1
10110110111011111 1
01100111011011111 1
11101111101001110 1
11110110111101110 3
11010111111011110 2
10111110111111110 2
11101110111000111 1
00111111001011100 1
10110111011101110 1
11001111011111100 1
10111110111011111 1
11001110111101110 1
11110111111111100 3
01111110111001111 1
10111110110111111 1
10101111011001110 2
11110110011001110 2
10111110101010100 1
00011110111111100 1
11010110011001100 3
10000111111001100 1
00111110111011100 1
00001111110001100 1
11010111011101100 1
01001111111001100 4
10101110011011110 2
10111111011101110 1
11011101011101110 1
11010111101011101 1
01111110111001100 2
11001110111011100 1
10111110111001110 5
00001110111001100 1
10011110101001100 1
10100110110010110 1
01100111011001101 1
10101110111111101 1
11110110011111110 1
11011110111111111 1
10000110001000100 1
10101111111000100 1
10100110011000111 2
10001111001111110 1
00000111011011100 1
01110110011011101 1
11101110111101100 3
10010110111001100 1
11110110011001111 2
11101111011011100 2
11110111011101100 1
01100111111001100 3
10101110111001100 6
11110110011001100 2
11110111011111110 1
11011111101000111 1
10011111101001110 1
11100111011001100 1
00101110111101100 1
11101111011011110 1
11011110111011100 2
11101111011111100 2
10110111111001100 1
10010110011011101 1
11100111011011100 1
10011111111011111 1
10111111011101100 2
10001111111111111 2
01100111011101100 1
10101110101001110 1
10010110110001100 1
01111110101001100 1
11111110101001100 1
01110010111001111 1
00111111011001100 1
11100111111111100 2
11101110101111110 1
00111111111001100 1
11101111111111111 1
10010110011011110 1
11011111011001100 1
11111111011011100 1
11100111111001100 2
11101111101111110 1
11101110111010110 1
01101110111111100 1
10101110011001100 2
00111110011111110 2
01011110111001111 1
11101111100111111 1
11001111111001100 2
11100111111101101 2
11110111111001100 1
11110111011111100 1
10101111111011110 1
11001111011000100 1
11100111011011101 1
11110110011101101 1
01111111111011110 1
11110111101101110 1
10000110011011101 1
11101111011011101 1
10011111111001100 2
10010111011011100 1
11110110111011110 2
11111010011111110 1
11001110111001100 1
11111110110101100 1
10010111011101110 1
10111110111011100 1
11001111011111110 2
11101110110101110 1
10101011111101100 1
11100110011111111 1
11100110011101110 1
11001010111001100 1
10010110011111100 1
10001110011101111 1
10001100011001111 1
00110111011001100 1
01111110110001110 1
10001110011011100 1
10101111111001110 2
11100111011111110 1
01001110111011111 1
10110111111111110 1
10000110111101110 1
01111111011001110 1
01111111011001111 1
11011110101111100 1
11101111101011111 1
11011110011111111 1
11000110011011100 1
10101110111011101 1
11011111111101101 1
10001010101101110 1
10111111011001111 1
10111111111011100 1
11101111111001110 4
11111110111101111 2
10001110011001101 1
10011110101111100 1
10110111011111100 2
10101101001011100 1
10000111001110100 1
01101111011011100 2
10110110111011100 2
01101110011011110 2
11111111001011100 1
11011110011011100 1
10111111111101010 1
11001111011001100 2
11111110010101100 1
01001111101101100 1
10010111011101100 2
11011110111111100 1
11110111011011100 1
01110111111101100 1
10011110111001110 1
11101110001011100 1
11010110111111100 1
11110111111001110 2
11101111011101111 1
11001110111111110 1
10110111011001100 2
11101111111110111 1
11111110011111111 1
10110110011111100 1
01111111111101110 1
10101111101101100 1
01101110111101111 1
11001110111011110 1
11100111111011100 1
00101111111101100 1
10111111111101100 3
10111111011011100 1
10110111111101110 1
10111111111101101 1
11111110111100100 1
10011111111011100 1
11111110101101110 1
11111110111101110 3
11001111111101110 2
10000111111111101 1
11101110111011100 1
00110111101001100 1
10100111001111100 2
10101111101111100 1
11110110011111100 1
10111110111001111 1
01111110101111100 1
10101111011111110 1
11010110111101111 2
10001110111011111 1
11101111111011110 1
11101111111001100 5
11111110111011110 1
00101111111111111 1
11000111101001100 1
00001110011001110 1
10101110111001111 2
11111111101001100 2
00111111111101100 1
11100110011011110 1
11000110011001111 1
10100111011111100 2
11111110111100111 1
00111111001101100 1
11111111001001111 1
11011111001001100 1
01101110101101110 1
01101111111111110 1
01000111011111110 1
11100111111001110 1
10101110111001110 1
11101111001101110 1
11011111111111100 1
11101110011011111 1
10110111011101100 1
10111111011101111 1
01100110111001110 1
10110110011001110 1
00100110111011100 1
11011111011101101 1
11111110101001110 1
10001111011001100 1
10101111111001100 2
10110110101101101 1
11110110111001101 1
11000111101100100 1
10101111011001011 1
10111111001011110 1
01101111011101100 2
11110110011101110 1
10111111111101111 2
11111111001101100 1
10110110111101111 1
10101111011001111 1
01011111011001110 1
10100110101111100 1
11110110101011100 1
11000111111111110 1
01000110011011110 1
01001111011011101 1
11110111101011110 1
00111111001011101 1
01111111111011100 1
10110111011111111 1
10011110101101101 1
01001111111001110 1
10100110101101100 1
11010111011001110 1
11111111011111100 1
10010010011001110 1
01111110011001100 2
00111100111111100 1
11010110011111100 1
11111111111101111 1
11100110011001100 1
01110111111001100 1
00001111101101100 1
11000110011011111 1
00101111011101101 1
00111110111101100 1
10111111111101110 1
11111111011101101 1
00110111111011100 1
11111111011101111 3
10101110110111100 1
00101110011111100 1
10101110111011100 1
11101111111111100 2
10111110111001101 1
11110110111101100 1
11101110111011101 1
11110111011001100 1
11111111011111110 1
11111111011001110 1
00011110001111101 1
01001110101001100 1
11111010111001110 1
11100110111111111 1
10100111011111110 1
01011110111111100 1
10111110111101110 3
00111110111111110 1
11101111101001100 1
10100110011011111 1
10110110001001110 1
11001110101001100 1
10101110001001110 1
11110110001101100 1
10010111111101111 1
11111110111111111 1
10001110111101110 1
11000111111001100 1
11001111001101110 1
00110111011101100 1
11100111101011111 1
10000110111111110 1
11000110011001100 1
10101110011000100 1
10101111010111100 2
11011111001101101 1
11111111010111101 1
11001110111111100 3
11110110001001101 1
11011110111101110 1
10101110111101111 1
10101111011111100 1
11000110011001110 1
01111110011111100 1
11010110101001110 1
00101110011011100 1
11011111011111110 1
10010111011111100 2
01010110111101110 1
11001110111101111 1
11110110111011111 1
10100111111011100 1
11100111011111111 1
11111110110001110 1
11011111011111100 1
11100111101001100 1
11001111111001110 2
10101111111111101 1
10001111111011110 1
01101111011101110 1
11101110011111101 1
11111111111001110 1
11000110011101100 1
10000110110101100 1
11000110111101100 1
10100110111111100 1
11111110011101111 1
10110110111111100 1
00111111111111100 1
01110010001001100 1
11011111111001100 3
11101111011001101 1
10100110011001101 1
11000110111101110 1
01100110111000100 1
00001111101111100 1
10101110011011100 2
10101011101001100 1
00010110111001110 1
11010110011001110 1
10110111111101100 2
11101111111101111 1
10011110111001100 1
00100111011111100 1
11101100011001110 1
11101111011001111 1
10101110111111100 1
11100100101111111 1
01010110011001111 1
10001111110101110 1
11100110011101100 1
10111111111011110 1
10000110011101110 1
01111110011101111 1
01001111111001111 1
00101111001111100 1
10110110011001100 1
10110111011101111 1
10011010011111111 1
01110111110011100 1
01111111011101111 1
01100110011101110 1
10110111011001101 1
11010111111111111 1
10010111111011110 1
10101110111101101 1
11101110111111000 1
10111111111001110 1
10001111011011100 1
00011110111101100 1
11111110001001110 1
11111111111111111 1
10011111011101110 1
11011111011011111 1
10011111011111100 1
01110110011101100 1
10110110111001100 1
10011111111101100 1
10110110111001111 1
11100110001101110 1
10001110011111100 1
10010111011001100 1
11111111101001110 1
11101111111000110 1
11100110011011100 1
00010111111001110 1
11001101011001100 1
11111110001001100 1
