00100111111001101 1
11111111111101100 3
11101110011111100 10
10111111011101100 2
11111111011101110 2
10100110011111100 4
10100111011101100 14
11110110111011100 4
10101111001111100 1
10101110111111100 6
10111110111011111 1
11111110111100110 1
11100110111011111 2
11100110111101100 3
10111101011101100 1
11111111011101100 4
11111110111011111 6
10110111011001111 1
11111111111111110 1
11111110110011100 1
01111101011011100 1
10111110111111100 3
11101111011111100 6
11111111111001100 5
10100110011011100 5
11110110011101100 3
10000111111111100 1
11101111011000111 1
10101110111011101 2
10101110011001100 7
10111110011001100 4
11101110111111100 8
10101111011001111 1
11101110111011100 4
11001110111111100 1
10111110110111100 1
10110111111001110 2
10101111111111100 2
10110111011101100 4
10101110111111101 3
10101110111011100 3
11111111011011101 1
11100111011101100 2
11110111111001110 5
10111111111001110 3
11100110111001101 1
11110111111111100 6
11101101111101111 1
11100111111001100 4
11111110011011100 5
10100110111111110 1
11100111111001101 2
11110110111111100 5
11111111101111100 2
11111110111011100 7
11111110011101110 1
10110111111111110 2
10100110111001111 2
11101101111101100 1
11100111111111110 6
11101111111001100 3
11111111111011110 2
10111110111101100 7
10101111111001110 2
10111110011111100 6
10101110011101100 5
10100111011001100 2
11100111001101100 1
00111110111111100 1
11111110111111100 5
10100111011111101 1
11100111111111111 4
11101111111111100 6
01100110111001111 1
11100111011111100 4
11001111101011101 1
11100111011011111 2
10101110011011110 3
11111111111111111 2
10110110011011100 1
10100110111001100 3
10110111111001101 1
10100110111011100 2
10110110111101110 2
10110110111101111 1
11111110111101100 2
10100111101101110 1
11100111111111100 8
11101110111001111 4
00101110011111101 1
10101111111011100 2
11111110111101110 2
11110111111011100 7
10101111111011110 1
11111110011111100 8
10100110011111101 1
11110110011111100 6
11111110011101100 9
11110100011001100 1
10110111111001100 2
10111110011101100 3
11100110011101110 4
10111111011111101 1
11100111111101101 2
11110110011101111 1
11100111011011011 1
10101110101111110 1
10101111111101101 1
00111110111011100 1
11101111011001100 3
11100110111101111 2
11110110111011110 1
11111111111101110 1
10100111111001100 5
11110110011110100 1
10111111111001100 3
10100111011011100 7
11110111111111111 2
10111111111011100 4
11111111111011100 2
10100101111111100 1
10100100111011100 1
11110110111101110 2
11110111011101101 2
10100110011101100 2
10111110111001110 1
10111110111111101 2
11110110111001100 1
10100110111101110 1
11101111111101100 1
11100111111011101 1
10110110011101111 1
11110111011101011 1
11101110111111111 1
10111110111001100 4
10110111011011100 4
11101110011101100 9
10101110111101110 1
11101100111111100 1
10111110111101110 7
10111111011011100 3
11101110011011100 4
10101110111001110 2
11110111011101100 4
11101111111011100 3
10111110111101010 1
10100111011011111 5
10101110011011100 2
11111111011111111 1
10100110011011110 2
10101111011011110 3
11101111111101110 2
11111110111001100 3
10100111011001110 2
10101111011011100 3
11100110011101100 3
11110111111101111 4
10111111111101100 2
11100110011010111 1
11100111111011100 4
11100111000101110 1
11100110111111100 3
11101110011101101 3
11110111111001100 3
11101110011001110 2
11111110011001100 5
11100111011000110 2
10101110011011101 2
10101111011011111 1
11101110111100111 1
10111111011000110 1
10111110111101101 2
10010111011111101 1
11111111011011111 1
11010100111101100 1
10111111111011101 3
10100111011001111 1
11100110011010100 1
10100111111101110 5
11101101111111110 1
10100111111111110 3
11111110011011111 2
10111110111011101 1
11111111011011100 2
11101111011101110 1
10101111011100111 1
11110010111001110 1
10100111111011111 1
10110111011011111 2
11100110111011100 7
11110110111101101 1
11101110011001111 2
11011110011011101 1
11110110111101100 4
10100111011111111 1
10101111111101110 1
10101110000001100 1
11100110111001111 2
10100111111101100 4
11111110011000100 1
11101110011001100 6
11110110111001110 1
11110111011111111 1
10101110111001100 3
10110110011000110 1
11111110011111110 1
11101110111011111 1
11110111011011100 6
10001110111001101 2
10101111111001101 1
11110111011111100 5
10100110011011111 1
10101110111101111 2
11111111011111100 1
11101100011001101 1
11100111111001111 1
10101111111001100 2
11101110110111100 1
11111100111111011 1
10111111011111100 2
10101111011101100 2
10100111111111100 4
11110111111101100 7
11100110011111101 1
10111110011011100 1
11100111111101100 6
11111111001001100 1
11100111111110100 1
11111111111101111 3
10111111111101111 2
11101111111011101 1
10100110111101111 1
11100110011111100 2
11100111011110111 2
10111110011111110 3
11111111011001101 1
11101110111111101 1
10101110111111111 3
11100110010011111 1
11110110111111101 1
11100111111101111 2
10111011111101100 1
11101110011100101 1
10111111011001100 4
11101110111001100 10
11110111010011100 1
10100111111101111 2
11101110011011111 1
10101111111101100 6
10101111111111010 1
11111111011001110 1
11110111111111101 2
10100110111001110 1
10111110011101110 4
10111101011001100 1
10110110011101110 3
10101111111111111 2
11111111011111110 1
01100111111101100 1
10101111011111111 3
11101111011101101 1
10110110011111110 1
11101111111001110 1
11101110011000110 1
11110111011011101 2
10111110110101100 1
10111110111001101 1
10111110011100100 1
10111101010111100 1
11110111011101111 3
10111110111110101 1
10000111011011100 1
10111110011001111 2
11101110111101100 2
11110110111111111 1
11110111011011110 3
11110111011001100 3
11101110111011101 1
11111111011000110 1
10110110111011111 2
10111110011001101 1
10100110011101111 3
10100111111011100 5
10110111011111100 2
11101110111101101 1
10110110111111101 1
10110111111011110 1
10010110011001100 1
10100110111111100 2
10101110011001110 2
10111110011111111 1
11111110011011110 1
10110111111011100 1
10110101111101101 1
11110111111111110 1
10100111111111111 2
10101110111011111 3
10100111111001111 2
10101110111011011 1
11101110011101111 1
11100111011001100 5
11110100111111100 1
10100110011001111 1
10100110111101100 1
10100110011001100 1
11101110111110110 1
11100110011101111 3
10111111011111110 1
10110111111101111 3
11110110011111111 2
10110111011111110 1
10001110111011110 1
10101110011101111 1
11101110011111110 2
11110110011011110 1
10110110111001100 3
11100110011001100 2
10101100111101100 1
11110110011011101 2
11100010011111101 1
11101110001111111 1
11111110111111110 1
10111111111111100 1
11100111011101110 2
10111110011111101 1
11101100101111101 1
11101110101101100 1
10111111111101110 1
11110111001001100 1
10101110111111110 2
11100111011011100 3
10110110111011100 1
10101111111101111 1
10101110011111101 1
11111111111001110 1
10100111111001110 1
10110110111001110 1
11001110011001111 1
11100111001011100 1
11100110111001110 1
10100111011001101 1
10100101111001100 1
11101111111000100 1
10101111001011111 1
11111111011011110 1
11100101011011100 1
11101111011101100 1
10110111111110110 1
11000111011011100 1
11111110111001111 1
11000100011001111 1
10011100111011100 1
10110111011001101 1
11110101101111100 1
11100111111100110 1
10100111011111100 4
10101111110001100 1
10101110111101100 4
10110111111101110 2
11110110011011100 2
10110111101110101 1
10110110111101100 1
10111111111101101 1
11110110111001111 1
11110111111001101 1
11100110011101101 2
10100111110111100 1
11001110011011111 1
10110110011111100 2
10110111111111100 3
11100110111011101 1
11110111111011101 2
11101111011100110 1
11110111111011110 1
11101111111111110 1
11100111111010110 1
01101111111111111 1
11110111011011111 1
10100111011111110 1
10111110111011100 2
11000111111011100 1
11101111011110101 1
11111110011010110 1
11111111111001101 1
11100111011111101 4
11110110011001101 1
10110111011101111 2
10100110011101110 1
11101110011011110 2
10111110111010100 1
01100110011101101 1
01101110011101111 1
10101111011111100 1
11111111111111100 1
10111111111111101 1
11111101111111101 1
11110111011001110 2
01100111011001101 1
10110111111101100 1
10110111101101100 1
10110111111111111 1
11100110011001111 1
10111010010111101 1
10111111111111110 1
10111111011101110 2
11111011111001110 1
10110111011001100 4
10110110011111101 1
10100111011011110 1
11100110111001100 4
10110110011101100 2
11110110011001111 1
10110111011101101 2
10110111011011110 1
11100110111101101 2
11111110111101101 1
01110100011001100 1
11111110111001110 2
10101110101001100 1
11100110111011110 1
10101110011111100 3
11111110101001100 1
11110111011010110 1
10000111111111111 1
10100111111011110 1
11110110101001110 1
11111110111101111 1
11110110111101111 1
10100111011101110 1
11100111011111110 2
11100110011000110 1
11111110111011110 1
11100111011011110 1
11110101111001101 1
11010110111111101 1
10111110011011111 1
11101110101111111 1
10111111011011111 1
11100110111111101 1
10110110011111011 1
10101111111111110 1
11100110111011010 1
10111110001101110 1
11100101011001100 1
11100111011111111 3
01110111111001111 1
10111010111100111 1
10110111011101110 1
11110110011001100 1
10110110111101101 1
11101111011111011 1
11111110011001111 1
11111111011101111 2
11111110011001110 2
10111111111001101 1
11110011111001100 1
10000100111101100 1
10111110101001100 1
10111110011101111 1
10111111011100110 1
10101111011001101 1
10110110011011110 1
11100111110011110 1
10110110011111111 1
10111110011001110 1
11111110111010111 1
10000111001011100 1
10111110011101011 1
10111111001111101 1
10111110111101111 1
11000111011011010 1
00100111011111100 1
10111111011111111 2
11111110011100111 1
10100111101111100 1
10100110111111111 1
10100100011111100 1
11110110101001100 1
01111110011111100 1
11111111011001100 2
10100110111110110 1
10101111011111110 2
11100111011001111 1
11101111011101111 1
11101110111001110 1
00110101111101110 1
10100111111111101 1
00111110110011100 1
10101100111111110 1
11110111111101110 1
10010111111011100 1
11100111111001110 1
10110110011001100 1
10100110111011101 1
11100111110001110 2
11100100111111100 1
10111110011011110 1
11110110011111101 1
11100110001001100 1
11110100111001110 1
10111110011101101 1
11001110111011100 1
11000111111111111 1
11101110111111110 1
10111111011101101 1
11111110100101100 1
11111111001001101 1
11110111111110101 1
10101100011101101 1
11101100011101100 1
10110110111111100 1
10100111011011101 1
10011111011101111 1
11101111111011110 1
10111110001111101 1
01100111011111100 1
11111100011101110 1
10101110011111110 2
10110111011001110 1
11100110111111111 1
11010111011111111 1
11100110011011100 1
11110100011001101 1
11111100011111110 1
10010111011011100 1
11100111111010111 1
10101110011001111 1
10100110011001101 1
11110110111011101 1
11111110111011101 1
