number of shots: 1024
more frequency result: 11110111111011100
11111111111011100 4
11110110001001101 1
11111111011001111 3
11101111111111100 3
11101110011001101 2
11111110011111110 3
11111111101011110 2
11111111111001110 10
11110011111011111 2
11110111101111101 1
11110111111101110 7
11110111111111101 11
11110110111011110 7
11111111111111101 16
11111111111101110 8
11111110011101101 4
11111111111111110 5
11110110111111111 4
11110111111001100 6
11110111011101100 6
11110111111011111 10
11101111011001100 1
11110111111011101 6
11100111011001111 1
11110111011111111 8
11110110101101101 2
11111110111101110 4
11110110111011111 5
11110111111111100 11
11111110111101100 3
11110110101001100 1
11111111111011101 10
11110111111111111 10
11111110011011111 3
11111111111011110 4
11110111111101101 11
11101111111111111 1
11110110011001110 2
11101110111001111 4
11011111011011111 1
11111111110001110 1
11110111111011100 18
11111111001001101 3
11110111001001101 1
11110110111111100 11
11111111111101100 9
11101011111101101 1
11110111011101111 6
11110110111111110 4
11110110001001111 1
11111110011111111 6
11101111111101110 2
11101101111011101 1
11111111011001100 3
11011110011001100 1
11110110011101100 5
11100110111111100 1
11101111111001100 2
11111010111101101 2
11110111111011110 4
11111111111111100 9
11110111111111110 5
11110101111111101 1
11111111011001110 8
11110111011011100 8
11110111011001101 6
11110011011101101 1
11100111011011100 2
11101111111011111 1
11100110111001100 1
11111110111011110 3
11111110011111100 1
11110111011010111 1
11101111111001111 2
11111111101011101 1
11100101011011101 1
11110111111100111 1
11110110111101111 6
11110110011001011 1
01000111111101100 1
11110111111001101 8
11011111011001100 1
11110111011101101 8
11110101011011100 1
11111111011111111 4
11111110111001100 5
11111111011101110 10
11001010111011111 1
11111110111111110 5
11110111111011010 1
11110110111001101 13
11111111011111101 5
11110110001111100 3
11111110011001110 4
11111111111001100 5
11110010101111100 1
11110110101001110 1
11110110111101110 6
11101110111111110 2
10100111011011111 1
11111110101011111 1
11101110011111110 1
11111110011101100 4
11110111001111100 1
11110110111111101 8
11110111111100110 2
11101011111111100 1
11111110111001110 4
11110111011101110 8
11110110111001111 8
11111111011101111 8
11111101111111110 1
11111110101011100 2
11110110101001101 1
11101111011011100 1
11111111011011101 7
11111101111011110 1
11110110111001110 10
11011111111001110 1
11110111101001110 2
11100111111111101 1
11111111111011111 8
11111111011011100 4
11110110011111100 3
11110111101011111 1
11100111111101110 2
11100111111001100 1
11110011111001111 1
11000111011001101 1
11110111011011000 1
11111110111011111 8
11101110111001101 2
11010111101001100 1
11111111011011110 2
11110111111101111 8
11100111011011110 2
11110011101111110 2
11101110011101101 1
11110111111101100 10
11110111110111111 1
11110110100011111 1
11111110111111101 7
11111111011101101 3
11101110011111100 3
11100111111001011 1
11111110101011110 1
11110011111001110 1
11101111111011100 1
11010111111011101 1
11110111111001111 7
11111111111001111 7
11110110011011111 5
11110110111011100 5
11011011111111101 1
11110110111001010 2
11110111011111101 5
11010110101001101 1
11110110001001110 2
11111110011111101 3
11110110011111110 3
11111111111101111 7
11011111111011100 1
11100110111101100 2
11111110111101111 3
11101110111001100 1
11110011111001101 1
11101111111101111 4
11010110111001110 1
11111111011001101 4
11011110111011110 1
01101110001111101 1
11111110001101101 1
11110110011001100 4
11110110111101101 7
11110111011001111 3
11111110011101111 1
11110111011001100 2
11110111101101101 1
11010111111111111 1
11101111011111110 1
11111110111001111 4
11110111111001110 5
11110110011011110 3
11111111111111111 7
11110110100011110 1
11111110011001100 4
11111011111101100 1
11101111011111111 3
11111110111001101 6
11111110111111111 6
11111111011111110 2
11111111111001101 10
11011110111101111 1
11110111011011111 7
11100111011011101 2
11111111011011111 3
11101111011011110 1
11010111111001100 1
11111010111111110 1
11100111011010100 1
11110110011111111 1
11101111011101101 1
11100111111101101 1
11110011011011100 1
11110110111011101 4
11110010011011111 1
11000110111111100 1
11110111101101110 4
11100110111001110 3
11110110011011100 2
11100111111001111 2
11111110001001110 1
11110111011001110 4
11111011111001110 1
11111111101111110 1
11100111011001100 1
11110110111001100 4
11101111111101100 2
11101111011011101 1
11101111111001010 2
11111110011001101 1
11101111111011101 1
11111110111111100 1
11110110011111000 1
11110111001001110 2
11110110011101101 3
11111110101101101 2
01110111111111111 1
11100111101001110 2
11010111011001110 1
11111110111101101 4
11010110111101100 1
11111010011001110 1
11110011111011101 3
11110110101011111 1
11111111100001110 1
11110111011011010 1
01000111111011101 1
11111111111000101 1
11110111011011101 4
11110011001011101 1
11111110111011100 3
11110111011111110 5
11111101011101111 1
11110110101111101 1
11000110111011111 1
11110111010111111 1
01001111111111101 1
11100110011011101 1
11111110010101100 1
11110110101001111 1
01101111111011110 1
11110111001001111 2
11000110111101100 1
11101111011111101 1
11111110011011101 1
11110110011001111 7
11110011111101111 1
11110011011110110 1
11100110111111101 1
11001111011101111 1
11110101011111111 1
11100111111111111 4
11101110011111111 1
11101111111111101 1
11101110111011110 1
11110110011100100 1
11100111111011111 1
11111111001011111 1
11110110011001101 3
11110101111101101 1
11111111111101101 3
11110110011101111 4
11111111011111100 3
10111110111001101 1
11101110111101111 2
11110110001111110 1
11010111111111101 2
11011111011101110 1
11001111111011110 1
11111111011101100 1
11010111111001101 1
11111010111111100 2
01001111111101100 1
11111010111011110 1
11101110111101110 1
11111011101111100 1
01110011011001111 1
11101110111011111 1
11110110011101110 1
11110011111111101 1
11010111011111100 1
11110110111101100 5
11011111011001110 1
11110111110001100 1
11100110011001111 1
11110111101111111 1
11101110111111111 1
11110011111001100 1
11111110011100111 1
10101110111001111 1
11110110110001111 1
11110110101101111 2
11100101011111111 1
11100110011001100 1
11111011011111100 1
11110111110001101 1
11101111111111110 1
11111110011011110 1
11111110011001111 1
11100110111101101 1
11110111101001101 2
11110111011111100 2
11110111101101100 2
11010010011111100 1
11100111111001110 2
11100110111101110 2
01110111111101111 1
11110110111101001 1
11110011001111101 1
11101110111011101 1
11101111011000110 1
11110110110101100 1
11110101011010100 1
11111111111111000 1
01101111011011111 1
11010111011101100 2
11111011111001101 1
11111110111011001 1
11111010111001101 1
11110110011111101 2
11111011011001110 1
11101111111001110 2
11011110111111101 1
11010111111111110 2
11111110001101111 1
11001111111101101 1
11101110111101100 1
11010111111001111 1
11100111110011101 1
11110111011000110 1
11100111011011000 1
11111010111011100 1
11110010111101100 1
11010110011011110 1
11101011111101100 1
11100111011001101 2
11100011111101100 1
01011110111011111 1
11100110111011111 1
11111111111001010 1
11111011011101101 1
11100110110011111 1
11100110111011110 2
11101111111001101 1
11110110100101111 1
11101111110001110 1
11111111110001101 1
11011010111101101 1
11110010111111100 1
11111111001111101 1
11110110101111110 1
11110110011011101 2
11111010011101111 1
11110010011111110 1
01101110110001100 1
11100111111101111 1
11110110101101110 1
11011111111001100 1
11100010101111101 1
11000111111111111 1
11101111011101111 1
11100110011001101 1
11110010011001111 1
11110111101101111 1
11110101111001110 1
11000110011001110 1
11111011011001100 1
11110111111111011 1
11010110111001100 1
11010110110011111 1
11110011111111111 1
11111111000101101 1
11101110011001110 1
11110111001101111 1
11100110011101100 1
11110111001011101 1
11111010111111111 1
11110110001011110 1
01110110111101111 1
11110111111011001 1
11101110111111101 1
11100110101001101 1
11111010111101111 1
11000111111011101 1
01101111100011110 1
11110110101101100 1
11011110111111110 1
10100111011001100 1
11101110011111101 1
01100110111111111 1
11100111111011011 1
11111110011101110 1
11101110011101110 1
11100011111011110 1
11110100011101100 1
11111110101111100 1
11101110011001111 1
11010011111011101 1
11111100011101101 1
