number of shots: 1024
more frequency result: 11101110111011101
11101110111011101 12
10101110111101111 6
11111111011011101 5
11101111111011101 10
10111111111011111 1
11101011111111101 1
11101100111011101 1
11110110111111101 6
11101110111111101 10
11110110111011111 6
11110111111111111 5
11111111011011110 1
11110110111111111 5
11101111011001101 8
11101010011001101 1
11101110110011110 1
11110111111111101 5
11101110011111101 5
11110110111100111 1
11111110011111110 1
11111111111011101 7
11110111111001101 2
10111110011001111 2
11111110111011101 12
11110111011101100 1
10100111011111111 1
11110111011111111 6
11111110111111101 10
11110110011111101 5
11110110011110110 1
11110111111001111 5
11101111111101111 12
11110110011011111 5
11101111111111111 6
11111111111011111 6
11111110011001100 2
11110110011011101 7
11111111001011111 1
11111111011111101 10
11101111111111101 9
11100110011111111 3
11101110011011111 5
11101110001111101 1
11100110111001101 5
11110110111101101 6
11110110111011101 3
11101110111101111 9
11101010111101101 1
10100110111111111 1
11101110111111111 10
11101110111001101 7
11101111011111111 5
01111110111111111 1
11101110011111111 9
11100110111101111 1
10100110111101111 2
11111110011011101 3
10100111111111101 1
11111110101111111 1
11101110011101100 2
11110111111011101 5
11100110111001111 5
11100110011011101 5
11100110111011101 5
10101110111101110 1
01101111111011110 1
11110110101011111 1
11100110111111111 7
11111111011111111 8
11101111101011111 1
11111110111111111 10
11101111011001111 7
11111111001101111 1
11111111101111101 2
11100110010101001 1
11101110011101101 5
11111110011111000 1
11100111011111101 2
11101100111111101 1
11110111011001111 1
11110110011011110 1
11111111111101111 1
11111110011110101 1
11110110011101110 2
11111111011101111 6
11110110111001111 5
11110111111011111 5
11111111011001101 5
10110111111001100 1
11111110011011111 1
11110111111101111 7
11111110101111101 2
11101011111011111 1
11100111011111010 1
11111111111111111 5
11101110111000110 1
10101111111001101 2
10111110111111101 2
10101110111011111 3
11101110011101111 8
10101110111001101 3
11101111011101110 1
11100010111001101 1
11111110111001111 8
10101110111011010 1
11100111111101111 3
11100111011111111 3
11101110111101101 8
11101110111001111 10
11100111111111111 2
11110111011111101 5
11110010111111111 1
10101110111111111 5
11111111001101101 2
11100111111011101 1
11111111111101101 7
11110110011001111 5
11101110011011101 6
11101111110111110 1
11111010111101101 1
11101111011111101 4
11110110011101101 4
11101110111011000 1
11101111011101101 1
11111111111001101 4
11111110111111110 2
11110110111001101 6
11101110111011111 9
11111110111011111 8
11111110011001111 8
11110111110101101 1
11111111111111100 1
10101110011001101 1
11111111011001111 6
10111110011011111 1
11101110101111111 2
11101111111101100 2
11101111111101101 4
10101111011111111 3
11101111111111110 3
11101110011010111 1
11101110011001101 6
11110111111011010 1
10101111111101101 3
11100111111111101 2
11111110111101101 8
11111110011111101 5
11111110011111111 9
10110110111111101 1
10111111111011100 1
10111110011001101 1
10101110011011101 2
11111111011101100 2
11101111111101010 2
11110110101111111 2
10101111111001111 1
11110101111011101 1
11101111111001110 3
11110111010001111 1
10101110011011111 1
11111111111111101 9
10111111111111111 3
10110110111101101 1
11101110011001111 3
11101110011100111 2
11111110011101111 9
10111110111101101 3
11101111111101110 3
11101111011101111 4
10101110011111111 5
11101111111011110 1
11100110111101101 4
11100110011111110 1
11101111011001110 1
11101111011011101 7
11101100011001111 1
10111110111011101 2
11111110001011100 1
11011110111001101 1
11111110111101111 11
10111111111011101 1
01111111101001111 1
11111110111001101 11
10111110011111111 1
11110110111111100 1
10100111011011111 1
11101111111001101 2
11110111011001101 4
11101111111001111 9
00101111111101101 1
11101110001111111 1
11111110111101000 1
10111111011111110 1
10110110111011111 1
11111011011011111 3
11111111101001000 1
11111110111011100 2
11111010111001101 2
11101110110101111 1
11101111001101111 1
11111111101101111 1
11101111001001111 1
11100111111101101 1
11101110011001100 1
11110110011001101 2
11110110111011011 1
11011111011101101 1
11111110011101101 4
11110111111111010 1
11111111111001111 7
11111111011001110 1
11111100111101101 1
10111110011011001 1
11110111011111110 2
11101011111101111 1
11111010111011101 1
10110111011000110 1
11100110111111101 4
01101110111001111 1
10111111011110111 1
11100111111101100 1
11110110111101111 7
10101110111001111 2
11101110111001110 1
10111110011111101 2
11110111011011101 2
10101110111001110 1
10101111011111101 1
10100110011111111 1
10101110111011100 1
11101110111101010 1
11100111101001101 1
11111111011101101 2
11101111011011111 4
11111111001111011 1
10111111011001101 1
11111010111111111 1
11100110111111110 1
11111111011011111 4
11111011111111101 1
11110111011101111 2
11100111011011111 3
11111111011001100 2
11110110111111110 1
11111011111110111 1
11111010111011111 1
11111110011001101 3
10110111111101101 1
11111110111001100 1
11110110011111100 2
11111111111011110 1
11001110111111101 1
11111111111001110 2
11110111101111111 1
01101111011011101 1
11111111010001111 1
11100100011001101 1
11010111110001111 1
11100110010111100 1
01111111111111101 1
11100110111111000 1
10101110011101101 2
11101110111011100 2
11100111011001110 1
10111110101011101 1
10100011011101111 1
11110111111101101 3
10111101011111101 1
11111110101111100 1
10101110111111101 2
10100110110111111 1
11111111111101110 1
11110111111011001 1
01100111111001111 1
11101111111011100 2
11110101111111101 1
11100111011001101 1
11111110001001111 1
11111111011111110 1
11100110011111101 2
11110111011001100 1
11111101011001111 2
10100111111101101 1
11111110011101110 1
11111110011100101 1
11110011011101111 2
10110111011101111 1
11111111111001010 1
11100110011001101 1
01110011111001101 1
11111110111101110 1
11110111111101010 1
11001110111101101 1
10100111111011111 1
10101111011101101 1
01111110111101101 1
10110110011111101 1
11101110111100101 1
11100111011101111 1
11111110111011001 1
10101111111111111 2
11111100111111111 2
11111110001011111 1
11100110111111100 1
11011110011011101 1
10101111111101111 1
10101110111101101 1
11100110011101111 4
10100110011001111 1
10110111010111101 1
11111110101001111 1
11100111011001111 1
11001110111111111 1
11111110101101111 2
11110110010001111 1
10101111011001111 2
11101110110111111 1
10111110111101111 2
11111100111111101 1
11110110011111111 6
11111010011011101 1
11001111111101110 1
11100110001001101 1
11101110111101110 1
11101101110001101 1
11101111111011111 4
11101111111011000 1
11101111111001000 1
10100110011111110 1
11101010111001111 1
11100110011011111 3
10111110111111111 1
10101111111000101 1
11101110101011111 1
11011111011110111 1
11101111010011101 1
11100111001111101 1
11111111110111110 1
11010111011111101 1
10101111001101101 1
10110110111000110 1
11111111101110101 1
11100010011111101 1
10110010011011111 1
10100110111011110 1
11101101011001101 1
11111010111111101 1
11101110111111110 2
11101110101100100 1
01111110111001111 1
01101110111111111 1
11101110111011110 1
11101111101101101 1
11111110111110100 1
11100110011111000 1
11111010111001111 1
10101110111110100 1
10111111111001101 1
11101111111001100 1
11101110011111100 1
11100111111110100 1
11101110011111011 1
10111110111001101 1
11100111111011111 1
11110111011100101 1
10001111011001101 1
10101111111101110 1
11100111101001111 1
11110111111111110 2
11110011010101110 1
11111110111000111 1
01110111011111111 1
11110111101011101 1
11101110111010000 1
10110110011111111 1
11110111111101100 1
11110111011101101 3
10101100011010111 1
10111111010101111 1
11110110111101100 1
11111111111110111 1
11110011111101111 1
11100111111001101 2
11110111111001110 1
11100111101111101 1
01100110001101010 1
10111111111111101 1
11101110011110101 1
11110010001101111 1
11111101111011111 1
11111111001111111 1
11110010111110111 1
11110111011011111 2
11111100011001101 1
11101110111011001 1
11110100111001101 1
11001110111101111 1
11111111001001100 1
11100111011001100 1
11110100111001100 1
11111100011111101 1
11111010111101111 1
11110100011011101 1
11111110111001010 1
11110110011101111 1
11111111101111100 1
11111010011111111 1
11101110111101100 1
11111110011111010 1
11101110111111011 1
11111111111111110 2
11111101011011111 1
11100111101101111 1
10101110111111010 1
11110100011011111 1
11111111111000111 1
10110111111001111 1
11110010011101101 1
11011111011111111 1
10101110111011101 1
11100111011011100 1
11111100011011101 1
11001111011101100 1
11001111011111111 1
11101111001101101 1
10111111011111111 1
11101111010101101 1
11001110111011101 1
11111110010011101 1
