number of shots: 1024
more frequency result: 11111111011000101
11111111111100100 10
11100110011001101 1
11110111111000101 4
11110101011001110 1
11111101111001111 3
11101101011100101 2
11111110011000100 5
11110111111100100 6
11111111111000101 10
11111111011100101 7
11101111011000111 2
11111100011000111 3
11111111111101101 7
11110100111110111 1
11110111111100111 1
11110111111101111 2
11101101111000101 1
11111110111100110 5
11110101011000110 3
11111101111100110 1
11111101011000101 5
11111011111010101 1
11111111011110110 3
11100110111011111 1
10110100111001100 1
11111101111100101 6
11110111011001110 1
11101110110000101 1
11110111011111111 1
11101111111000111 3
11101111111001100 1
11111111011000100 4
11110110011001110 2
11111101111101111 4
11110111011000110 5
11111111011110111 2
11110100011000000 1
11111101111010101 2
11111111111100101 8
11111101111101101 2
11111110011000110 3
11111100011100110 2
11110111111100101 5
11111100110110100 1
11101111111100111 2
11111100111011100 1
11111111111000110 7
11100110111100110 1
11110101111100111 4
11101111111000100 1
11110110011101101 4
11110010011100111 1
11101111111111100 1
11111110011100101 4
10111111011001111 1
11111100111001101 1
11111101111100111 6
11111110111100100 5
11111101011001110 3
11111111011000111 12
11110110011001111 3
11100101011000100 1
11111101011100111 4
11101110011101101 1
11111110011010111 1
11111101011100101 6
11001101111100111 1
11111111011000110 8
11100101011000111 1
11110100011001100 1
11111111111000100 5
11110110111010110 1
11110111011100111 3
11110110111101100 3
11111100011000101 4
11100101111100100 1
11111110011100100 4
11111110111100111 5
11111111011100111 10
11111110111000101 3
11111110011100111 4
11111101011010111 2
11111100011001110 1
11111111011000011 1
11110110011100111 3
11110011111100110 2
11111101011101101 6
11111111011101110 3
11111100111111110 1
11110001011100101 1
11111111111100111 7
11111100011001101 1
11110111011000100 2
11110110011000110 4
11101111111111111 1
11111111011000101 15
11110110011000111 5
11111101111110101 4
11110100011001110 2
10100110011111100 1
11111100111000100 1
11111110111000111 1
11101101011000100 1
10111111011100110 1
11111111011011111 1
11000110111110100 1
11110110011010110 1
11001110011100100 1
11111100011000100 3
11111110011001110 2
11111110111001111 2
11111111011100100 10
10100111011000111 1
11111011111100111 1
11111111111001000 1
11110101011000111 4
10111101111000100 1
11111111011001111 6
11111101111001100 3
10110110011110110 1
11110111111100001 1
11100111111001110 1
11101110111000101 2
11110111111001111 1
11110111011001100 3
11110101011101101 2
11110110011001100 3
11110110111110111 1
11110110111000110 1
11100101011101101 1
11110111011010110 1
11111111011001110 5
11110101111110111 1
11111110011000101 3
11110011111000110 1
11111101011000100 7
11111111111100110 2
11101111011000100 1
11101101111100110 1
11111100111001110 1
11110110111100111 5
11110111011100110 7
11111111111001111 3
11111111111011101 1
11111100011001111 1
11110110111100100 1
11111100111101110 2
11110110011010111 1
11111111011010100 2
11100101111010100 1
11111111111010000 2
11100100111000101 1
11111111011101111 5
11111110111011110 1
11110111011000111 6
11111101011000111 3
11111111111001110 2
11111111011001101 6
10111111111101111 1
11111111011101100 3
11111111111101110 2
11111100011001100 3
11100111011111110 1
11111111111010110 2
11111110111110101 4
11111011011101111 1
11110111111111110 1
11111111011100110 7
11111110011101100 3
11101100111000110 1
11111110011001010 1
11110100111010101 1
11101101111101110 1
11111111111000111 5
11101110011000101 1
11101110011101100 1
11110111011100101 2
11100111011100110 2
11111100111000110 2
11101111011100111 2
11110100111101111 1
11101111111001111 1
11111111011101101 8
11111101011001100 2
11110111011101100 4
11101101011001101 1
11111100011111110 1
11111101011110111 1
11111100011000110 1
11111100111110111 1
11111110111111100 1
11111101011100110 1
11110101011100111 2
11110100011110110 1
01110100011010111 1
01100110111010101 1
11110101011101100 1
11100110011110101 1
11110110111000101 1
11111110111101101 3
11111110111001100 1
10101111111100110 1
11110100011100111 2
11111111111001101 4
11111111111110100 4
11111100111101111 1
11111111011110100 1
11111110011111100 1
11110110011111110 1
11111101111110111 2
11111100011110101 2
11110100110001101 1
11111101111000110 1
11111101111000101 1
11110100011100100 4
11110111011111101 1
11111111111101100 3
11111100111000111 1
11110100011011100 1
11110110011100101 3
11111110111001101 2
11110111011011111 2
11111101011101111 5
11110100011000110 1
11111101011100100 4
11100111111110101 1
11110110111001100 3
11111101011010100 1
11111101111101100 2
11110110111100101 4
11101111111001011 1
11000111011000100 1
11110100011110100 3
11111111011111101 4
10111101111100101 1
11111110011001101 3
11100100011000110 1
11100110111001110 1
11111111111110101 1
11110100111100111 2
11111111011001100 4
11110110111001111 1
11101100011000100 1
10111101011100100 1
11110110011101111 4
11110110111001101 3
11100110011001100 1
11100101111001111 2
11001100111111111 1
11111110111001110 1
11110100011111110 1
11110100111111111 1
11110111011001111 2
11110110111110100 2
11110110111111101 1
11101111011111101 1
11111100111100100 3
11110101011100110 1
11111101111001101 1
11001101111100101 1
11110111011100100 3
11100111111000111 2
11110111011110111 1
11101111111010111 1
01100110111000111 1
11110111011110101 1
11111111111110111 2
10111110111000111 1
11110100111100100 4
11101111011100101 1
10101111111101101 1
11110110111000111 4
11111111011111100 2
11101111011000110 1
11111110011101111 4
11111110111100101 3
11110111111000111 3
11111110011110110 2
11110111011110110 1
11111110111110110 1
11110110111100110 2
11111111111010100 2
11111011011001100 1
11111001111001101 1
11110100111010111 1
11110100111000101 1
11101110011110100 2
11101100011001111 1
11111100011101110 1
11110110011100110 2
11101111011000101 2
11111110011011110 1
11111100111110110 2
11110100011101101 1
11110110011101110 2
11111101111000111 3
11110100111001110 1
11111100111100110 1
11111100111001111 2
10110110111101100 1
11111101011101110 2
11001111011101101 2
11110110111100010 1
11111100011101111 2
11110110011000100 6
11101110111110111 1
11101111011001110 1
11111011111001001 1
11101100111011101 1
11101111101110101 1
11101111111101101 1
11100110011101100 1
11100100111001110 1
11111100011100101 3
11100100111011101 1
11101101111101100 1
11111111111100001 1
11111101111110110 2
11101100011001101 1
11100100111010111 1
11110111111001010 1
11100110111100100 5
10110110011100101 1
11110100111100110 2
10111101011101110 1
11111110111111101 1
11110110111101110 1
11111001011101001 1
11011111011100101 1
11110100111101101 1
11110001111100101 1
11110100111100101 3
11111110011111101 1
11110110011101100 2
11110110011001101 1
11100111111011111 1
11111111001000101 1
11111110011100110 5
11110101111000000 1
11100101111001011 1
11101111111100100 4
11101101011000111 1
11101111011110110 1
11110000110000111 1
11111111011100010 1
11110101011100100 1
11111101111000100 1
11110100011100101 1
11111101011110110 1
11100111111001111 2
11101111111101110 1
11011110011001101 1
11110100111111110 1
11111110011000111 3
11110111011111011 1
11110110011110101 1
01110100011100100 1
10111111111000100 1
11001110011000110 1
11110110011001001 1
11110100011100110 1
10111111111010111 1
11110110111010100 1
11110110111111111 1
11101110111001110 1
11100111011110101 1
10110100011100110 1
11110110011100100 2
11100100111100100 1
11111111111001011 2
11100110011000110 1
11110111111101101 1
10111101111001000 1
11111100111101100 1
11111111111011111 1
10110111011110100 1
11110100011000101 2
11111100111100111 2
11111110011100001 1
10101110111101100 1
11111111111010101 2
11111101011001101 3
11100111111001100 1
11110111111101110 1
11111110111000100 2
11111100111101101 2
10111101011100111 1
11101110011100101 1
10111111111001101 1
11001111011001100 1
11101100011101101 1
11100100011000111 1
11100010011000101 1
01111111111001011 1
11111110011001111 1
11111110111110100 1
11100111011101000 1
11111001111101111 1
11110111011101111 4
11110101111010110 1
11011101011101010 1
11111110111101110 2
11110110111100001 1
11101101111000110 1
11110111111110100 2
11110111111111100 1
11111101111111111 1
11001111011000111 1
11100100011100101 1
11101101111001100 1
11111110011101101 1
11100111111101110 1
11100110111000111 1
11100101011100101 1
01101111111001100 1
11100100011101110 1
11101111111110101 1
11110101111100101 1
11001001111100101 1
11100111011000101 1
10111111011100100 1
11101111011101100 1
11111100011000011 1
11110101111010010 1
11111101011111111 2
10101111111100111 1
11110110011110111 1
11100111111110100 1
11101101111111100 1
11110101111100110 1
11111111101001100 1
11111111111111111 2
11111110011110111 3
11110110111110101 1
11110101011100101 1
11111001011110111 1
10111110111101100 1
11110101011000101 2
11111101011100001 1
11110101111000111 2
11101100011000101 1
11111101111101001 1
11110110111110001 1
11110011111101101 1
11111101111111100 1
11110110111010101 1
11110110111101111 1
11110100111000111 2
11110111111001101 2
11111100011101100 1
11111110111101111 1
11101111011100100 1
11110111011000101 2
11111110111000110 3
11111101011011111 1
11100111011100101 1
01101101111010101 1
11111111111001100 1
11111110011010100 1
11110110111001110 2
11111101111001110 1
11101110011000100 2
11110111111001110 1
11001111001011111 1
11110111011101110 1
11110111011001101 1
11110111111011111 1
01100101111100101 1
11100111111000100 2
11111111011010110 1
11101101111000111 2
11000100011100101 1
11110111111000110 2
10111101011100101 1
11111100011011101 1
11001111011101110 1
11111101011001111 2
11101101011000110 1
11111111111000000 1
11111110111101100 1
11001110011101110 1
11110101111000101 1
11100101111100001 1
01101111111000101 1
11111100111100101 1
11111101111110100 1
11110101111100100 1
11110101111101101 1
11111101011101100 1
10110111011100100 1
10111011011111101 1
01111111111001110 1
11111110111010100 2
11100110111101110 1
10111101011100110 1
01111110011100101 1
11100111111111110 1
10111110011110101 1
11101101011000101 1
11111111100110101 1
11101101011100111 2
11100110011000100 1
11111101011000110 1
11111111111001001 1
11101110111000100 1
11110101111110100 1
01111110011000111 1
11111100111000010 1
11111111010001111 1
11101111111010110 1
11111111011110101 2
11110111111010111 1
11101100111100101 1
11111011011100111 1
11111101111010111 1
10110101011110101 1
11100111011001100 1
11110111011111110 1
11111111111110110 1
11111111101001111 1
10111111111100101 1
11110111011010111 1
11110110001000111 1
11101110011001100 1
11110111111100110 1
10111110011010001 1
11111100001010111 1
11101110011000010 1
11110100011000100 1
11001101011101100 1
11110111001000110 1
11101111011001101 1
11011111110111100 1
11111111011011110 1
01110110011101101 1
11100110011001111 1
11101111111001101 1
10111111011101000 1
11110111111001100 1
11101111111100101 1
11100110111000110 1
