number of shots: 1024
more frequency result: 11100111011001101
11101111111011101 5
10111010111011111 1
11110110011011111 1
10101110111101111 1
10111110110101101 1
11101110111101100 1
10111111111101101 6
11101011111110100 1
11101001111001101 1
11100111111011101 7
11111111011101111 4
10111111011101101 4
11111111111001111 7
11110111111101111 2
11111011111101111 1
11100011111011111 2
11100010011001111 3
11110011011001101 1
10111111011011101 2
11110111101101101 1
10101111111111100 1
11101110011101111 3
11101100111001111 1
11100110111011111 2
11101111111001111 7
11111110111101101 9
11110111011001101 7
11101111111111111 1
11100111011101111 3
10111110011101101 2
11110111001001111 1
11110110011101111 4
10110110111001111 1
11110110011001100 2
11101011111011100 1
11110110111011101 5
11111111011101101 7
11111111111100111 1
10100101011101101 1
11100111010011111 1
10110110011101111 2
11100110111101101 2
11111111111001101 7
11110111111000110 1
11111110101001101 1
11111110011111101 4
10101110101111111 1
10100010001111110 1
01100010011001101 1
11111110011101101 4
11111111011101100 1
11111010011011101 1
10111110111001101 5
10111110011111101 5
10111111011111111 1
10100111111011111 1
11100110011001101 5
10101110111101101 2
11100110111001100 1
11101111111011111 2
11100111011001111 2
11111111011011100 1
11100111011111101 5
10110111111011100 1
11100101011101101 1
10110111111111101 4
11101111011011000 1
10101111011011110 2
10100111011001101 3
11101011011101101 2
11111100111111101 1
11110110011111011 1
11110111111111101 2
11111110101101111 1
11101110001111100 1
11101110101001101 2
10100110101101110 1
10111111111001101 3
11110010111111111 1
11100110011111111 1
10110110011011101 2
01101110011101101 1
11101011111001101 2
11011111111001100 1
10110110111011101 1
11100111011001101 11
11111110011001111 4
11111000011001101 1
10110011111001101 1
10101011111101100 1
10101111111011101 2
10100110111111101 3
11101011010101101 1
11100110111111101 4
11101111111111101 6
11100011111111101 2
11101110011001101 9
11100111111001101 3
11101110111111101 5
11111010011101111 1
11101110111001101 7
11101111111101101 5
11110111011101101 5
11101111011101111 3
11100011101001111 1
10101111111101101 3
10100010011111100 1
11111111011111101 5
11111011011001101 1
11101010111001111 3
11101110111011101 4
10100111011011111 4
11101111011111101 3
10100111111111111 1
11110111111101101 3
11100110011001100 1
10110110011001101 5
10100111011101101 3
10111111111100110 1
10100110111001111 4
11010110111011101 1
11110110001111101 1
10100111111001100 1
11110010111011111 1
10101110111011111 2
11100111011011101 2
11111110110011111 1
10101010111011101 2
11111111111111101 4
11101010111111101 1
11100111011011111 1
10110111111101111 2
11111100111111100 1
10101110011111111 2
10111110111011101 1
10111011111001101 4
11111111101001111 1
11100111111101101 6
11110111111001111 5
11110010111001101 2
11111110011001110 2
10110111111001110 1
10101111011111111 1
11111011111111111 2
10101110111001101 4
10100011111111101 1
10111110011101111 1
11111111111011111 2
11110110011001111 4
11111111111011101 2
11101111111101100 1
11100110011101111 2
11101111011001101 3
11110111011011111 3
11110010011111101 2
11100111111001111 2
11111110111111101 4
11100110011011111 2
10100111111001101 4
11101110111101111 1
11111010111011101 2
10101010011111100 1
11100110111101111 2
10111110111111110 2
10111110111101101 4
11100110011011101 4
10101010111101111 1
11111110101011111 1
11110111111011101 3
10111111011001110 1
11111010111101101 1
11100110011111110 1
11100110111011101 3
11110110011001110 1
10101111111001101 5
11100111011101101 5
11110111001111101 1
11100111001111100 1
11110101111101101 1
10111110111001100 1
11100010111001101 1
10110110111001100 1
10101110111111111 2
11101110011011111 3
11111111001111101 1
10101110011001101 6
11101111011010101 1
11100111111011110 1
10111110111101100 1
11110111011001111 5
11110110011101101 4
10100110111001101 5
11101111110101101 1
11111110111001101 6
10101111001001101 2
01111011111001101 1
10111011111101101 2
11111100111001111 1
11110110001011101 1
11101011001111101 1
10111111011111101 4
11110100011111101 1
10101111011101101 4
11100011111001101 1
11111010011101101 1
10111110011001101 5
11110110011111100 1
10110110001111101 1
11111110101111100 1
11100111111001100 4
11110110111001101 5
11101110111111100 2
11101111111001101 8
10111110001111110 1
11110110111111111 2
11110100011011101 1
10111010111101111 1
11111111111101101 5
11111111010011110 1
11111111011001101 4
11101010101001101 1
10111111111111101 3
10100110111101111 1
11110010011101101 2
10110110111001101 1
10111101111011101 1
10100010011111101 1
10110110010001101 1
11111111001001110 1
10101010011111101 1
10110011011001101 2
01101110011101111 1
11111111111101111 2
11110110011111101 2
10110110011111101 3
11100011111001111 1
11101011001001101 1
11111010111001101 2
11100010011011111 1
11100111011001100 1
10110011111011101 1
11101111011011111 1
11111110011011101 5
11111110101011101 1
10111110011011101 2
11100011111011110 1
11101110111011100 1
11100110011001111 1
10100110011111110 1
10111111010011101 1
10101110011011101 2
11111110010001101 1
10110110111111100 1
10110111011011101 3
11111011011111110 1
11110111010101101 1
11110100111001110 1
01110011011011101 1
10100111011101100 1
11100010111001111 2
11110111101001100 1
11110110111011100 2
11100111001101101 1
10101111011011101 3
11101111010001101 1
10101010011101010 1
11111011011011101 2
10110101011111111 1
11101101001111101 1
10101110011101101 2
01110111011111101 1
11100110011111101 3
11111011111011101 2
11100011011001101 1
11100011111101111 2
11100110001101101 1
11100110111001101 3
10110110010011101 1
10111111011111100 1
11100010111101111 1
10101111011001100 1
11100110011101101 3
10111011011001101 2
11111101011001111 1
10111110101001101 1
11110111011111101 1
10110111011001110 1
11110110111111101 2
10110111011001101 2
10101100011001101 1
10101010111011111 1
11101110011111101 1
11101010111011101 1
11110110101011101 1
11101010011011100 1
11110010011001101 2
10110110011011111 1
11101011011100110 1
11101110011101101 6
11110110011001101 4
10100110011111101 1
11110111111001101 9
10111111011001111 1
11101100011000111 1
10101111111001111 1
10110110011001100 1
11101010011001111 1
11101111011101101 6
10101110011001100 1
10101011101101111 1
10101110111111101 5
11101111011001100 1
10101111011111101 2
11111011111111110 1
10101111111011111 1
10101110011111101 3
10110100011001100 1
11100111011111110 1
11100111111111111 1
10101111010011101 1
10110111011101111 2
11101111011111100 1
11100010111101101 1
11111110011101111 7
11110011011101101 1
11110111111111111 3
10110110111111111 1
11110011111001111 1
10101101111011101 1
11111110011101100 1
11111011011111101 1
10110110011101101 2
10110111011111101 1
11111011011100100 1
11110110111101110 1
11101100011001101 1
10101110111101100 1
10111101011001101 1
11110011011001111 1
10110010011101111 1
10100010011101101 1
11110011011001100 1
11101011011001111 2
10110111111101101 1
11100111101101101 1
10110011011101100 1
10111110111010100 1
11010011111111101 1
11111111011101110 2
11100111111111101 3
11101010111001101 1
11110100111111101 1
10110111011101101 1
11100010111011100 1
11110011101011111 1
10100011011001101 1
11101110111111110 1
11110110111101111 1
10100101011110100 1
11111111111101100 1
10100111111101101 2
11111011011101110 1
10111110010111101 1
11111110111101111 2
11110101111011101 1
11111111101111101 1
11100101011001111 1
10100111011101111 1
10110111001011101 1
10110010111101101 1
11110110011111000 1
10101010011001101 1
11100111001001111 1
10110011011101111 1
11100110011001110 1
11100110010011111 1
11101011011000110 1
11101011011111100 1
11101010011101111 1
11110110011011100 1
11100010111001100 1
11111110011001100 1
10100011011001100 1
10110101011111101 1
11110011111101101 2
10111111111011101 1
11100111101011101 1
11101110011000110 2
11110010011011101 2
10100110011011111 1
10101010111101101 1
10111110111111111 2
11100111011101100 1
11111111011010100 1
11101110111001111 2
10100111111111100 1
11111111111111111 1
10101010011011101 1
10111111011011111 1
01101010011101101 1
11100011111101101 1
11110010011011100 1
11101000011001101 1
10110010111111101 2
10110110111101111 1
10111000111001101 1
11111110011111111 1
10101111111111111 1
10100010011111111 1
11110111011111100 1
10110110111101110 1
10100111011111101 1
11101010011001101 3
11100111111001110 1
11101111011011100 1
10111100111001111 1
10101011011001101 1
10111110111011100 1
10111111011001101 2
10101110111001111 3
11100110111001111 1
11111011111011111 1
10110101011001111 1
11111110011001101 4
11101011011011101 2
11100110010011101 1
11101110111001110 1
11111111011111111 1
11111011011001100 1
11100011111011101 3
10101111011011111 2
11111010111101111 1
11100110101111101 1
10100110111001100 1
11101111111001100 1
11111110111001111 2
10101111111111101 2
11110010011101111 1
10110010111001111 1
10111110011001111 2
10100110011111111 1
11101111011011101 4
11111010111001100 1
10111110011111111 1
11111010111001111 1
10101111101111101 1
11101111011111110 1
11110011111001101 2
11101011111011101 1
11101010011000110 1
11100110001001101 1
10100101111101111 1
11001111111011101 1
11111111001011101 1
10101111111101111 2
11110111101111101 1
11111111011011111 1
11100011111001110 2
11111010011111111 2
11101011011001101 2
11100111111101111 2
11111111011001111 2
11111110010111111 1
11111111111011110 1
11111010111111101 1
10101010111111101 2
10100110011001101 3
11110011111111101 2
10111010011001101 1
11111110111011101 1
11101111011001111 1
10111111111101110 1
11110010111101101 1
11101111110101111 1
10101100111011101 1
11110111111101110 1
10101111011101111 1
10110011011011111 1
11100100011001110 1
11101111101011101 1
10101011111111101 1
10101110011101111 2
10110111011001111 1
10111110111001111 1
11101111101111101 1
11101111011001110 1
01111010111001101 1
10100110001001100 1
01111110111001100 1
10011111001011101 1
10111010111001101 1
10110111011111111 1
11110110101001101 1
11101011011101111 1
10110110001011111 1
10111110011011111 1
11111111001101111 1
11111110011110100 1
11101110111101101 1
11110011111011101 1
01100110111101111 1
11101010011111111 1
11100101011001110 1
10100111011111111 1
11101110101111110 1
11111111101011111 1
11101110001101111 1
11101011100101101 1
10110111111001111 1
11110111111011111 1
10111110111111101 1
11110111011101111 1
10100011111101101 1
11100000011011101 1
11101110101101100 1
11110111111001110 1
10100111011011101 1
11100110001000100 1
10111111111001111 1
10101111011101100 1
11111111111101110 1
11101110010001101 1
10100011011011101 1
10111010011101101 1
10100110011101101 1
10101111111101100 1
11110110111011110 1
10111111101011110 1
10100010011011111 1
11110110101111111 1
11110011111101111 1
11101010011101101 1
11101110011000101 1
11110110001001101 1
10111111111111111 1
11111111111001110 2
11101011011111101 2
11100011011001110 1
11101110011001111 1
11110100111101101 1
11101011111101111 1
10111110101011101 1
10111111101101101 1
10110111111001001 1
11111110101001111 1
11111110001111111 1
10110001111101110 1
10100110100001101 1
11111110101111101 1
10101011111011101 1
10011101101101101 1
11111110001101111 1
11111010101111110 1
10010110111001101 1
11111111101011100 1
11101111111101010 2
11100101011011110 1
10101110011111110 1
10111110101011111 1
11101110011010100 1
10111110111001110 1
10100110011001111 1
10110010011001101 1
10101100111111101 1
11111011111111101 1
11101110011111111 1
11101111111101111 2
11101100111111111 1
10101111111101110 1
11100110110111101 1
11110111111011100 1
11110101111111111 1
10110011011011101 1
11101110011011100 1
10101011111000110 1
11111010011100100 1
10100011011001111 1
11110010111101111 1
11111101011001101 1
11001111111001101 1
