number of shots: 1024
more frequency result: 11111111111101110
11111110011001011 1
11111110011111101 2
11111111011111110 5
11111111111011100 7
11110111011011100 1
11110110111101100 4
01101111111101110 3
11111110011001101 8
11110010011101110 2
11111111111101110 14
11111111011001111 10
11010111111001110 1
01101111111111110 2
11111111111101100 6
01101110011111111 3
10101110111111100 1
11100111111001110 2
11101111011101100 2
10100111011011101 1
11111111111111111 8
11011111111101100 3
11110111111011101 2
01100110011001110 3
11100111011101111 1
01101111011011111 1
11101111111001111 2
11111100011001100 1
11110111011001100 1
01101111111111111 3
11110111111101100 2
10101100111101100 1
11110101111001001 1
01101111111111100 3
11110110111101110 3
11101110111001101 1
11111111111011111 7
11110110011001100 1
11010011011011111 1
11111111011001100 12
11110111111111101 4
11111111111101101 6
11110110011001110 2
11101111111101110 3
11110111111111110 2
11011111011101101 2
01100110001111110 1
11101110111111101 4
01101110111101101 5
11111111011101101 5
11101110111101111 3
01100110111101110 2
11110111111001111 1
11110110111001111 2
01101111011001111 1
11111011011111101 1
11110110111101101 3
11111110111001110 3
01100111111101101 4
11011110111111110 5
11101110111111110 2
11110111011001110 4
11111111111011101 5
11111111111111101 9
01100111111101111 2
11101111111111100 3
11001110011010111 1
11110101011001101 1
11111111011011110 3
10100111111101101 1
11000111111111111 2
01101111111011111 1
11111010011011111 1
01100111011011011 1
11111110011001110 4
11111111111111110 5
11011010111001101 1
11101111111111101 1
11111101111101111 1
11100110111000111 1
01000111111001101 1
01101111011111100 2
11110100011001110 1
01111111011111110 2
11101011111011111 1
01100111111111110 1
11111100111101101 2
11011111111111100 2
11111110111101110 9
01101110111011100 3
11111111111011110 5
11111110011111110 5
11111111011101111 3
11100111111101111 1
11110110011101101 4
11111111111101111 4
11001110011001101 1
11010111111001111 1
11101111111101100 2
11011111111011110 1
11111111111001110 5
11110110011111100 4
11100111011111100 1
11111110011101110 6
11111010111101111 2
11101110011111111 2
11000111111011100 1
11000010111111100 1
11110111111101000 1
11110110111011101 4
11110110111001110 3
11111110111111110 5
11111111111001111 3
01000111011011110 1
11101110011011010 1
11010111011111110 2
11111111011001110 7
11111110111111101 4
11111111111001100 8
11111101011101101 1
01101110111111110 3
01101111011101111 4
01100111111101100 2
11110111011011111 2
11011110011111111 1
11101110011111101 1
01011101111111110 1
11100011111101111 1
01110110111001110 1
11010111111111100 1
01011111111110111 1
01100110111101101 2
11000110111001111 1
11100111111101101 1
11111110111111111 5
01110111111001101 2
11110110011111111 1
11001101111011110 1
11110110011101110 5
11111110111011110 8
01000111111101111 1
11110111011101110 3
11110111111011110 3
01101101011101101 1
11101111011101110 1
11111111011111111 3
01100110011101110 1
11110111111111111 2
11110110111011100 4
11001111011111001 1
11100010011011111 1
01100111010011111 1
11100111111001101 2
11101111111011101 1
01101110011101100 2
11011111111111111 3
11011011011001110 1
11110111111011100 2
01100110011111100 2
11101110011001101 1
11101110001001111 1
01000111011101101 1
11111100111101110 1
11011111011011110 1
11000111011001110 1
11111111011011100 4
11011110011011100 1
11001110011110101 1
01101110011001111 3
11100110011111101 1
11111100101001111 1
11111011111111111 1
11111110011001111 5
11111011111001110 1
01100110111001101 1
11111110111001101 1
11111111011101100 5
11110011111011100 1
11111111011011011 2
01101111111101111 4
11110110111001101 1
11111011011001100 1
11001110011101101 2
11111111011001101 5
11101111111001110 1
01101111011011110 2
11100110011111110 2
11111110111011100 4
11100110011001100 2
01010111111001100 1
01101111111001110 3
01101110111001100 3
11110111011001101 2
11110111011011101 1
11111010111011100 1
11100111111011110 1
11100110111101100 2
11001111111011100 1
01110110011111111 1
11100100011000101 1
01100111111011100 1
01110110011001111 1
01101110111111111 2
01111110011001101 1
11010111011011100 1
01100011011001100 1
01101110011111110 1
01101110011001110 5
11111010111111101 1
11110110111111100 3
11011111111110101 1
11111111111111100 5
11100110011111100 1
11110111111001110 2
11011110111011101 1
11110110111101111 1
11110111111101101 3
11111111111001101 7
01100111011110111 1
01011111111101110 1
01101110011001100 4
11100111111101100 1
11110011111111100 1
10110111011111111 1
11101110111011100 1
11101110111011111 4
11011111011011111 1
01100111111101110 3
01100110111011100 1
11111011111101110 1
11111010111111100 2
01111111011001111 1
11100111111011101 2
11111111101111111 1
11110111111001100 2
01100110011001100 2
01110111111011110 1
01101111111101000 1
11001110111101100 3
01101110011101111 3
11101111101111111 1
01010011111001100 1
01011111111011111 1
11110101011011101 1
01101110111111101 1
11111110011111111 2
11111110011101101 2
01001111011001101 1
11111101011101110 1
01101110111111100 1
11100111011001111 1
11110111111101110 1
01101111111001101 1
11110110011011100 2
11100111111001100 1
11111010111101110 2
11101110011001100 1
11111110011111100 4
01100110111011101 2
11110110011011111 2
11001010011001100 1
01100111011001010 1
11100110111101110 2
11111110011001100 3
11011111111011101 1
11000111011101110 1
01100111011011111 2
11001110011011110 1
11100110111111110 1
11110110111001011 1
11101110111101101 1
11101110011101100 2
01101110111101111 1
01101111011111110 1
11110110011011101 1
11111110011101100 4
11101111011111011 1
11101100011001100 1
11101110111101100 2
11111110011101111 2
11111110011011100 3
11111111011111100 5
11011111111001100 1
11111101110001111 1
11111110111011111 2
11111100011011100 1
01010111111111110 1
11010110111111110 1
01100110111111100 2
11100111111101110 2
11100111111111111 2
11110100011011111 1
11100111011111110 3
11101111111101111 1
11100111011011101 1
01011010011011100 2
01101010111101001 1
11010111111101101 2
01111100111101111 1
11000110011111101 1
01101111011101110 2
11001110111100111 1
01100111011001100 2
11010110011001100 1
01111111011001110 1
01001111011101101 2
01101111111101100 2
11111110111011101 3
01101110011111100 1
01101110011011100 1
01101110011111101 2
11110110001111111 1
11110111011000111 1
11111100011111111 1
11110101111001111 1
01110110011001110 1
11110110011101100 2
11011111011111100 1
11111110011011111 2
11010111111111111 2
11111100011011111 1
11101111111011110 1
01101111111011100 1
11110111011011110 1
01010110111011111 1
11111110111001100 4
11101110011101110 1
11111110001001110 1
01100110011111110 3
11111110111101101 5
01000110011111110 1
11111110011011110 3
11000110111111111 1
11100111111111100 2
01100110111001100 1
11010110111101110 2
11110110111111110 4
11101110111011101 2
11110110111001100 1
11100110011011101 1
10100100111001110 1
11000110111111100 1
11000110011111111 1
11100110111111101 1
01100110111111111 1
11110111011111110 1
01001111111001111 1
11111110111111100 1
11011111011101111 1
01111111111111100 1
11111110111001111 3
01101011111111101 1
11100011011011010 1
11010110011101100 1
11101110111001110 3
01101111011111111 1
11001111011001100 2
01100110011011101 2
11000111111101110 1
11001110011011100 1
11111100111001111 1
11111010111001100 1
11111111011111101 2
10101111011001111 1
00111110111001100 1
01100111101101100 1
11000111011111101 2
11011110011111110 2
11101111011011110 1
01101111011001101 2
01111111111001101 2
11111011011011110 1
01101111111111101 2
11101111011001100 1
01100110011111111 1
11101111111111111 1
11111010111001101 1
11111011011111110 1
01111100111011111 1
11111110111101111 4
11101011110001111 1
10101110011111100 1
11100111111111110 2
11101110011101101 1
01101011110001101 1
01100111011101110 2
01100010111011110 1
11110110011001101 1
11110011111011110 1
01100111111001110 1
01100111011001111 1
01100110011101111 2
11101101111111101 1
11111110011011101 1
11110111011111100 2
11000010011001110 1
11110110011001111 2
11110010011111111 1
01101111011011101 3
11111110111101100 3
11011110011001101 2
01011111111111100 1
11110111011001111 2
11011111111101111 2
10111010111011110 1
01010111011101110 1
01100100111111100 1
11011111111101101 1
01110110111101101 2
01100011111111111 1
11000111011001101 1
01011010111001111 1
01000110011011111 1
11000110011111110 2
11100011011101111 1
01100010011001100 1
11111011111101100 1
01111111011111100 2
11000011111101110 1
11110010111111111 1
01100111011101100 1
11100110111101111 1
01101110011101110 1
11110111011101101 1
01111111011101110 1
01101111111011101 1
11111111011101110 2
11110111111111100 1
01010110111101111 1
11000111111111100 1
11001110011111100 1
01100110011011110 1
11000110011101100 1
11100110011001111 1
11110110111111111 1
11110011111101111 1
01100110111001110 1
01111111111111101 2
01100111111001111 1
01110110111101100 1
11110110111011110 3
01011111111001111 2
01100111011110100 1
11111011111001100 1
11101011111101111 1
01111110111111101 1
11110010011101111 1
01011110011101110 1
11001111111001110 1
01111110011101101 1
01111110111111100 1
11001111111001111 2
11101110111011110 1
11111111011011000 1
11011110111101101 1
11111011011101110 1
01100111111111101 1
11101110111001111 1
01001100011001100 1
11110110011111110 2
11111101011001110 1
11000111111001101 2
11110011111101110 1
11110010011111100 1
11110111011111111 3
01101110011001101 1
10100011111101100 1
11101111011001101 1
11100110111001100 1
11101110111111111 2
01101110011011111 1
11011110111101110 1
11100110101001101 1
10101111111111101 1
11001110111001111 2
11000111111011101 1
11011110111001110 1
01101110111001110 1
11111110011111011 1
11111111011000111 1
11001110011101100 1
01100110011101101 2
11011111011111101 1
11001010111011110 1
11110110111011111 1
11111100011001110 1
01100101011011111 1
11011110011001100 1
11110011011101110 1
01100110111001111 1
11101110011111110 1
11101111111111000 1
01101010111001110 1
11110011011110111 1
11111111110001100 1
11011110111101111 1
11110111111001101 4
11111111011011101 2
11110111111101111 4
11001111111101000 1
01110110111111110 1
11011111011001111 1
01001111111001101 2
01111110111101100 1
11110110111111101 1
11011111111111011 1
11111101111011100 1
11001110011101111 1
01100010111101101 1
10110111011101110 1
11010111011001100 1
11111011111101101 1
00100110111101110 1
01100111011111101 2
01111110111101110 1
11110010011011100 1
01001110111111100 1
11001110111011101 2
11010110111011111 1
01101111111011110 1
11111111011101010 1
11100110111011010 1
11110110001111110 1
01101001111001101 1
01100010011111101 1
11101110011011111 1
01011011011101111 1
11100111011111101 1
11110110011111000 1
01010111111111101 1
11110101111111110 2
11101110111101110 1
01100111011101101 1
11110010011001100 1
11101110011011110 1
11001110111101111 1
01100110111101100 1
11000111111101100 1
01010010011001100 1
01100111111111100 1
11000110111001100 1
11001110111011100 1
10110110111011111 1
11110110011011110 1
11110110011101111 2
01000111011111101 1
11101011011101111 1
11001111011011111 1
01100111011101000 1
11011111011011100 1
11110011011011111 1
01001110111111101 1
11101111111111110 1
11001011111101100 1
11111011111011101 1
01011110011011111 1
01101110111101100 1
11010110011101110 1
11101111011111111 1
11110110010001101 1
01101110111001101 1
01011110111111110 1
11111011111000111 1
11000110111101110 1
01011110111011100 1
11110010111101110 1
