number of shots: 1024
more frequency result: 11111111111001100
11100111011001111 4
11110110111011100 4
11110111111101110 3
11100111111001101 9
11111111011011101 3
11100110011001111 3
11111111011001101 7
11101110111011110 4
11111111011010110 1
11111111011011110 4
11100111111011101 4
11100110111001101 6
11111111111111110 5
11101110111001111 1
11111110111111101 4
11110110111101110 2
11111110011101101 3
11110111011101100 2
11100111111111101 5
11101110111111110 5
11111111111001110 7
11111111111001100 13
11110110101101011 1
11101110111011111 6
11101111111111111 5
11101111111011110 4
11101110111101100 3
11101110111001100 3
11101111110111111 1
11100111001111111 1
11110110111101101 3
11101110011111101 2
11100110111111111 2
11110110101101111 5
11100111111101101 2
11100111111101111 6
11101111011001100 3
01100110011101110 1
11101111111001111 9
11101111011001101 5
11110110011011110 6
11100111101011111 3
11111110011111111 5
11100110011111111 4
11101111011011101 3
11111110111101110 4
11101111111101111 7
11110111111101101 2
11111110111111111 5
11110111101011111 2
11110111111001111 3
11100111101011100 1
11101111001001101 1
11101110011001111 9
11110111111011100 3
11101110111100101 1
11110110111001110 6
11101110001111111 2
11110111001011110 3
11110110111001111 5
11110111011001100 6
11111111101111100 2
11000110001011101 1
11110110111011111 7
11110010001001101 1
11111110111001110 7
11110111011111101 4
11101110011111110 3
11111110111011110 3
11101110011001100 6
11100110111011110 1
11110110011011101 6
11100111101101101 1
11110110111101100 2
11111011111001111 1
11110111011000110 1
11111111111101111 1
11100111111111100 7
11100111111011100 6
11100110101011111 1
10100111011101110 1
11100110111111100 2
11110111001011100 1
11100110011001101 3
11101110101001111 1
11100111101001101 2
11110110101101101 2
10111110111011100 1
11111110111011111 5
11101110101111110 1
11111110101101111 2
11100110011001110 2
11111110011101110 1
11101110101111101 2
11101111011111100 4
11110111111001100 4
11101110111001101 4
11110110111111111 7
11101110101101101 3
11111111011111111 1
11100111001011110 2
11101110111011101 6
11100111101101111 1
11110111011001111 9
11110111101001100 1
11110110111011001 1
11111110111101111 2
11110111001101101 1
11110111111111111 3
11100110111101110 1
11101110011011101 3
11101111111011111 4
11101110111001110 5
11100111100111100 1
11101111101111111 4
11111110011111110 4
11101101111001110 1
11110110001111111 1
11110111011111111 2
11110111111001101 5
11111110111001111 5
11101111011101101 1
11111111111011111 5
11110111111011110 2
11111111011001110 1
01111110111001100 1
11101111101101111 1
11110110111011110 5
11101110111111100 2
11101111011011111 3
11111111111001111 5
11111111101011110 2
11101111111001100 4
11101111110001101 1
11100111011111101 1
11001111111111101 1
11111110011011101 6
11111100111111101 1
10110111110111111 1
11111111111111100 2
11100110111001111 2
11100110111011101 3
11101111101011101 2
11100111011011101 2
10110110111001101 1
11101110011001110 2
11111111111101101 1
11100111011001100 5
11100111011101110 3
11111110111001101 10
11110111111001110 7
11111110011111100 3
11100110101111101 4
11100111001101110 3
11101111011111111 1
11111110001011100 1
11100111111011110 3
11100111111001111 1
11100111111001100 2
11100111101111101 2
11110111111101010 1
11110111011101111 4
11111110101011100 1
11101110111111101 3
11111110101111110 1
11111111001011110 1
11101111101011110 1
11110111011011111 1
11101111001011111 2
11111110011101100 2
11101111011001111 6
11110111111101100 4
11110110011111110 2
11100101111001111 1
11100110011111100 1
11111111011011111 1
11110111111111101 4
11101111111001101 5
11111111111011101 7
11111110011111000 1
11111110011001110 2
11110110011101101 2
11110111011101110 1
11110110001111110 1
11100111011011111 2
10101110111011110 1
11111110111011100 3
11111110111111110 3
11111111001111110 1
11101111001011110 1
11101110110111100 1
11110110011001101 3
11100111101011101 1
11111110011011111 1
11101111101101110 1
11100111111001110 5
11100110111011100 6
11111111011001111 4
11111100011011111 1
11110111111011111 2
11110111101111100 2
11111111011001100 2
11110111011001101 4
11110110011101111 1
11111110011001111 5
11110111011111110 7
11110110101011100 1
11100111111111111 4
11011111111101101 1
11111111101001010 1
11110110111001101 1
11111010111111101 1
11111110011001101 2
11101111011101111 2
11100111111101110 3
11110110111111100 3
11111110011001100 3
11100111011111100 4
11111111000101101 1
11110111011011100 2
11110111111111100 4
11111111011111110 4
11101111101001111 3
11101110110011111 1
11101111111011101 5
11100111001101101 1
11101110000101101 1
11101111111101101 1
11111111111111111 7
11101110111101111 1
11100110011111101 1
11101110111010110 1
11101101111111100 1
11110110010011100 1
11110111010101111 1
11101111111001110 4
11101110001011111 1
11110110011001110 2
11111111011111100 1
11101110101011110 1
11101100011111101 1
11010110111001111 1
11100111011111110 2
11100111011111111 2
11111111110011101 1
11110111111011101 2
11100110111011111 3
11111010111001100 1
11100110111001100 3
11101111111111100 3
11111110111011101 7
11100111011011100 1
11111110101101110 3
11101111111111110 9
11101111111101110 3
11101010011011110 1
11100110111001110 6
11101100111101111 1
11101111110111101 1
11100110111111110 2
11111110111001100 8
11101110011011111 3
11110111011011101 1
11110110011111111 3
11100111011001110 4
11001110011001110 1
11100111111010001 1
11101110111111111 8
11011111011001101 1
11110110011001111 4
11100111101001111 1
11111100111011111 2
11101111110001110 1
11100110001101111 1
11100011011011111 1
11111111111011110 1
11111101011011100 1
11101010111111100 1
10110100011111110 1
11111111011101111 1
11010110111011110 1
11110100001111111 1
11110111010111101 1
11110111110101100 1
11110011111011110 2
11101011011111101 1
10111110111101100 1
11110111001001100 1
11101111011111110 3
11110110111001100 3
11111111101001110 1
11100110011101100 1
01110111001101110 1
11110110001111101 2
11101110010001111 1
11110111111101111 2
11110111001001110 1
11110111011111100 1
11111111101001111 2
11110110111101111 1
11001110001101110 1
11111111100111111 1
11100110011011101 1
11111111111111101 4
10101110011001110 1
11101111101011100 1
11101111111111101 5
11111110111111100 2
11111111101111111 2
11101110110111101 1
11111110001011101 1
11110110110001100 1
10111110011101100 1
11101110111101101 4
11110111101111111 3
11101111011011110 1
11100101111101111 1
11110111110111110 1
11101111011001110 2
11111110001111100 1
11110111111000110 1
11111111111001101 5
11101110011101101 1
11000110011001111 1
11101111001011101 1
11110110011111101 1
11110110011101100 2
11110111001101110 1
11110110111111101 1
11011110011001101 1
11001111011001101 1
11100111011101101 3
11101111001001110 1
11100111111111110 1
11111110111101101 2
11101111101111100 2
11000111111101100 1
11101110111011100 2
11111110101001111 2
11111101011011110 1
10111110111111101 1
11100110011011011 1
11100100011001000 1
11101100111111101 1
11101111001101100 1
11100110111111101 1
11100111111011111 1
11001111011101110 1
11110111101011100 1
11111010111111111 1
11100010111011100 1
11110110011111100 2
11101110001011000 1
11111111101101100 2
11100110101101100 1
11111110111101100 1
11101110101011111 2
11100110101001101 1
11110111110111101 1
11101110111001001 1
11111110101110110 1
10110100111011111 1
11100111001111001 1
11011111111111110 1
11110110111111110 1
11101110011001101 3
11110111011011110 3
11111111001101100 1
11100111110001101 1
11100110010111100 1
11110010111111100 1
11111111000001111 1
10100111111011111 1
11100110001101101 1
11100111111001000 1
11111111101001100 1
11100110011011100 1
11101110111101110 2
11111111011011100 1
11110111110011111 1
11111111010101111 1
11110111001001101 1
11110110101111111 1
11111111111001010 1
11101111011101110 1
11100100111001110 1
11100110101001110 1
11111110111000110 1
11101110011111100 2
01111110001111100 1
11100110011101110 1
11111111111111001 1
11110110110111111 1
11111011011011100 1
11110110101111110 1
10100111000101101 1
11101110101011100 1
10101111110011101 1
11111010111011111 1
11001111101101100 1
10111111011011100 1
11101111001101101 1
11111111101111010 1
11100111011011110 2
11101111101111101 1
01010110001001100 1
11111011001001100 1
11100110111101100 1
11111010111001110 1
11100110011011110 1
11110011111101100 1
11101110011101110 1
11110101011011111 1
11111100011100100 1
11100110011101111 1
11110110101101110 1
11100111011001101 2
11110111011011010 1
11101110010111110 1
11101111001011010 1
11111110001011111 1
11000110111011111 1
11100111001101100 1
11111111111101100 1
11000111111011110 1
11100110001111110 1
11110110001101101 1
11111111011101100 1
11110010011111101 1
11110110011011111 1
11110111011001110 1
11111110011111101 1
11101111111100101 1
11110111011010111 1
11110110011011100 1
11110110101011101 1
11100110101001100 1
11101100111001101 1
11100101011011110 1
11110110101001010 1
11110110101001100 1
11110111001111111 2
11110110001111100 1
11011111011111101 1
11100111101011110 1
11111110011101111 1
11110110010111111 1
01011111111101101 1
11110111110101111 1
11101111111101100 1
11111111011101101 1
11100100111001101 1
11110111111000100 1
10100110111001110 1
11110101111101100 1
11111110101111101 1
11101101111001101 1
11111011011001111 1
11011111001111100 1
11100110011001100 1
