number of shots: 1024
more frequency result: 11111110011001101
11110111111101110 1
11100110011111100 1
11111111111111101 8
11111111011111111 13
11110111111001101 3
10111110001101111 1
11110110011101101 5
11111111111001101 22
11111111011001101 26
11111110011101101 10
11101111111111100 1
11101110011001101 9
11111110101111101 1
11111111111101101 11
11100111011011111 2
11111111111101111 5
11111010111001101 2
11111010001001101 1
11111110111111111 9
11111011011001111 4
11111110011001000 2
11011110011101111 3
11111110110001111 1
11110111011001101 6
11100111111101101 1
11100110011111001 1
11111111011001111 23
11101010011111101 1
11111111011111101 12
11111111111001111 23
11100110011101101 2
11101110011001111 9
01111110001110101 1
11111110011001111 25
11111111011101111 10
11101111111001111 8
11111111011101101 10
11111010011111110 1
11101111111101101 1
11111110011011111 7
11111111011111110 2
11111111011001110 5
11111110111001111 17
11110110011001101 8
11111110011001101 31
11111011111001111 4
11100111001101011 1
11110011111101101 1
11111110111001101 20
11110111011001111 9
11101110111111111 2
11100110011011111 1
11111111010101111 1
11111110111011110 1
11111010011011011 1
11101110111011101 2
11101111011001101 7
11101111111111111 5
11111111111001100 5
11111111111011111 2
11110010011101101 1
11100111011111110 1
11101110111001110 4
11110110001101101 1
11101111011111101 6
11100110011001101 6
11110110111101111 2
11101111111011111 1
10111111111001111 1
11110110011001100 1
11111111110111111 1
11110111111101111 3
11101110111001101 6
11111110111101101 15
11111110111111100 3
01101011111001101 1
11101111111111001 1
11111111111000101 1
11111111001011111 1
11101110111001111 15
11110110111001100 1
11101110011111101 7
11111111001111111 2
11110110011011111 1
11111100111111111 1
11110111111001111 3
11100111011111100 1
11111111111011101 2
11111010011111111 1
11110110000001101 1
11101111011111111 6
11111111001001101 1
11111111011011101 5
11111110011001110 5
11110111010101101 1
11111110011101111 8
11111111001001100 1
11111111111111111 15
11111110011001100 7
11110111011111110 1
11101110111101111 7
11101111011011101 2
11111110111001001 2
11100111111011101 1
11101011111001111 1
11101111111101111 5
11111110011111111 17
11100010111001101 1
11111111111001001 1
11101111110000100 1
11110110011000000 1
11101010011001111 2
11111110011101110 2
11111111011011111 4
11100111011001101 3
11111111111111110 2
11111010111001111 1
11111111111001011 1
11111111010101110 1
11110011101101111 1
11111111011101110 2
11110111011101101 5
11101111011001111 8
11111110111011111 3
11011111111001101 1
11110110011011101 2
11111110111000111 1
11111111001011101 1
11111110111001010 1
11111111010101101 1
11100111111001101 4
11101111011001001 2
11110110011101111 4
11111111101001111 5
11110110111100110 1
11100111001101101 1
11101010011111111 1
11101111111001101 4
10111110111101101 1
11111110111011101 7
10111110011101101 1
11101111011101101 3
11110110010001101 1
11101110011001001 1
11111111111010101 1
11100110111011111 1
11111110011111000 1
11110111111011101 2
11110110111101101 5
11111111111001110 2
11101110101001111 2
11110111011011111 1
11110110111001101 1
11111110011001011 1
11011110001001101 1
01101111011001111 1
11101111011001100 2
11101110011001110 3
11110110011111101 1
11101111011111110 2
11100110111001101 3
11111110111111110 1
11111100011001111 1
11110111011111111 5
01111110111101011 1
11110111011011101 2
10111110010101111 1
11110011111001111 1
11100110110101101 1
11100110011111111 2
10110110011001101 1
11100111111001111 1
11100110011001111 5
11100111111001110 1
11111011011101100 1
11100111111111111 2
11101111111001110 3
11111110001001101 1
11110110111011101 1
11110110011001111 5
11100110111001111 2
01101110111111111 1
11111010111101111 2
11101010111111101 1
11100110111011110 1
11111010011001100 1
11101111111011101 2
11110111111011111 1
11111010011000110 1
11111111111111100 2
11110110110001111 1
11111111001101101 1
11100110011101111 4
01101110111001100 1
11111110111101100 2
11111110011111101 13
10101110011000110 1
11111110101001110 1
11101111011011100 1
11111110111001110 5
11111111111011110 1
10110111011001101 2
11010111111001110 1
11100110001011110 1
11101110011111111 4
11111110111101111 6
01100110111101101 1
11100110111001100 2
11101110110111111 1
11111010011110100 1
11110110001001101 1
11111110101101111 1
11101110011011101 2
11111110111001100 3
11011110011001111 1
11111110010111101 1
11111110011011101 3
11111110111111101 5
11101111111111101 2
11111010011001101 2
10111110011001101 1
01101110011001001 1
11111111011001100 3
11110111111111111 1
11001111011011110 1
11110111011100111 1
11110110111111101 1
11110110111001111 3
11111111010111111 1
11111111001001111 2
00111110111011111 1
11101110011011110 1
11101111001001101 1
11110110101101111 1
10111110011011111 1
11110111111111101 1
11101100111001101 1
11110110011111111 2
11110111111101101 2
11100110001011111 1
11111110111100111 1
11100111011111101 2
11111111010111011 1
11101110111101101 5
10111111001001111 1
11101010111001111 1
11111110011111110 2
11111011111001101 1
11100110111111111 4
11101110011001000 1
11111010011101110 2
11101111011011111 1
11110111011111101 2
11100011011111101 1
11101110001111110 1
11101110011101111 3
11110100111111111 1
11110100011101111 2
11101110010001111 1
11001110011101101 1
11111111001111101 1
11101111011101111 4
11101110011001100 1
11101110111111101 4
11100111111101100 1
11101110111101000 1
11111110001111111 1
11011011101100111 1
11111011111001110 1
11111110001110101 1
11101110011101110 3
11110011011001111 1
11101110011111110 1
11111010011101100 1
11110110011101100 1
11111100011101111 1
11111111011111010 1
11101110011101101 3
11101011011101101 1
11111110010011111 1
11100110101001101 1
11110111111000110 1
11110011011101111 1
11110110011111100 1
11111011111111111 1
11110100111101111 1
11100111011000111 1
11110110001101100 1
11111110110101111 1
11100111011101110 2
11101101101001110 1
11101110101111001 1
11111110011101100 2
11101111111101110 1
11101111011101001 1
11111111110001101 3
01111111111011111 1
11111010011001111 1
11111111010101011 1
11101111111001100 2
11100111011001111 3
11100111011101111 1
11100111110001101 1
10111010111111111 1
11110111111001110 1
11111111011111011 1
11100111111111100 1
11111111101011111 1
11111111010111101 1
01101110011111111 1
11101111011001011 1
11110111011101111 4
11111110111110100 1
11111111111111011 1
11111111011001001 1
11111111011100111 1
11111111101001101 4
10101110111001111 1
01101111011011111 1
11101111011000111 1
11110110101001101 1
11110110111101001 1
01111110011111101 1
11110110111000111 1
11100010111101101 1
11111101111111101 1
11101110011111100 1
11110110111110100 1
11111111011111100 1
11110010111111100 1
11111110101001111 1
11101110111110110 1
11111011011101111 1
11111110111101110 1
10110111111010111 1
11110110111011111 1
11110111111011100 1
11111111101101111 1
11101010111101100 1
11111110111011100 1
11110100111101101 1
11111110011111010 1
11101110011011111 1
10111110111111100 1
01101110011101111 1
11111011011011111 1
11101110111001000 1
11101110110001100 1
11100111111101111 2
11100010011111111 1
11111011111001100 1
11100101111011101 1
11101111010001111 1
11100110111101101 1
11011110111001111 1
11110110101111111 1
11101111111000101 1
10111111011001111 1
11100110011000101 1
11100111011101101 1
11101111011001110 1
11101110111011110 1
10111110111001101 1
11101111001111111 1
11110011011011110 1
11001110111001101 1
11110010011001111 1
11111111011110100 1
11110110111111111 1
11111010111111101 1
11111111111101110 1
11111110011011011 1
11111100111101101 1
11101011011111101 1
11101011011001101 1
11111011111101101 1
11111010011101101 1
11111010011011001 1
11101010011001101 1
11100110011111101 1
11110010111101101 1
10110101011111100 1
11111101101001111 1
