number of shots: 1024
more frequency result: 11111110111011101
11111110111011110 5
11101110111101111 6
11100111111101101 6
11111111011010100 1
11111010111001111 1
11111111111101100 3
11100110111101101 4
11110110011111111 4
11111111011111100 3
11101110011101100 4
11111110111010100 1
11111110111101100 3
11111111110010100 2
11111110110111111 2
11101111111111101 10
01101011111011101 2
11110111011101100 2
11110111111001100 1
11100011111111111 2
11111111111111101 10
10111111111010101 1
11110111111111111 2
11111111111011101 11
11101111111011100 3
11111010111010101 1
11100111111110100 1
11100110111010100 1
11111110111111101 13
11101110111101100 2
11111111111001101 8
11101110111111100 3
11111110111011101 14
11111111011110110 1
11101111111001101 4
11110110111111101 6
11110110111001111 4
11110111111110111 4
01100110111101111 1
11111110111001111 9
11111111111101101 13
11101110011011101 6
11001111111011001 1
01111110111111101 3
11111111011011100 2
11101111111101100 3
11111111011011110 1
11111010111011100 1
11111110111111111 8
11110110111101111 6
11111110111011111 5
11111110011011111 6
11100111111000100 1
11111111111101111 1
11111111011111101 6
11101111111011111 5
11111110011111111 6
01111111011011100 1
11111111111100110 1
11101011111111100 1
11111111110011101 1
11111111111111110 4
11101110111101101 3
11111110011101100 3
11110110011011101 6
11111010011111111 2
11111111111001111 1
01111111111101101 1
11101111111011101 6
11111111111011111 4
11101110111111101 8
10101110111101101 1
11111010111101101 1
11010111111001111 1
01100110001000111 1
11110110111001101 10
11101110111011101 6
11101010011111101 1
11110110011111101 10
10101110011101101 1
11101110111011100 5
11101111111111111 4
11101110111001101 8
11110011111111100 2
11111110011001110 3
01111111110111101 1
11110010111011101 1
11111111111100111 2
11110111011111100 2
11101011111101111 2
11111111011011101 6
11101010111101111 5
11101111111101111 3
11111010011111101 1
11110111111001101 9
10110111011011111 1
11111110111100110 1
11110111111011111 6
11111110111001101 9
11101110111110101 2
11101111011011101 7
11111011111101101 2
10101110111010101 1
11111110111000101 2
11111111011101110 2
10111110111101101 1
11111110011101101 6
11111010111011101 4
01101010011001110 1
11101110011101011 1
11101110011101101 1
01110111111101101 1
11111100111001010 1
11111110011001101 4
11110110111101101 9
11111111011101101 5
11110110111111111 4
11111110011101111 3
11111110011011110 1
11110111111011101 5
11101110011010100 2
11111010011011101 1
11111011111011101 1
11111110110101101 1
11101111111001111 2
10101110011010111 1
11101111111111100 2
11111110111111100 6
11101110011110100 1
11111110111010111 2
11111110110011100 1
11111111111100001 1
11101110011111100 2
10101111111011110 1
01101110111110101 1
11110011011011111 1
11111101111011111 1
11111110111110110 1
11110111111111101 11
11101111111101110 1
11110111110001101 1
11111111011101111 2
11101111110011101 2
11111111011001100 3
11100111111111111 2
11110111011001101 2
11110111011111101 4
11110110011101101 6
11111111011000101 2
11111010111111101 3
11101111011001111 2
11110110111011100 2
11111110111101101 9
11110110011011110 1
11100110011011101 2
11001110011111111 1
11101111111010101 2
11101111111101101 3
11111110011111110 2
11111110011001011 1
11100111111001111 1
10101111011111111 1
11100111111101110 3
11111110110101110 1
11111111011001101 3
11111111111100101 2
11100111111101100 1
11100111111011101 2
11111110011111101 5
11101110110001100 1
11100110111111101 4
11111111110111110 1
01001110011101100 1
11101111111101010 1
11111110011111100 2
11101110011110101 1
11100111111001101 5
11110111111111100 2
11111010011101111 1
11111111111111111 5
11100110111011101 5
11111111111011100 5
11111111110001101 3
11101110111111110 4
11101111111001100 3
11100110111101111 5
11100110111001101 1
01101110111001100 1
00110110111101100 1
11100011111110110 1
11110100011010101 1
11111110111101110 1
11111110011011100 5
11101110011001100 1
11111110011110111 1
11101110111111111 3
11101111011001100 1
11101011111101100 2
11100110011110101 1
11111110111001000 1
11111111111001100 5
11101011011110101 1
11111011111010100 1
11110111111001111 3
11101110011100101 1
11100110111101110 1
01101110111011111 1
11001101011111101 1
01110110011110100 1
11101111011011100 1
11100110111001111 2
11110010111101100 1
11111011111101100 1
11101110111000111 1
01100110111011111 1
11100110110111100 1
11110110111110100 1
11110111011011101 9
11110110011101111 3
11110111111001110 2
11110110111111100 3
11110011111011101 1
11111110111010101 2
11100110111100101 1
11101110111011111 4
01101111111011101 1
11111110111101111 3
11110111111101101 6
11111111111111100 1
11101111011000100 1
11110111011011111 3
11110011111111111 1
11110110011110101 2
11011110011001101 1
11001011011101101 1
11111110111011100 5
10101110011011101 1
11101110111100111 2
11101110111001100 3
11100010111111111 2
11111111111000101 2
11101110111110111 1
11101010110111101 1
11101010011011101 2
11101110011111110 2
11100111111101111 1
11111110111000111 1
11100011111100100 1
11101111011001101 2
01111110011101100 1
11111111111011110 5
11111110111001010 1
11110111111000101 1
11111110011100101 1
11110101111001111 1
10100110011101101 1
11100111011101110 2
11110010011100111 1
11111111011110101 1
11101110011011100 2
10111111111111101 1
11100111011001101 3
11110110011011010 1
11110100011011101 1
11110111001011101 1
01100010111111111 1
10110100111101111 1
11111110011011101 6
11110110011101100 1
11101110011111111 1
11110111111101111 2
11100111110101111 1
11100111111111101 4
11111110110111101 1
11101111011101101 3
01100111111111101 3
01100110011111101 2
11111111011001111 2
10101111111011101 1
11101010111101101 1
11100110111011111 1
11010111111010110 1
11101101110000101 1
11111110111111010 1
10100110111101101 1
11100111011101111 3
11100111011011110 1
11110110111011101 2
11101110011111101 1
01100110111011100 1
01100111111011101 1
11111111010101101 1
11100110011111101 2
01111100111111111 1
11100111011011100 1
00110110011111101 1
11110010111101101 3
11101010111000101 1
11100111111011111 1
11101111011010101 1
11111111111101110 1
01110111111101100 1
11100111011011111 1
11101110111010101 1
11101010011001111 1
11110111111010110 1
11100111111100100 1
11110110111101110 1
01101111011000100 1
11101110111001111 2
11110111111101100 3
11110111111101010 1
11111100011111101 1
11101111011111101 2
10111110111111101 1
11100110111011100 3
11100111110111111 1
10110111011000110 1
11110110010111101 1
11111110011010100 1
11110110111011111 2
11100110111110100 2
11111101011001101 1
11101111110101101 1
11110110111011110 3
11100110011011111 1
11101111011101110 1
11100011111101010 1
11110110111111010 1
11100110111111100 2
11101111111110101 1
11100110111011110 1
11110110111111000 1
11100110010101111 1
11101010111001100 1
01101111111111101 2
11100111111111110 2
00111111111011101 1
11111011111111111 1
01101110111111111 1
11111110011001111 3
10110110111101101 1
11110111011101111 1
11110111011001111 2
01100111111010101 1
11111111110101101 2
11111010011001111 1
10111111011011101 1
11100110011100101 1
11101010111111100 1
11110111010100111 1
11101100011001100 1
11101111011100100 1
11100010110001110 1
11100111111011100 1
11101111011110101 1
11110110011011111 3
11110010111111101 1
11110111011100101 1
11110111111011100 2
11110111111011110 1
11110111011111111 2
11101010111001111 1
11110101011101101 1
11100110011101101 1
11101011111111111 1
11101011111001011 1
10101111011011111 1
11100110011111100 2
01100011111001101 1
11100110011000101 1
11100111111011110 2
11111110111111110 1
11101011011011110 1
01100111111011110 1
11100110111111110 2
11101110011010110 1
11110101011101111 1
11111110001111101 1
01100111111001101 1
11101111110111111 1
11111011011111111 1
11110110011011100 2
11101101011110100 1
11110111011011100 1
01101110011001100 1
11100110011001110 1
11110110001101101 1
11110110111000101 3
11110111011101110 2
00011110111111110 1
11111111011011111 1
01101110011001111 1
11110110011000101 2
11110110110110100 1
11001110011001101 1
11101011011111110 1
11110110011001100 1
11100111111110101 1
11100010111001101 1
11101110011101111 2
11110100011101101 1
11110110011001101 3
11110110111010111 2
01101110011010111 1
11101110110111110 1
11101110111100100 1
11101110011001111 1
11100110011001111 1
11101011011011100 1
11110110111010101 1
01111110011101101 1
11100110111001110 1
11111010111111111 1
11110111011110111 1
11101011111111101 1
01100111011111100 1
11110100011001100 1
11101111111000101 1
11110111010101101 1
11100110111101100 1
01100110011001101 1
11100111111100101 1
11110011011110100 1
01101111011101101 1
01101111111010101 1
11101110110011100 1
11100111011011101 1
11111110111001100 1
11110011111101101 1
11110101111111111 1
11101010011111111 1
11101010111111110 1
11110100011000101 1
11101111111100101 2
11111110011010111 1
01101110111011010 1
11110110111001100 2
01100010111101101 1
11101111111111110 2
11100110111010110 1
11111110110000101 1
11110010111111100 1
11111111011101100 2
11101011111001101 1
11111110011001100 1
11111010111001101 1
11001110111101101 1
11110110011000111 1
11101010111000010 1
11101110011100110 2
11111011111111110 1
11101111111000010 1
01101111111101101 1
01101111011111101 1
01111111111011100 1
11110111111100100 1
11110110111000100 1
01100110111101101 1
11100111011111100 1
11101010011101101 2
11110011011101111 1
11101011011111111 1
11101111111100100 1
11101111011111100 1
11110110011100101 1
11111011111001011 1
11111111111000100 1
11111110111110101 1
11011110111111101 1
11111111010001101 1
11111111011010101 1
11111111011100101 1
11101011011110111 1
10100111111001111 1
11110111011010101 1
11111110111001110 1
11111111011111110 1
10111111111001101 1
11101110011100111 1
01101010111111101 1
11001110111011111 1
11011110011011101 1
11101100011101101 1
11111111011110111 1
11101001010010101 1
