number of shots: 1024
more frequency result: 11111110111111101
11101111111101101 7
11101110011001110 6
11101010011011101 1
11111110011001101 11
11001110011010101 1
11100110111001101 4
11111110011011110 3
11101110011101110 2
11101110011011100 4
11111110111101100 7
11101111111001100 2
11111110111111100 5
11101110111101101 7
11101110011111111 4
11111111011001101 4
11101110111101110 3
11100010011101110 1
11111110011001110 3
11111110111101110 5
11101111110001101 3
11111110011101110 4
11111110011101100 3
11101110111001111 7
11110110011001110 1
11101111011111110 6
11111110111101101 4
11101110111001110 5
11111110011101111 5
11101100011101101 1
11100111011111111 2
11110110111011101 1
11111111011101101 8
11101111111001111 9
11111111101101100 1
11101110111001101 3
11100110111011100 1
11101111110001111 1
11111010011001101 1
11110111111111101 2
11100110111101111 2
11101110111011101 10
11111111111011100 2
11101110111101111 8
11100111011001101 1
11111111111011101 8
11101111111111101 8
11111111011111101 8
11111110111011100 6
11111111111001111 8
11111110111011111 8
11111110011111100 2
11101111111011101 3
10100011111111101 1
11110110111001111 4
01111110011001110 1
11101111111011110 4
11101010011110111 1
11101110011111101 3
11101111011111101 5
11101110111111111 8
11111110111111110 5
11101111111001110 6
11011111111001110 2
11111110010101101 1
11111111010011100 2
11111110111001100 3
11111111111101111 7
11110110111101111 1
11101110011001101 6
11111110111101111 5
11110110011111100 1
11101111111011100 7
11111111111111101 8
11101111111101100 2
11101110011011101 3
11101111111001101 7
01110111011101100 1
11000111111111101 1
11111110011101101 6
11111111111001011 2
11111111011101100 3
11101111011101111 9
11111111111001110 7
11111111111101110 3
11101111001101101 1
11111111011111111 7
11100111111001110 3
11111111010011101 1
11101110011111110 3
11111111010111101 1
11100111111101111 1
11111110010101100 1
10101111111111110 2
11101111011101101 2
11111110001001100 1
11101111010011101 1
11111111011001111 9
11110110011111101 3
11111111111111111 4
11101111011001100 7
11101111011011101 6
11101111111101111 5
11100110111001111 3
11110110111011110 1
11111111011011111 4
11100110011011100 1
11101110011001111 4
11101111111101010 1
11110111011001111 2
01101111111011111 1
11111111010001100 1
11101110011101111 7
11111111011011100 2
11111111011101111 3
11101111011111100 4
11110110011101100 1
11100111111111101 1
11111111110111100 1
11110110111001100 2
10100111111111111 1
11010111111001111 1
11111110011111101 5
11101101010001111 1
11111110011011100 3
10110111111001101 1
11000111111011100 1
11101110010011110 1
11101110010001111 1
11111111111001100 4
11101110011001100 6
11111110011011101 6
11101111111111100 2
11111110111111111 7
11110111010111111 1
11101111010001111 2
11111110011001111 5
11111111111111100 5
11111110010101110 1
11111111111001101 8
11100110111001110 3
11010110111101100 1
11101110111111101 8
01111110111001110 1
11111111011111100 3
11111111111111110 5
11101111110001110 1
01101111011101101 1
11101111111110110 1
11111011011001100 1
11101010011101111 1
11100110011001110 3
11101110111111100 5
01111111011111101 1
11111110011001100 5
11101101011111101 1
11101011110101101 1
11100111111101110 2
11111011011011100 1
11111110111111101 12
11111110010101111 2
11100010011001111 1
11100110111011111 2
11101111011001110 4
11101010110011110 1
11110111111101100 1
11101110111001100 8
11101110010011101 3
11101111011001001 1
11111110110011100 2
11111111011001100 5
11100011111001101 1
10101111011001110 1
11111111010111100 3
01111111111001101 1
11110111110011111 1
11111111111011111 1
11101111011011111 3
11100110011001111 3
01101111011011101 1
10010100111001100 1
10111110011101100 1
11101110111101100 1
11101111111011111 7
11101111011011110 1
10100110011111111 2
11100111111111111 2
11111111001101111 1
11101110110111101 1
11101111011001101 3
11111110011000111 1
11111110011111111 6
11110010111001110 1
11101111111101110 5
11100111111101101 3
11100111011111101 1
11000110011001101 1
01111110011011101 1
11111110101101110 1
11101110111011100 3
11100111111001100 2
11101110111011110 3
11100111011001100 4
11101110011011001 1
11111111111101101 8
11111011011101110 1
11111110011011111 5
11111101010001111 1
10101110111001100 1
01111110011001100 1
11111110111001101 4
01111110010001111 1
11111110111011110 3
11100110111011101 1
11101110111111110 5
11101011011101111 1
11101110100001101 1
11110111111011100 1
11101010111001101 1
11101010111001111 1
11111010111111100 1
10101111111101100 1
11111100011001101 1
11111100111111110 1
11100111011101111 1
11111110010001111 1
11100011011001100 1
10111110111101101 1
11111111111101100 2
11110110111111101 1
10111110011101111 1
11111110111100111 1
10111111011001111 1
11101111011111111 7
11110110110111111 1
11111110111001111 7
11001110111111100 1
11101011111111111 1
11111010111011111 1
11101111011001111 5
11110100011011111 1
11100110011011111 1
11101110110111110 1
11100111111111010 1
11111010111101110 1
10100110110111111 1
10110110011011110 1
11111111011011101 5
11001111111111110 1
10110110111101110 1
11111111011001110 5
11101111001111101 1
01111111011101101 1
11101101010111110 1
11101110011011110 2
11111111011100110 1
11100111111111100 1
01111110111001101 1
11110111010001100 1
11111110110101100 1
11111111111101011 1
10101111011011111 2
11100010111001111 1
11101011011011100 1
11110110011101111 2
11111011111001100 1
11100110011111101 2
11110111101001100 1
11101110010111110 1
01101110111111111 1
11111110101111100 1
11101111110101101 2
10111110111011111 1
11101110011111100 1
11110111111101101 1
11101110011011111 2
11111110111011101 5
11100110111111111 2
11100111001001100 1
11111111110101100 1
11110110110101101 1
10100110011001100 1
11110111110001111 1
10101111111001111 1
11111110011111110 3
11111110111001110 7
11111110111011010 1
11100111011011100 1
11111100111101110 1
11111111110011110 1
11101110010111101 2
11111111111011110 2
11101110010101110 1
11101110011100101 1
11001110111001100 1
01111110111011101 1
11110110010101101 1
11101011011111110 1
10101110111111100 2
11110110011001111 3
11101011011011111 1
10111111111101111 1
01110111111111111 1
11111110101001101 1
11111111110011111 2
11110111101101101 1
11101011111111100 1
11111111110111111 1
11101110110011110 1
11100110110011100 1
11111111110001110 1
11111110001011111 1
11111110110111111 1
11101110010101001 1
11011111011011101 1
11101111011101110 5
10111110011011110 1
11101011011011101 1
11101110010001101 1
11101010010111111 1
11100111111001101 1
11001111011011101 1
11111011111001101 2
11100110011111111 1
11100011010101110 1
11000111011111111 1
11111111011011110 4
10111110011111101 1
01101110111101111 1
11111110010001110 1
11111010011101101 1
11111111001111111 1
11111010111101100 1
11101110111110011 1
11100110011001100 2
10100111111101101 2
11100110110101110 1
11111010011011111 1
11011111010011111 1
11100111111011001 1
01111111111011111 2
11110111011001100 2
11001110001111110 1
11100111011001111 1
10111111011011000 1
11101111111111110 3
11101111110100110 1
10111111111001101 1
11011111111011100 1
11110110111101100 1
11101110011101101 7
11101110011101100 2
11111110110111110 2
11111100110001100 1
11110110001001101 1
11100110011101101 1
11101111011101100 1
11110111011101110 1
11100111011001110 3
01111010111001101 1
11111010110111101 1
11110110011001100 2
11101100011001110 1
10101110011111101 1
11100010011001110 1
01111110011101110 1
11100111111101100 1
11100110111101101 1
11110011011111101 1
11111111011111110 1
10111110010101100 1
11111110110001100 1
11101010111101111 2
11100111011101100 1
11100011011111101 1
11110110111011100 1
01111111111111110 1
11110111111001100 1
11111101111001111 1
10111111111011111 1
11101010011011111 1
11111110101011110 1
11101010011001100 1
11100011111101100 1
10111111011101101 1
11110110011011000 1
11111010110111111 1
11111110111101001 1
11100111011011110 1
10101110010001101 1
11111111010101101 1
11110111111111111 1
11110111111001101 1
11110111111101110 1
10101110011101111 1
11110110011011111 2
11101110010111100 1
10111111011001101 1
11101110111101001 1
11011111111011110 1
10111111101111110 1
11101110001110100 1
11001111011101110 1
10111110011111111 1
11110111111011101 1
11001110011111111 1
01011010011111111 1
11110010010011111 1
11111111111101001 1
11111111110101111 1
11111010011101111 1
11110110011111111 1
11000110111111111 1
01110110111111101 1
01101110111001101 1
11011111011001111 1
11111011111111101 1
01111111011001100 1
11001111111101101 1
11001110011001011 1
11101010111101110 1
11111010111001110 1
11010111010101100 1
11110111111001111 1
11101111111001001 1
11101111110111101 1
11000110011001111 1
11110111011111111 1
01111110111011111 1
11110110111001101 1
11001111111011111 1
11100111110111110 1
11111011111011111 1
11110110111001110 1
10110111011001101 1
11101111010111110 2
11101111011001000 1
11011111011011111 1
11110110011101110 1
11011010011111111 1
01101110111101100 1
11111010010111111 1
11110110111101101 1
11101110111111011 1
10111110111001111 1
11110111011101111 1
10101110011001110 1
11111011110001111 1
10101111110011100 1
11100110111111101 1
11101110110101101 1
11111010111011101 1
10110010111011111 1
11101010111111110 1
11111011011001101 1
11101110010011111 1
10111110111111101 1
11111110110001111 1
11101110011111011 1
11101111010011111 1
11101110001111111 1
11101111111111111 1
10101111111011101 1
11100110011111110 1
10111111011101111 1
11110111010011101 1
11101111111101001 1
11100110011101110 1
11101111001101110 1
