number of shots: 1024
more frequency result: 11111111111001110
11111111111011101 10
11101111111111100 6
11101110111101110 10
11111111111001110 23
11101110111111111 2
11101111111101111 19
11101111011001100 4
11101111111101101 13
11101100111111010 1
11111111111001101 14
11101111110000110 1
11101110111101010 1
11101111111101100 6
11101110111001101 5
11111111011111100 2
11101111011011101 7
11100111111001101 2
11101110111111110 2
11111111111111001 2
11111111011001101 8
11100110111001101 4
01111111111011101 2
11101111111111101 12
11100110011101100 1
11111111111111111 14
11110110011101101 2
11111111011101101 4
11101011111101100 1
11101110111001110 3
11101110111001100 2
11001110011101101 1
11100110111001111 5
11101110111101101 1
11111111011011110 4
11100111111111100 1
11111110011001110 2
11100110111111101 7
11101111111011101 10
11101110111101100 2
11101110111011100 1
11111111101101111 2
11101110111011110 3
11101111011101111 7
11111111111111100 12
11101111011101101 6
11110111111011111 1
11101101111001101 1
11111111111011100 4
11101110111111101 4
11110110111001110 4
11101111111001101 9
11110110011111101 2
11001110111111101 1
11111110111111000 1
11111110011001101 1
11101110011001101 3
11111111011111110 7
11110110111111110 5
11111110111001101 3
11111111111111110 15
11111111011001110 5
11111110011011101 3
11101111011011111 2
11111111011001001 1
11100110111011101 4
11101111011111110 5
11111110111101111 8
11101111111011111 5
11111110111011111 6
11101110111011101 4
11101110011101111 4
11111110101101101 1
11101111011011100 1
11101110110001100 1
11111010011111100 1
11111111011101111 4
11111110011111101 2
11111110111101101 2
11100110110011101 1
11111110110001110 1
11111111011011101 4
11101111111011100 5
11110110111001101 5
11111101111011101 1
11111111011101100 4
11111101111111101 1
11111111011111101 5
11101111011001110 6
11101111011111100 1
11111110011101101 2
11111110111101110 3
11101111111001111 11
11101111011111111 4
11111110111011110 3
11111111011001111 9
11111111111101100 9
11111111111111101 8
11100110111101110 4
11110110011101100 1
11111010101111101 1
11000110011101111 1
11101111011101100 8
11111111101001001 1
11101111111001100 6
11111111111001100 8
11111111101001101 1
11101111011111101 5
11111111111001111 23
11111111010001100 1
11110110011111100 1
11111100011101101 1
11101100111001111 1
11001111011101110 1
10110110111011111 1
11101111011001101 5
11100110111001110 2
11101110101001101 1
11101010011101111 1
11111111011111111 5
11111101111001101 1
10111110011111111 1
11110110111101100 2
01101110111001110 1
11111101011001101 1
11110011011111101 1
01111110111001110 1
11100110111101111 3
11100110111011110 3
01111111111001100 1
11101110101011101 1
11111111111101101 8
11101111011000101 1
11111011111001111 1
10101111011101100 1
11111111001101101 1
11100110011011111 1
11111111111011111 17
11111110111001100 2
11100100011011101 1
11100111011001100 1
10111110111011101 1
11100110111111111 1
11111111111011110 8
11100110011011101 3
01101111111001111 1
11111111011011100 2
10111111111111101 1
11111101111101100 1
11111110111111111 5
11101111111011110 6
11111111011011001 1
11111111011011111 6
11100101111001110 1
11100110111000111 1
10101111011001101 1
11111111111101111 16
11100110011101101 1
01111111111001111 5
11110110111111101 4
11111101111101110 1
11100111111101111 2
11101110011011100 1
11111100011101100 1
11111110111011101 2
11110110111111111 6
11101011111101101 1
11101111111111110 7
01111111111001101 2
11111011111001101 1
11101111111111111 18
11101111111001110 16
11100101111011101 1
11010110011011001 1
11110110010111101 1
11100110111101101 2
11110110011111110 2
11111111111101110 12
11100111011111111 1
11101111111101110 9
01101111111111111 2
11110111111111100 1
11001111101101110 1
11110110111011100 1
11100111111111101 1
11110110111001100 2
11111111011001100 2
11111110111011100 1
11111111111011001 1
11110110011001111 4
11110110111011101 1
11111111011011000 1
11111100111000110 1
10111111011011101 1
11101111001011111 1
11101101011011100 1
11111100111101100 1
11110111111001101 3
11111110111001110 1
01111111011011111 1
11110111111011110 2
11110110111101101 3
11101111111011001 1
11110110111111100 2
11110100101011101 1
01101110011101100 1
11100101011011100 1
11101110110111101 1
11100110011111111 3
11111101011101110 1
00110111111011111 1
11101110011001111 2
01100110111011111 1
01111111011101101 1
10101110111011111 1
11101110011001110 3
11110110011011101 2
11101111101011111 1
11101111011101110 3
11111110111111110 3
11101100111101110 1
11101111101101101 1
11111110111011011 1
11111101111001010 1
11110110011011110 1
11110110111011110 4
11101110011111110 3
10101111011011110 1
11010110011011110 1
11111110111111101 4
11101110111001111 3
11101100110101101 1
11101111011001111 8
11111111011101110 2
11100100111011111 1
11101110011011110 1
11110110111001111 7
11100100111101101 1
11110110011101111 2
11111110011011111 1
11110110111011111 2
01100101010101111 1
11111111111000110 2
11110111111011101 1
10111111011011110 1
11101110111011111 4
11100110111011111 4
11101100111011100 1
11111110010011101 1
11111100011111010 1
11100110111111110 3
11000100111111110 1
11101111111111001 1
10101111111111111 2
01111111011001111 1
11110111011101111 2
01111111111101111 2
11111010111001101 1
11100111111001111 1
11101111001001111 1
11101110011011101 1
10111111111011111 1
10100110111001111 1
11010110101011101 1
11111101111011111 2
11111110111101010 2
11101110111001011 1
11110110011111111 4
11110111011001101 1
11111111110101101 1
11100110011001111 1
11110110111101111 2
11110111111001111 2
11101111110001011 1
11111111111001011 2
11101110011111001 1
11010110111111110 1
11110111011101110 1
11101110011111111 1
11111111101001111 1
11101101111011110 1
01101111011011100 1
00101111011111110 1
11100111111101110 1
11101111011111001 1
11111111101111111 2
01111100111001110 1
11101111011011110 5
11101111101111110 1
11100111111001110 1
01111111101111111 1
11100110111101100 2
11110111111011100 2
11111101111111111 1
11010110111001110 1
11111110111001111 6
11011110111001110 1
00111111011111101 1
11111110011101100 1
11101111111111010 1
01110110011001111 1
11100111011101111 1
10111111101101110 1
11110110111101110 2
11101011111001101 1
11101110011101100 2
11000110011101110 1
11101110011011010 1
11101111001101111 1
11100101111011111 1
11111011111101110 1
11111110011111111 1
11110111011110110 1
11101111111001010 1
11111111011110101 1
11011111111111111 1
11101100011101110 1
11101101101101101 1
10101111111101110 1
11110110011011111 1
11110111001001111 1
11111111001001110 1
11110110011001101 1
10100110111111110 1
11100110111000101 1
10101110111111100 1
11110110011101110 1
11011110111101100 1
11101100111001110 1
11110111111101111 2
11111111100111100 1
11101111101001111 1
11100110011011100 2
11011111111001111 1
11100111011011111 1
11111101011011111 1
10101111111101111 1
01111110011111111 1
11101011111111101 1
11010111111001110 1
11011110111101110 1
11110101011011010 1
10101111111001111 1
01101111011101110 1
11101101111111110 1
11000110111001100 1
11011111111101111 1
11111110011001000 1
11100110101001111 1
01111110111001111 1
11111110011101110 1
11110111011001111 1
11101111101111111 1
11110011011101110 1
11100110011001100 1
11100100011001110 1
11110111101011111 1
11110110001001111 1
11111111111010100 1
11111010011101111 1
11101111001101110 1
11101010011011111 1
11111111001011111 1
11111111101011110 1
11111110111101000 1
11101100011111111 1
01101111111011101 1
01111110111111101 1
11111010111001111 1
01111110111111111 1
11001110111101101 1
11101111001011110 1
10111110111111100 1
11110111111101110 1
11101110011101101 1
11101111101001100 1
11111111101111110 1
11111110111101100 1
11111111001111111 1
11110110001001110 1
10111110111001101 1
11111100111101101 1
01101110111101111 1
11111100111101110 1
11111011011011111 1
10101110111111101 1
11011111111011101 1
11100111011101110 1
01101111111001100 1
