number of shots: 1024
more frequency result: 11111110111101101
11001110011101110 2
11111110111101110 2
11111111101011111 3
11110110011101101 3
11111110111011110 6
10111110101111101 1
11100110111111100 2
11111111011001101 4
11010111111111101 1
11010111011011101 1
11110110111001111 7
11010110011001110 1
11011111011001111 3
11111111011111101 8
11001111011111101 2
10111110001111101 1
11110110001001111 1
11101111101111111 1
11110111011101111 4
11011110111011100 2
11110111011111100 3
11110010011101101 2
11101110111101101 6
11111111011011101 5
11011010011011111 1
10110111111101101 1
11101111001011101 1
11111111001001110 2
11110010011111101 1
10101111111111111 2
11001111101101100 2
11011111011011100 2
11110011111001101 1
11111011011111101 1
11100110011101100 1
11100011011011101 1
01110110101101101 1
11000111011011111 3
11110110101011100 1
11110110001101100 1
11111111001101101 1
10001111001011101 1
11111110111101101 10
11110110111001101 1
10111111011101100 1
11100110011001110 1
11001110111001101 1
11111111011101100 5
11000111111111101 1
11110010011011100 1
11010110111011101 2
11101110011111111 3
11111110011110111 1
11001110101011101 1
11111110011011101 7
11111110001101111 1
11101111111001101 3
11111010101101101 1
11111111111111101 3
11110110011001101 2
11000010111101111 1
11111110001111111 3
11110111011101101 2
11111110111111101 5
11111111011111111 2
11110110011011110 3
11110111001001111 1
11111110011111110 3
11111110001001111 1
11001110011111101 2
10011110111101101 1
01100111111101101 1
11001111011001100 2
11010110111101101 1
11000110000001101 1
11111010101001101 1
10110110011011101 1
11101111111111101 4
11101111001101101 1
11101010111101101 2
01100011111011101 1
10111111011111101 2
11111111111101111 4
11100111111101110 1
11101111101011111 1
11001111001011100 1
11110110001011111 1
11010110011101101 2
11110110101011111 1
11010010111101110 1
11110111011101110 2
11110110011011101 2
11101110011011110 2
11101111111111111 1
11011110111111111 1
11100111011011110 2
11101110011101100 4
11001110101001100 1
11110111111101110 2
11101111111011100 2
10110110011001101 1
11010111011101111 1
11011110001011110 1
11000110111111111 2
11101110011011111 1
11001110011101000 1
11000110101011010 1
11111110111011100 4
01101111001101111 1
11100111101111101 1
11011111101001111 1
11001111011101110 3
11110110111101111 4
11001111001011101 1
11111110011001101 3
11000111011001101 1
11110111111011110 2
11111111101101101 2
10111111011100101 1
11111110011101111 7
11110110011111110 1
11101110101001001 1
11111110000101111 1
11100110101011100 1
11110110111111110 2
11001111011111111 2
11110111001011101 1
11111110011111100 2
11111010001011101 1
11100110011111100 1
01001111101011101 1
10001100011011101 1
11011110011011111 3
11011111111001101 1
11010111001000110 1
11111111111111111 3
11110111111101111 6
11111011111101101 1
11101110111011111 3
11101110101001101 1
11110011101111110 1
11100110111001101 1
11101111111111110 1
11111110011101100 6
11111110011101101 5
11111100011001111 1
11011110011001111 1
11101111111110111 1
11111110101111101 2
11110111111111111 1
11110110111011110 1
11000110011101101 1
11111101111101101 1
10100110111011100 1
11101111011001111 1
10111111111011111 1
11110110011001111 3
11101111111011110 3
11110110111101110 1
10001110111011101 1
11001111111111100 5
11111111001001111 2
11101011111011101 1
11111111011011111 5
11001110111011111 2
11110111111111100 2
11110111110011101 1
11110111011101100 2
11110110111011111 2
11111110101001111 2
11101111010011110 1
11110110011101100 3
11111110011101110 3
11001011111101111 1
11001010111111110 1
11001010011101110 1
11110110111011101 3
11111111011011110 4
11111110011001110 4
10101111111111110 1
11111111101011110 2
10111111011101111 1
11000110111111110 1
11110111001101101 1
11111111111111100 3
11111111111011100 8
11111110101011111 1
11110110111101101 3
11001010111111100 1
11101110011011100 3
11111111111011111 5
11000110011101110 2
11111111111001100 7
11111110101111100 3
11111111001101110 1
11011111101111100 1
11101110111111101 2
10101110001101101 1
11111111001011110 1
11110110001111101 1
11001111111001111 2
11001111111001110 1
11111111101111101 5
11010111011011110 1
11001011101101101 1
11110110011011111 1
11100011011001110 1
11111111001011011 1
10110110111111101 1
11001111011011110 1
11111111101111111 1
10011110011111100 1
11110111011111101 3
11010111001101100 1
11111110111111110 4
11111110011001010 1
11101111111100111 1
11101111011011110 4
11101110111011101 2
11110110111101100 3
11111110011011111 2
11111110101110101 1
11101111111011111 3
11101010011111111 1
11110111011111111 4
11101111011111111 3
11111011011111110 1
11111110110111111 1
11000010011111100 1
11111010011001101 2
11111111101001111 2
11100111011111111 1
11111111101101111 2
10100010111011101 1
11101110111111110 1
11110011011011101 1
11010110001001111 1
11110110101101111 1
11101111111111100 5
11111101001011100 1
11011111001011111 1
11101011011001110 1
11111110001101101 1
11111110001001100 1
11101110111011100 2
11110111011001101 2
11111110111101100 9
11001010111011100 1
11001111111111110 3
11101110101111101 1
11101111101001100 1
11101111011111100 2
11110111111011101 2
01100110011001111 1
11110111011001100 3
11110010001101101 1
11110111101111100 1
11101111001001111 3
11000110111101100 2
11001110101001111 2
01101111011101101 1
11101010011011100 1
11111110001101100 2
11101111111001110 1
11111111001111101 1
11001110101111111 1
11111111011001100 2
11100110111101101 2
11111111111001101 4
10010111011111100 1
11011110111101110 1
11101110001011111 1
11101110111101110 2
11100111111111100 1
11011011011111110 1
11011100111101101 1
11110111101101101 1
11001111001011111 1
11111110101111111 2
11010110111011100 1
11000110001011111 1
11000110011001101 1
11111111111011101 6
11101111111101111 2
11010110110111101 1
11110111111101101 1
11100111011111100 1
11101110011101110 3
11111110111010100 1
11111110111011111 3
11100110011011100 1
11011111101101110 1
11111011111001100 1
11000011011001100 1
11111111011111110 4
11001011011011110 1
11110110001101110 1
11111110111111100 3
11110111011001111 1
11111110111001111 4
01001110111001100 1
11111111001011101 2
11111110111101111 2
11110111111011111 2
11111110010001110 1
11110011011111100 1
11111011111101111 1
11010111111101100 1
11111110111001100 2
01110111101111101 1
11001111001001101 2
11110110011111100 2
11100111011101101 1
11111111100011111 1
11110011110101111 1
11001110010011100 1
11001110111001110 2
11101110111101100 2
11110110111000111 1
11011011111101110 1
11001111011111110 1
11110111101001110 1
11100110111101110 1
11101111011111110 2
11111111011111100 3
11101110111101111 1
11111111011011100 2
11110111111010101 1
11001111101001111 1
11101111011101101 2
11011111111011101 1
11101110101001111 1
11111110111111111 2
10001111011011110 1
11011111001111100 2
11111111111101100 2
11001111011001111 1
11101111110001101 1
11101111011101110 1
11110111111001100 2
11111110011111111 3
11111111011101110 2
11001111111101100 2
11111100111101101 1
11101110101101111 2
10101111011001100 1
11010111111101110 1
11010111111011101 1
11001111111101101 2
11111111001111100 1
11100110101011111 1
11111111001011111 2
11001111110111110 1
11101110011001100 1
11110111011111110 1
11111110101001101 2
11111010111111110 2
11110111011011101 1
11100011101101100 1
11000111111001111 1
11101111111001100 3
11010110011101100 1
11111111111101110 2
11110110011001100 2
11111111111001111 2
11101111101011101 1
11101111011101111 2
11101111101001101 1
11001110111101100 2
11111110011011110 4
11110110011001110 2
11110111111111110 2
11110111111001101 2
11100110001111110 1
10101111011111101 1
11011111111101100 1
11001111111011111 1
11000111111101110 1
11101110001001100 1
11110111101001100 1
11111011111101110 1
11101111111011101 2
11001010011101100 1
11101110111011011 1
11111111110011101 1
11110110011101111 1
11000110001001111 2
11101111001111110 1
11010111011011111 1
11011110111001101 1
11001111011101111 2
11101111011101100 1
11100110111111111 1
11010110110101111 1
11101110101101100 1
11101110111001111 2
11101110011001101 1
11001110111111111 1
11110111111001110 2
11001111010001110 1
11111111101101110 1
11110110111111100 3
10110011011111110 1
11100110111111110 1
11110111101101111 1
11111110111011101 2
11000111111101100 1
10110111111011110 1
11010111111011110 1
01101111111011100 1
11111111111011110 3
11110111001101110 1
11001111111011100 1
11101011011101101 1
11101110101011110 1
11100110011011110 1
11001110011111110 1
11100110111011110 1
11100111110111110 1
11101111011001100 1
11111111111111110 6
11001110011001111 1
11110111111101100 3
11110111011011111 1
11001111111111101 2
11100111110011111 1
11111110011001111 2
01101011011001101 1
11111110011010111 1
11111110011111101 2
11101111011011111 2
11000110111011101 1
11111111011001111 1
11001111111011110 1
11001111111011101 1
11001110001011101 1
11111111011101111 4
11011111101010101 1
11010111011111100 1
11000110011011110 1
11111110001111101 1
11100110011111111 1
11100110100001100 1
11001110011001110 1
11101111111101110 1
11011010111011110 1
11111111010101110 1
11111111110101110 1
11101111111001111 1
11111111111101101 5
11101110111001100 2
11101111110111101 1
11000110101010100 1
11100110011011011 1
10111111011011101 1
11001011111111100 1
11110110111001110 2
11101110011101111 2
11101111111101100 2
11001110011011110 3
11100110111101100 1
11011111111111101 1
11011110011011100 2
10111111111011100 1
11101111001001101 1
10110110111101110 1
11001111101011101 1
11111110111100101 1
11101111011111101 2
11011111101101101 1
11101110111111100 1
11100111001001100 1
11101111011011101 1
11111110101101100 1
11000110111001101 1
11000111111111111 1
11001110011111100 2
11111110110101100 2
11001110101101110 1
11000110011011101 1
11100111011001100 1
11001111111101111 2
11001111011011101 1
11110110110111110 1
11101110111001110 1
10101110111011101 1
11111110001011111 1
11101111101111100 1
11001110011101111 2
11111111110001110 1
11110010101011100 1
11101110111111111 1
11110101111111100 2
11111101011101110 1
11111011111111110 1
11101111101011100 1
10011110111001111 1
11100111011101111 1
11010110011011100 1
10111111111001100 1
11000110111111100 1
11010110111101100 1
11000111111111100 1
11110111011011100 1
11001111011011111 1
11001110011101101 1
10111110011111100 1
11111110001001110 2
11100111011001110 1
11111110001011101 2
01101111011101100 1
11101011011111100 1
11110010111011000 1
11111110000101100 1
11001111111111111 2
11001110111101101 1
11111110001111110 1
11111111001101100 2
11111010011011110 1
11111110011011100 2
11110111001101100 1
11111011101011111 1
11111111011101101 2
11110111010101100 1
11000111001011111 1
11111011001001011 1
11111011111011110 1
11110110101001111 1
00110110111001100 1
11110010101001100 1
11101011111101100 1
10001111111111100 1
10011110111011101 1
11101111001101100 2
11000110111001100 2
11110111001011111 2
11011110111011110 2
11011111101011100 1
11110111101101100 1
11111110011001100 1
11001110111111101 1
11111110101011101 2
10101111111101110 1
11111010011011101 1
01000111011111110 1
11101010111001110 1
11111010111010111 1
11111011011111100 1
11101110101101101 1
11110110011101110 1
10110111101101110 1
11111011111101100 1
11100111001111101 1
11010110101111100 1
11111110001010101 1
11001110111101111 2
11111110101101101 1
11111110101101110 3
11011111011011101 1
11001111011101101 1
11001010111101101 1
11010110111111110 1
11001111111110101 1
11001111111001100 1
11100110111111101 1
11010110011111100 1
11011110111101111 1
11100111111011101 1
11111111111001110 1
11001111011001110 1
11110111001111100 1
11011111111011111 1
11101110111011110 1
11111111101101100 1
11000110011101111 1
11111110001011100 1
11011111001111101 1
11011011001011101 1
11101111001011111 1
10001110001101111 1
11110110001011110 1
11101110011111101 1
11001110110101100 1
11101111101101100 1
11101111011001101 1
11101011111101111 1
11011111011111100 1
11001110111101110 1
11110110101111101 1
11101111111101101 1
11111110101011110 1
11000110011111100 1
11111110101001110 1
11111110101111110 1
11000111111011101 1
11110110111111101 1
11110111011001110 1
10000110111011101 1
11000111010001100 1
11111010001001010 1
11101011111011100 1
10111111011111111 1
11000011011101111 1
11101110101011111 1
11111011111011101 1
11000110011101100 1
10100010011101110 1
11100110011111101 1
11000110111011111 1
11111110101101111 1
11011110111001110 1
10111111111111100 1
11001110111011101 1
11111010011111100 1
11100110001001110 1
01000111011111111 1
11101110011101101 1
11110110111111111 1
11111111111001001 1
11010111011001101 1
10001111011011111 1
11111011011011101 1
11100110111001111 1
11110110101011101 1
11110110101001101 1
11010111001101111 1
11101111110011110 1
11111111010101100 1
11000111001001100 1
11000111011111101 1
11110111011011110 1
11000110001101101 1
11001110101011110 1
11101010011101011 1
11101110011111100 1
10101111111001110 1
11111110011101010 1
11001110001001100 1
11011111001011101 1
11111110111000111 1
