number of shots: 1024
more frequency result: 11110110111101101
11110111111001110 3
11111111011001110 2
11101111111001111 4
11100111111001111 2
11110110111101101 15
11111110111111100 3
11111111111101100 6
11101010011111111 1
10111111010001110 1
11101010111101101 1
10100110111101111 2
11101111111111101 5
11110110011100110 1
11110110111011110 4
11111110111001101 2
11110111111101111 3
10111111111111100 1
11101111011101101 3
11110110111011100 4
11110111111111101 4
11101111111101111 5
11100110111101101 8
10110110011111101 3
11100111011111110 3
11111111111010101 1
11110110111101111 14
10110110111001100 1
11101111011011101 2
11110110111111100 13
11111111111101111 10
11110110011111111 10
11101111011111110 4
11110110111011101 4
10111110111011110 2
11110110011011101 1
11101111111111110 3
10110110111111111 3
11111111011101110 3
10111110111111100 2
11111110111111110 3
10111111111001101 2
11110110111001101 8
10111111011101110 4
11110110111101110 7
01111111011101111 1
11110110111111111 8
10110110111001111 1
10100110011111110 1
11111111111001101 8
11110110011111100 4
10111110111111110 3
11101111011101000 1
11101111011101110 6
11100110101101111 1
11100111011101111 1
10111110011111101 1
10000111111001101 1
11110110111001100 3
10101110111101100 1
11101110011101110 2
11111111011001100 2
10101110011101111 1
11111111111111101 11
11100110111101110 4
10111111011011110 1
11101110111111110 1
10110111011111100 1
11111110111111111 7
11110110111111101 7
10100110111111100 2
10110110111011111 4
11100110011011111 2
11111010011101110 1
11011011011001101 1
11110111111011111 1
11110111111001111 5
11111111011111111 4
11110110011001101 4
10110110110101101 1
11101110111111101 4
11111111011011111 7
11111110011101101 1
11101110011001111 1
11101111111111111 4
10101111111001100 2
11111111011101100 3
11110111011101100 2
11111111011101111 5
11111111111011110 4
11111111011011110 6
11111111111001100 6
11111111011001111 1
11111111011011101 3
10111111111101101 3
11111111111111110 8
10110110011111100 2
11100110111111100 2
11101111110111111 1
11111111111101101 8
11110110111111110 11
10101111111101100 1
11111111111101110 9
11110110011011110 5
10111111001111111 1
11111110011001101 4
11100110111001101 3
11110111111101101 4
10101100011110110 1
10110111011101100 1
11100111111101100 3
11111111011101101 3
11110110111101100 5
11111111010101000 1
10100110011101110 2
11110100111111111 1
11110010111111100 1
11111111011111110 8
10101111111001101 1
10101101110011110 1
10101111111101111 2
10101011011111101 1
11110110111001111 4
11101111111101100 5
11110111111001100 2
11101111111011110 2
11111110111011111 2
11111110001011111 1
11111111111111111 10
10100110111101100 2
11100010111111110 1
11111111011001101 4
11100111011001110 2
11101110011011110 1
11100110011111100 2
11110110011000101 1
11110110111001110 4
11111110011111100 3
11111110011101100 4
11100111111111101 1
10111111011101100 3
10111110111011111 1
10110110011111110 4
11111111011111101 5
11100110111001111 3
11111111011011100 2
10110111111001111 1
11111110111001111 3
11100111111011111 1
11110110011111110 4
11110110111111010 1
11101111011101100 3
11100111111101110 2
11101110111001100 1
10101111011111101 2
10110111111011110 1
11100110111011100 2
11111111111011111 3
11110010111011100 1
10110111111011111 1
11110111011001101 2
11100110111001100 3
10110110111101110 3
11101111111001110 1
11111110111011100 1
10111111111001110 1
11111110111011110 2
11110111011001111 1
11100111001101101 1
10111111011101111 2
11101111111101101 4
11110110011101101 6
01101111011111100 1
10111111111111111 4
11001111011011110 1
11111110011111110 2
11100110011101111 6
11100111011011110 1
10110110111011101 1
11101111111101110 7
11101110111111111 4
11101111011111101 3
11110110011110110 1
11100111011011111 1
11110111111101110 3
11100110011111111 3
10110110011101100 1
11101111111011100 3
11100110111011111 3
11100110011111101 2
11110101111111110 1
10110010111111101 1
11101111111001100 1
10110110011111111 1
11000101011101100 1
11110110111011111 4
11110110011101000 1
11100110011001111 2
11110110001111110 1
11110110011101110 5
11110110011011111 5
10101111001001111 1
11110110011101111 4
11110111111011101 3
11111110011100110 1
11101111011001110 3
11110111011111110 2
11101010111011110 1
11110111011111100 3
11111110111010110 1
10110111011101101 1
10101111011101101 2
10110111011001111 1
11110111111111110 3
11100111111101111 1
10101110011111110 1
11110111111111111 4
11111111111001110 3
11101111111011101 2
11110010011001100 1
11110111011101111 3
10100110011101101 2
11100110111101111 4
00011111011111100 1
11101111011111100 3
11111111010101101 1
11011111011011101 1
11111110111101101 3
11100111111101101 4
11111111111011101 4
11110111011111101 2
11100110111111111 3
11110111111110110 1
11101111011101111 2
01110111011111100 1
11100110111101100 2
11001111011011111 1
11101111011011110 6
11110110011111101 7
10110110111011100 1
11001111111111101 2
11100110011011110 1
10110110011001101 2
10100111111101110 1
11100110111111101 6
11110110011001111 2
10101111111111101 3
10110011011001100 1
10010110011101111 1
10110110111111110 3
11100111011101110 1
10100110111101110 4
10111110111101111 1
11100110111011101 2
10110110111101111 4
11011110011011100 1
10110111101101111 1
11110011111001110 1
10111111111011111 1
10111110011111110 1
10101110011111111 1
11111111111001111 2
11100110011111110 2
01001110111111100 1
11110011111111111 1
11101111111011111 2
10110110111111101 4
11101111011001100 3
10011110011101101 1
11110110101111100 1
11100110011101101 7
01110110111101100 1
11111111111011100 3
11010110011101110 1
11101111111001101 3
10011111111101101 1
10111011011011101 1
11101110111101110 1
10110110011001111 1
10100111011101100 1
11000110111101101 1
10111111011111101 1
01011111011101101 1
10110110011101111 4
11011111111101101 1
11101110111101111 2
01100110111101111 1
11101111011011111 1
10101110111001100 1
11110111011010101 1
11110110111111011 1
11011111111111100 2
00111111011101100 1
11100111111011100 1
10101111111111111 1
10010110111001110 2
10111110011101100 2
11011111011111101 1
10101111111111100 1
10001110111001001 1
11010110111111101 1
10100111111101100 1
11110110101101110 1
11011111111111110 1
10110111111111110 2
10111110011101110 1
10110110111101101 3
11111111011111100 7
11101110110011111 1
11100110011101110 2
10111111011011101 1
11101110011111111 1
10100100111001101 1
11000110011101110 1
10100111011111110 1
11110111111101100 3
11010111111100100 1
10101110011011110 2
11101110011101101 2
11010110010111111 1
11011111011001111 1
01110111111101110 1
11010110111011111 1
11100111011101100 1
11110111111111100 1
11110111011001110 1
10000110011101110 1
11100111011111111 1
10101111111011110 1
01111111111111100 1
11101110011111110 1
10011110111111111 1
10001111111111101 1
11111110111101100 1
11101111110011111 1
10111111111011110 1
10100111111101111 1
10111111111101100 3
10111110011111100 1
11000110111001101 1
10111111011001100 1
11110110010101101 1
11110110011001100 2
10110110011011111 2
11111011011111111 1
11111111010101111 2
10110111111101110 2
11001111111111100 1
10100110011101111 1
10001111011101110 1
11100011111111100 1
11001110011111110 1
11100110111111110 2
10101111011011101 1
11111111001001111 1
11010110011101100 1
11110111011011100 2
10110110011011100 1
11100111011111100 1
11101011011111111 1
11111111111111100 3
11111110101111100 1
10110010011101101 1
10101111011001111 1
11111011011101110 1
11110110011011100 1
10111110111001101 1
11011111011111110 1
10111111111000101 1
10101111011011111 1
10111111111001100 1
10100111111111100 2
11000110111011111 1
11110111011101110 3
11011111011001110 1
11110111110011110 1
11111101011111111 1
11101010111101100 1
11110010111001110 1
10111111111101110 2
11101110111011101 1
10101111111101101 1
10100110011101100 2
11100111111001101 1
11100111011011100 1
11100010011001111 1
01101111011101111 1
10101111011101100 1
11101110111001111 1
10011111011101111 1
11111111100111110 1
11100110011001110 1
10111111011111111 1
10101111111111110 1
10110110111001110 1
10110111111111111 1
11100110011001100 1
11111110111101110 1
10110111111111100 1
11101111011111001 1
11111110110101111 1
11110011011111110 1
10110110101001100 1
11110110011101100 2
11100111111111100 2
10101111111001110 1
11111110111101111 2
11001111011111100 1
10111111111100100 1
10111110111101101 1
01101111111111111 1
11110101111111111 1
11001110111011110 1
11100010111101111 1
11110110110001100 1
10110110011001110 1
11110110011001110 2
10110110011101110 2
11110111011101101 1
10111111111111110 2
11110110011010110 1
11111110111000110 1
11111110111111101 1
11110011011101100 1
10100110111111110 1
11111111010111110 1
10111111011111100 1
11001111111111011 1
11101110011011111 1
10100111010111101 1
10000110011101100 1
11101111011111111 1
10100110111111101 1
11100011011101101 1
11111110011101111 1
11101110111111100 1
11110111111011110 1
11111110011111111 1
01101111111101111 1
10110111111101100 1
10111110111101100 1
10110110111101100 1
10111011111111101 1
11111111111100111 1
10100111111101101 1
11111010011111111 1
11111111010011110 1
10110111011111101 1
10111110111111111 1
10111111011001000 1
01100111011101111 1
10110111111101101 1
11100111111011101 1
11111010111101111 1
10001110111101111 1
11110010011111111 1
10111111111100111 1
11111110011011101 1
10110110011101000 1
11101110011101111 1
10111111111101111 1
10110110011101101 1
11111110010001110 1
11101111111111100 1
11100101011101111 1
10100111110001110 1
11111110011101110 2
11100010011111111 1
11110101011111100 1
11100110110101111 1
10111111111111101 2
11111111010001111 1
11110111111110100 1
