number of shots: 1024
more frequency result: 11111110111011101
11110110111101100 1
11111111111011110 4
11100110111011101 6
11101110011011111 8
11111011011011101 3
11111111011101101 4
11111010011101111 1
11111111001111101 1
11110111011101101 3
11101111011001111 8
01111111111011101 1
11001100111001111 1
01111110011011101 1
11111110011001100 2
11100110011001111 7
11101100011001101 4
11101110011001111 3
11110110011011101 7
11110110111011001 1
11111111011011100 6
11110111011111111 5
11111110011011101 5
11100111111001101 5
11111110011111101 9
11110111011011111 8
11101110111001100 2
11111111011001111 5
11110110111011101 10
11101111111011111 5
11100100011001111 1
11110111011001111 1
11111111011011111 9
11111110111001110 3
11101110111101101 3
11101110101001111 1
11110110111011111 3
11111110011101111 4
01101110011111101 1
11011110011011111 2
11100110011111101 3
11100111111111100 2
11110110011011111 5
11111111011111100 3
11111111011001100 6
11100110011011101 8
11111110011111100 1
11101111101011111 1
11110110111111111 3
11111110011001010 1
10110110011101111 1
11100111111101101 2
11101100011011101 2
11101111111101100 1
11100110011011111 3
11001111011001101 2
11111111111001101 3
11101111111001100 2
11101111011011111 11
11101110011101100 2
11110111111001100 1
11101110011011001 1
11100111011001111 3
01110110011001101 1
11101111011111111 3
11110100111111110 1
11110110011111100 2
11111111111111101 8
11101101011011101 4
11111100011111100 1
11111110010001101 1
11100110011101101 2
11101111011011101 10
11110111011011101 2
11110111011001101 4
11101110001101111 1
11100111011001011 1
11110110011011010 1
11101111111011110 3
11100111111001100 1
11101111011001110 4
11111110111111100 2
01111001111011101 1
11111101111101111 1
11101110011111101 4
11101110111111101 4
11101111011001100 2
11101111111101101 3
11110100011011111 1
11100101011101101 1
11111111011100100 1
11101100011001110 2
11101110111001101 2
01111101011111101 1
11111111011011101 6
11100111111001111 5
11100110011001101 3
11101110110001111 1
11110111001001101 1
11101111111011101 7
11111100011011101 1
11101011110011101 1
11011110111111100 1
11101100011101100 1
11100011011001110 1
11111100011001101 3
11111110011101110 1
11101111011001101 5
11110110011111111 2
11111110111101111 5
01111011111001100 1
11101110011001110 2
11100100111011111 3
11110101011101101 1
11110011011001101 1
11101110011001101 6
11111111011001101 7
01101100011011101 1
11111111011001110 4
11101111111111110 3
11001111110111111 1
11110110001001101 1
11111110011001111 7
11100111110111101 2
10111101011101101 1
11111110111011101 12
10111110111001101 1
11100101111111101 1
11111110011011111 9
11101100111001111 1
11111110011011110 4
11111100111111011 1
11100111011001101 4
11101111111001101 2
11100110111101111 2
11011110011011110 1
11111101111011100 2
11101101011011110 1
11111101011011111 5
11111110011101101 4
11111110011111111 4
11001111011111111 1
11110110111101101 4
11101110111001011 1
11100110111001101 2
11111100011111101 3
11101110010011110 1
11110110011111110 2
11101101011001110 1
11100111011011111 7
10111111111001100 1
11110100111111111 1
11101110011111110 1
11111010111001100 1
11101010111111110 1
11101110010001101 1
11110110111111100 1
11111101111001101 2
11100101111111110 1
11111110111101100 1
11111101111011111 2
11101111111001111 5
11011101111001111 1
11110101111001111 1
11111111111001100 4
11111111011101110 1
11110101111111111 2
11101011011011101 1
11110111011101110 1
11101111011010101 1
11111110111001111 4
11111110111001101 1
11000111111011101 2
11100110111001111 2
11111111011111101 8
11011111011001110 1
11101111011111101 6
11101001111111111 1
11111111111011101 11
11110100111111101 2
11111110111011110 4
11100000111001101 1
11110101111101111 2
01100111110011111 1
11100101111101111 2
11111111111001111 4
11101111011101111 4
11110110111111110 1
11111110011001110 1
11100110011101111 2
11110111011111101 3
11110111011001100 2
11101110111011101 8
11100110011101110 2
10100111111101110 1
11110110011001111 2
11100111010001101 1
11100111111111101 3
11110100011101101 2
11101111111111101 4
11111110111011111 6
11101001111111110 1
11110111011111110 1
11100010011101101 1
11011111011011101 1
11100100011101101 1
11101111011111110 1
11100111111001110 1
11110110011011000 1
11110100011111101 3
11100111011011101 9
11101111011011100 8
11111101011111100 1
11110100011011101 1
11101110011111111 3
11101101111111101 2
11111111001001100 1
11111101111101101 2
11110111111011110 1
11011101111001101 1
01101110011111100 1
11111101011111101 1
11100111011101101 2
11000111011011100 1
11110110011101111 2
11101110111001111 2
11101100011111111 2
11100110111011111 4
11101110111011111 3
11101110010111101 1
11110011111011100 1
11111110011011100 4
11111110111001100 1
11110110111011100 2
11101110011101111 2
11110110011001101 3
11001011011011101 1
11111111111111100 2
11100111111100101 1
11101100011111110 1
11111111111101111 2
01111110010111101 1
11100100111111111 1
11110111111011111 6
11111111111101101 1
11110110011011100 4
11100111011011100 2
11100110011111111 2
11111101011111111 2
11110101011011101 1
11011111111111101 1
11101111011101101 1
11111111111011111 6
11110101011001110 1
11101110011011101 8
11101101111001110 1
11100111011111111 2
11111101001101110 1
11101011111111101 1
11011110111011101 2
11110110111111101 5
11100110111101101 2
11100111011101100 1
11100100111111101 1
11110111111111111 6
11110101011111101 2
11110110010101100 1
11111110001011111 2
01111111111111111 1
11101101011011100 3
11100110111011100 4
11111111011101111 4
11100111011011110 2
11010110111011111 1
01110110111011101 1
11110101111111101 1
11110111111011100 2
11100111111011100 3
11111101111101100 1
11111110111110110 1
11100110111001110 1
11100100011011110 1
11100111111101111 1
11110101011001101 2
11100111011101111 2
11100110010011111 1
11111100111001101 2
11110111011111100 1
11101010011001100 1
11011111111011111 1
11101100011011100 1
11111100111011101 1
11111110001111100 1
11111111010001100 1
11101111111111111 4
11111111011111111 1
11111101011101101 2
11110101111100101 1
11111100111111101 1
11010110111011101 1
11111111111011100 3
11110110011011110 3
11101111011011110 1
11111111111011011 1
11110110011111101 3
11110101011101111 1
11111011011011111 1
11100111011111100 2
11101111001101110 1
11111100111001110 1
11110111111111110 1
11111001111111101 1
11100111111011101 5
11110000101011111 1
01100111111011100 1
11111100011011111 3
11111100011001010 1
11111110011001101 3
11111100101101000 1
11001110111011101 1
01111111011001110 1
11101110011011110 1
10111101011011100 1
11111110111011100 2
11001100011111100 1
11000110111011111 1
11111110011000101 1
11101100111111011 1
11100111111011111 4
11101101111011101 1
11111100101111110 1
11110101011011111 3
11111101111111101 2
11111100111011100 1
11101101011111101 3
11101100111011111 3
11100100111011101 2
11101101111101111 1
11101110011101101 2
11100010011011111 1
11110111011011110 1
11110110111110100 1
11110100111001110 1
11000111111011100 1
11110101111011101 1
11011111111101111 1
11101100111111111 2
11100100111011100 1
11111110111111101 2
11100111011011001 1
11101100111111101 1
11101110110101101 1
11100100011101111 1
11110111111011101 4
11100110001001111 1
01110110011011101 1
11100010011111111 1
11110111011001110 1
01111101111111111 1
11101110111101111 1
11100110011011100 2
11101010101001101 1
11101100111011100 1
11111111111111111 2
11101110111011100 3
11100101011111110 1
11100011111011100 1
11111111011111110 3
11101011011111100 1
11101001111011100 1
11100110111101100 1
11111110111101110 1
11110100011011110 1
11111100111101111 1
11110110010001101 1
11110100111011100 1
11101111111101110 1
11100110111111111 1
11001111011111100 1
11011111011001111 1
01110110111001101 1
01110111111011100 1
11100110101011100 1
11101111111000100 1
11100111111111111 1
11110111111111010 1
11101100011101101 1
11100111011111101 4
11110100111011111 1
11111110001101101 1
11000110011011111 1
11100010011011100 1
11110111011101100 1
11011101011011101 2
11110111001001100 1
11110011111001101 1
11100111111111000 1
11011111111011101 2
11110101111011111 1
11100100011011101 1
11101110001011101 1
11100110011011110 1
11111100011001111 1
11110110111001101 1
11111110101011111 1
11111100111111111 1
11110111111001101 3
11100111111011110 1
11101100111011011 1
11110101111011110 1
01111110111111111 2
11111100111011111 1
11110101011011110 1
10101111111011111 1
11100101011011111 1
11110110111010100 1
11111010101101101 1
11101111001111100 1
11100110111011110 1
01100111011001111 1
11110111111111100 1
11000011111011111 1
11111110111111111 2
11111101111011101 1
11111110101111111 1
11110111111111101 1
11100110111111101 1
11001101011011101 1
11111010111111100 1
11111110011011000 1
11111110110011110 1
11101111111001110 1
11001111001111101 1
11110111011101111 1
11101110011111100 1
11001111011011101 1
11110101111001101 1
11111110010101111 2
11111111110111101 1
11101110011011100 1
11101111011111100 1
11111110011010100 1
11111110111101101 2
11101101011011111 2
11101110011110111 1
01100111011011101 1
11101101011001101 1
11111111101111110 1
11101110111111110 2
11011111011011111 1
11100111101101101 1
11111100111101101 1
11111101011011101 1
11011111011111111 1
11101010011011101 1
11101101111011110 1
11111011111011111 1
11100110011111110 1
01101110111111111 1
01111111011111100 1
01111111011101100 1
11100111011010101 1
11100101011111111 1
10101101011110110 1
11101100111011110 1
11101100111111000 1
11001110011111101 1
11110110001101110 1
11100110011111100 1
11110101011111111 1
11000101111101111 1
11100110111001000 1
11100100111001101 1
01101011111111100 1
01111110111111101 1
11110110111001111 1
11101111111101111 2
11100110101011110 1
11100101111001111 1
11011110111011111 1
11100101011000110 1
11110111111101111 1
11110000011001111 1
11110111010011110 1
11101101111001101 1
11001111011101101 1
11001101011001110 1
11101110111111111 1
11111101111001000 1
11001111111111101 1
10100101011111101 1
11001110011011111 1
01101100011001101 1
01101110111011101 1
01111110011001110 1
11101110010101111 1
