number of shots: 1024
more frequency result: 11111111011001100
11111111111011111 3
11111111111101000 1
11101110011001101 6
11111111111001101 24
11111111111001001 3
11111111111001110 18
11111111011011111 5
11111110111001101 19
11111010111011000 1
11111110111011111 4
11111110011111101 4
11111110011111100 2
11111110011001100 29
11110110011001101 3
11111110011111110 6
11110110111111111 2
11101100111101101 1
11111110011001110 31
11111110011101110 4
11111110111000101 1
11111111111111000 1
11111111011001110 26
11110111111001101 3
11111110111011100 4
11111101011011111 2
11101111111001100 1
11111110011011101 3
11111110111001111 20
11111111011001111 20
11111111011001100 32
11100111011001111 1
11111111111001111 18
11111011011001110 2
11111111111111001 1
11111110011101100 4
11111110111101000 3
11111110111001100 14
11111111011101101 4
11111111011101010 2
11111111110001110 1
11111110011001101 25
11110111011001110 2
11111110111001110 16
11100110011111110 1
11101110111111111 1
11111010111001100 1
11101111111111000 1
11110100011001111 2
11101110111011111 1
11111110011011111 3
11100111111101101 1
11110111011110101 1
11111110010101100 1
11101110111001110 3
11111111011111111 3
11111111111001100 15
11111111011111110 3
11111101111001101 3
11101111011001110 4
11111110111011000 1
11111111110011000 1
11110111111111001 1
11111110111111101 4
11111111111001011 1
11111110111111111 7
11111111111011110 7
11101110011001111 5
11011110111001101 1
11111111011001101 18
11110110011101101 2
11111110111001011 4
11111101111011111 1
11101110011011110 1
11101111011001100 1
11011110011001111 1
11111100011101110 1
11110110011001111 1
11111111111001000 2
11110111011001101 10
11110111011001100 5
11111110011111001 2
11110111111001110 3
11111111011001001 3
11111111011011000 1
01101110011001101 1
11110111011101111 2
11111111111011100 5
11101111111001110 2
11111111111000100 1
11110111011001111 5
11111111111111100 8
11111110111111110 4
11111110011011100 3
11111110011001111 27
11101111111001111 5
11101111011011111 2
11111101011001110 2
11101010111001111 1
11101111011101111 1
11101111111101111 1
11111110111101101 6
11101110011001100 11
11111111011101111 3
11111111111011101 5
11111110111000110 1
11101110011101000 2
11111110010001100 3
11111111010101011 1
11101111111001101 4
11111111111010111 2
11110110011011101 2
11111110011111010 2
11110111011111100 1
11111111011101000 1
11111100111101100 1
11111100111011100 2
11111111010111111 1
11101111001111000 1
11110111001001111 1
11111100011001100 5
11111110001101101 1
11111111011111101 8
11111111011111000 1
10101111111001111 1
10101110011011110 1
11111111011000100 2
11100110111111101 1
11100100111001110 1
11111100111001100 2
11101110111011110 1
11110110111001110 4
11100111111001110 1
11111110111101100 7
11111110011101101 7
11111110110111100 1
11111011011001010 1
11110110011111111 1
11111111011100010 1
11100110011001100 2
11101110011111011 1
11101110111001101 5
11111111011001011 2
11110110111001001 1
11110110111001111 6
11101110010111111 2
11100110011001101 3
11110110111101011 2
11110110111001101 3
11110111011011111 1
11100110001011110 1
11111110011011110 1
11111110011000101 1
11101111111001010 1
11111111001001101 3
11111010111001111 1
11111111111111110 4
11110110111000101 1
11110011011001011 1
11111110101001111 1
11110111111011111 2
11111111011111100 7
11101101011011100 1
11111111111101110 5
11110110011001110 3
11110111011111011 1
11011111011001110 1
11101111011001101 6
11110111011101110 2
11000111100101111 1
10101111111001100 1
11001110011001100 1
11111111010111101 2
11110111011011101 2
11101111000111100 1
11100111011001100 1
11101110011011100 1
11111111111111111 2
11111111101001011 1
11101111011001000 1
11111110011101111 3
11111111101001111 1
11111110001101100 1
11111110111101111 4
11111110111111100 6
11111111011111011 1
11110110111111101 2
11111111011101001 2
11110111010101110 1
11000110011111110 1
11101111011011011 1
11110110111101100 1
11111110011111111 3
11111111010111100 1
11111110011111011 2
11101110011001110 4
11111110110001100 1
11111000011001111 1
11110110011101100 1
11110110111011101 2
11101110111001100 3
11111110111111000 1
11111111010101110 1
11110111111101110 1
01101111011011111 1
11101100111001111 1
11110111111001111 2
11110111111001001 1
11101111001111100 1
11111111011011110 4
11111010011101110 1
11111110011001010 2
11111110111011010 2
11111110111101010 1
11110110111001100 4
11111111011101011 3
10101111111001101 1
11111110001101111 1
11111111111101001 2
11111111101001110 1
11111111111101100 2
11101101111001101 1
11101110111101100 1
11111111010101111 2
11101110011101001 1
11111111111101111 2
10101110011001100 1
11111100111111001 1
11101111011001111 3
11111111011011010 2
11111110001001110 2
10101111111001110 1
11110110111101111 1
11001110011101111 1
11101111011111001 1
11111111011101110 2
11110000011001100 1
11111011011001111 1
11110111011011110 2
11111101011111011 1
11101111110111101 1
11101111001001111 1
11111110111011101 4
11110110011100101 1
11110110111011111 1
11111100111001101 1
11101111011101100 1
11111111011011100 4
11101100111001100 1
11111111011011101 2
11111111001001011 1
11110101011101110 1
11110110011111110 1
11111110101101101 1
11111110101001101 1
11111111111101011 1
11101110011011111 1
11011111011001100 1
11111101111101110 2
11110110011001100 2
11111101011001100 2
11111111011111001 1
11111110001101110 1
11110100011001101 1
11100001011001111 1
11110101011011111 1
11111110010111111 1
11101110111011101 2
11110111111111111 1
11111000011001101 1
11110111011111110 1
11101110010101100 1
11110110111101101 1
11111110011001001 2
11100111111101100 1
11100110111001111 1
11111111011101100 1
11111111110111100 1
11101110001000100 1
11101111111011100 1
11111110011011000 1
11110111110011101 1
11111010011101101 1
11110111001111110 1
10101110011101110 1
11111010111001101 1
11111111001111101 1
11110101011001111 2
11111110111101011 1
11111100001001101 1
11101110111101111 1
11111110010111100 1
11111100011001101 1
11111110111011110 1
11101111111011101 1
11111111010001110 1
11110110101001111 1
11111111010101101 1
11101110111011000 1
11101010011001100 1
11111111111101101 5
11111011011000101 1
11110111111001100 2
11111110011101000 2
11111110010111101 1
11111111001001100 1
10101101011001100 1
11001111111101110 1
11111100111001111 1
11101101111001110 1
11110100011001100 1
11111110111111001 1
11111100011001111 2
11111110111101110 2
11101101011001100 1
11101111111101100 2
11110111111101001 1
11110110111011110 1
11111100111101000 1
11111111101101110 1
11110110111101010 1
11111010011001100 1
11111110011101001 2
11111011111001110 1
11100111111001001 1
11100110111101100 1
11110111111110110 1
11110110011011100 1
11111110001001111 1
11111110111011011 1
11111111011001000 1
01101011111101011 1
11111101111001100 1
11110111011010101 1
10101110011001101 1
11111010111111101 1
11101111011111111 2
11111110011000111 1
11101111001001101 1
11110110011101110 1
01101111111111100 1
10110111011111010 1
11101110111101011 1
11101111011111000 1
11111101011011101 1
11111111111111101 2
11111101011101101 1
11111110011010100 1
11111100111101101 1
11111001111111100 1
11101111011101001 1
11111110011100011 1
11101101111001111 1
11111111111000101 1
11111110011110001 1
11110111011101000 1
11111111111001010 1
11101101111011111 1
11110100111011010 1
01101110011001111 1
11111110011000110 2
11100110111101101 1
11101111111101110 1
11111110011001011 1
11110111111101101 1
11101110011111110 1
11111101111001110 1
11111101111101000 1
11111101001111111 1
11101110111111101 2
11111011011001101 1
11110110111001010 1
10101110011001000 1
11111100111111110 1
11111100011001110 1
11111110011000100 1
11111100011101100 1
11000110011011110 1
10101111011001101 1
11101111101001101 1
11100111111001111 1
11101111001001110 1
11111110110101101 1
