number of jobs: 10
percentage of hits: 0.0033203125
11100111111101111 15
11101111111111101 7
11101111011001101 23
11110111111100101 1
11110110011110101 1
11101110011101100 29
11101101011101101 1
11101111011101110 18
11111110011001111 35
11110111011101101 15
11101111111101101 9
11111110111111111 26
11110111011001101 10
11101110111101101 20
11101110111101110 28
11111110111101111 37
11101110011101101 14
11101110111101100 31
11100111111111101 6
11101110111011101 14
11111110111101110 35
11111110111101101 13
11110110011101101 12
11111111011101101 12
11101111111101111 23
11110111011101100 31
11111111111101001 1
01101110111101100 5
11111110011101111 24
11110111011100110 1
11111110011011101 10
11111111011111101 15
11110110110001100 4
11111110011001101 23
11110111011001111 26
11100110111101111 24
11111110011101101 19
11101111111101100 21
11110110011101111 21
11110111111101100 29
11010111011001110 5
11111111011101110 30
11100111011111110 13
11011111011101110 4
11010011111101111 1
11111110011101110 25
11011110111100101 1
11101111111001101 28
11110110111101100 33
11110110111001110 41
11110110111101101 17
11100110111111110 15
11001110011101111 7
11110111111101101 13
11101111111111110 19
11101110111001110 42
11010110011001101 2
11110111111011111 15
11100110011011110 14
11100111011101101 7
11100110011101101 11
11111111111101101 15
11100110111101110 14
11101111011101101 19
11100110111001101 16
11110111111111001 1
11110111111110101 2
11101111011101111 20
11001111011101110 3
11111111011011110 20
11111111011101100 43
11111111011001110 47
11111110111001110 58
11100010111101101 1
11111111010101111 2
11111110111011111 26
11111111011100010 1
11110111111101111 36
11111110111100101 1
11111111111001111 57
10101111011101111 4
11011110011011111 3
11101110001001110 1
11101111111101110 18
11110110011111110 12
11100111111101110 17
11100111011101001 1
11100110011111110 9
11101111011001110 34
11011110111101101 4
11010111111001110 2
11101110011000111 1
01111110111001100 7
11111100111001101 2
11101110011001101 23
11111110011111101 9
11110111011001110 30
11111110011111111 15
11110110011111101 13
11100111011101110 9
11011111010100110 1
11000111111011101 2
11100111111101100 20
11111111111001101 21
11111110011000111 1
11111111111101111 44
11101110011111100 32
11110110111101110 24
11100110111101100 26
11101110111001101 40
11101111011111111 11
11111110011101000 2
11110111111001110 42
10101110111000100 1
01101111011101110 3
11001111111101010 1
11111110111101100 43
11111111011000101 3
11101011111111111 1
11100111011001101 12
11101111111100000 1
11100111111101101 10
11101110011101111 27
10111110111101110 12
11110110011001111 22
11100011111101110 3
11110111111101110 22
11101111011100101 1
11111111111011101 13
11011110011100101 1
11101110011111101 7
11111100111101100 1
11101110011101110 11
11100110111101101 12
11100111111111100 36
01111110011000101 1
11101111011100110 3
11001110111101111 10
11100111111111110 12
11100110011101111 14
11011111111101101 5
11111111011100101 1
10111111111101110 3
10110111011101111 4
11101111011101100 15
11111110111001111 53
11100110011111101 6
11101110011001110 39
11101110111101111 25
11100111011101111 17
11111111011101111 29
11110111111001100 41
11101110111111110 15
11101110111100100 2
11101110111111101 5
11111111111111101 15
11100111111001111 28
10110111111110110 2
11011111011011111 2
11111110011111100 48
10110111011101110 5
11100111011111101 8
11111111111001110 71
11100111111001101 18
11101111111001111 47
11110110010011110 4
11101110011001100 33
11101110111001000 4
11111111011001111 43
11100110111000100 2
11100110011011101 6
11011111011001111 1
11111110111001100 72
11100010111001101 1
11111010011001110 2
11101110111000101 2
11100111111001100 35
11100110111111111 16
11101110011111111 13
10111111111001100 11
11101111111001100 31
11100110111011110 18
11100111010001101 1
10100110011001110 2
10110111111001110 5
11100110011001110 21
11100111111000110 1
11100111011001110 22
11101110011011101 7
11111111011011101 9
10110111001001101 1
11101110111001111 28
11000111011011111 1
11101111011011110 18
11100110111001111 25
11111010111001101 3
11110110111011111 18
11001111011011111 7
11101011011001111 1
11111111011010101 1
11100110011001100 27
11101110111011111 20
11100110111011101 11
11111110011001100 55
11110111011111111 22
11100111111000101 2
11010110111001101 3
11111110011011111 23
11101110011001111 29
11010110111101110 5
11011111111001101 3
11111110111001101 23
11101111111001110 40
11110111011101110 21
11100111111001110 31
11101111011011101 7
01111111011101110 2
11101111011001100 38
11001111111001110 9
01110110111001110 4
11101111101001110 4
11100110111001100 32
11001110001001100 1
11101111111011100 41
11100110111001110 29
01100110111001111 3
11100110111011111 14
11100110001111101 1
11101111111011110 19
11100110111011010 2
11101111111111111 12
11101111111000100 4
11101011001011101 1
11111110101001110 9
11100110011001101 10
11110110011001100 36
01101111011001101 2
11101111011001111 18
11110111111001101 16
10110110111001110 5
11011111011000110 1
11111111111111111 34
10101110111001110 5
11111110011000110 2
10100111111001101 2
11101110111011110 11
11101111011011111 8
11100011111111101 2
11110110110011110 1
11011110111001111 4
11000111011000101 1
11011111011001101 2
11000111111001111 8
01101111111000101 1
11100010111001111 1
11101110110111111 1
11011111111101111 6
11011110111111110 7
11110111011000101 1
11001110111001101 6
11101111110001110 3
11101111111011101 12
11010110011001111 2
11100111110001101 1
10101011111000110 1
11111110011101100 43
11010110111111110 1
11100110011011100 19
11100110011000101 3
10111110011001101 3
11001111111001111 6
01111110011001101 4
11100111011011101 8
11100101011001110 5
11110110011001110 26
11100010101001100 1
11100111111011101 10
11101110111000100 2
11100111010111100 3
11100110011110101 1
11111111011000110 2
11100111011001100 23
11100111011001111 11
11100111011010100 1
10101110011001111 2
11001110011001101 2
11100111111010100 1
11110110111001101 18
11101111011000101 3
01111110111001110 3
11101110111001100 40
11100111011100101 1
01111111011001110 5
11101011011001100 1
11110111011001001 1
11101111011111101 4
11101010011001101 1
11101011111011111 1
11100111111001000 1
10101110010001100 1
11101111011000110 2
11110010111001110 3
11101111011011100 19
11110110111001100 45
11101110111000111 2
11111111011001101 21
01000111111001100 2
10110110111001101 3
11100110011001111 16
10111111011001111 3
11011011111101111 2
01111110011001111 2
11000110111001100 16
11101110101000100 1
11010110011001110 4
11011110010111101 1
11110110111001111 26
11101111111000101 3
11111111111011111 13
11011110011001101 2
11011010111001101 1
01100111111001100 5
11110110011000101 2
11110011111001100 4
11111111010111110 5
11100110011101110 13
11101110011000110 2
11101111111100100 1
11110111111001111 19
11101011011001110 1
11101011111001111 2
11110111110001101 2
11001110011001100 6
11101111010011110 2
11101110110001110 3
11101111111000110 2
11101110011011110 15
11011110111001110 2
11101010101000100 1
11110110011001101 9
11110111111011101 9
11100111111000100 2
11101110011010110 1
01000110011001111 1
11111110111000110 5
11001111011101111 12
11111111111001100 59
11110111111111111 19
11111111101111110 2
11101111010001111 2
11001110111101110 5
11111110111011101 13
11111111001100110 1
11010111111111101 3
01111111111001101 4
01111111011001101 2
11111010011001101 1
11100111011011100 15
11110111011011101 12
10111111011001101 4
11111110111000101 1
11100111011000101 1
11101111111001000 2
11110111111011110 16
11111111111100100 1
11100110011111111 19
11100110001001111 2
11111111011001100 54
11100111111011111 12
11101010101001111 1
11101111111100101 1
11001111111101110 6
11001110101111111 1
11101111111000111 1
10100111111001110 4
11110110011101100 32
11111111011011111 13
11111111111000100 3
11111111011000100 5
11111110111111100 41
11110111010001110 1
11110111011001100 40
11001110011111110 4
11000111011001110 2
11101110001101101 1
11100110111001001 1
11100110111011100 27
11111111011000111 1
11011110011001110 3
11111110111011100 27
11110110011011111 18
11001110111111111 3
11101111011000100 2
11100011011011101 1
11111110011001110 48
11000110111001111 2
01100110011001001 1
11111110011011110 22
11111111001101101 1
11111111111001011 2
11110111011000100 1
11111011111001110 4
11111110111111101 15
11101110110101111 1
11000111111001100 9
11100110011111100 24
11111010111011110 1
01100111111001111 2
11110110000101101 1
01110110111001101 2
11001110111101001 1
11101111010111110 2
11111111111011100 47
11111010011111110 3
11100100011001110 5
11110110111011110 30
11111100011111111 2
11011111011011100 3
11001111011111111 3
11110110111101111 27
11000110111111101 1
11100110111111100 26
11101110111111111 18
11111111011111100 31
11110110011011100 24
11110100011101111 1
11001110111101100 7
11000110011101100 4
11101100111001110 4
11010111111101100 5
11111110111111110 21
11100110101101100 1
11001111111111111 3
11011111011111101 2
11100011111111110 2
11111011011111110 4
11101110010001111 1
11101110001111110 2
11000111111111100 6
10101111101111111 1
11011100111111110 2
11111111111111100 32
11111111011111110 24
11110110111011101 9
11111111111011110 28
11100011111101111 2
10101110111111100 9
11011111011111111 2
11111101111011101 2
11010111111111110 3
11011110101011100 2
11110111011011110 21
11110011011111101 1
10111111111111100 6
10111111111101101 3
11011111111011100 6
11000101011101110 1
11111010111011101 1
11110111011111101 8
11001111111111110 5
11001111011001111 2
11111111111111110 18
11110111111111100 39
11000110011011101 1
11111111111101100 52
11110110011011110 11
11001110011101110 4
11111110111101011 1
11001110011011111 6
11100111011011110 10
11110110011011101 5
10100111111111110 4
11000110111111110 2
10000111111011010 1
11110110111111111 21
11001110011101101 2
11011111101111111 1
11001110111111110 6
11110011011111110 1
11110110011111111 19
11101111111100010 1
11101110011011100 23
01111110111111111 1
11001111011011101 2
11111111111101010 2
11110111011101111 35
11001111110111100 1
11001111111111101 4
10101110011101110 1
11000110111011110 3
11011110111101111 1
11110111111111101 12
11111110111011110 16
10010111011111110 3
11011111111111110 5
11100110110111100 1
10110110111110110 1
01001111111001101 1
11010111011011110 2
11111111011010100 2
10111110011100110 1
11101111011111110 14
11110110111111100 23
11100011011111100 3
11110101011101110 2
11010111011101110 1
11000110111101111 6
11011110111011110 3
11110110111111110 16
11110010011111101 1
11111111111111010 1
11101110011111110 12
01111011011001111 2
11011110111001100 10
11111011111111110 1
11101011011101111 1
11011110111111111 5
11111010111011111 1
11110111111111110 24
01100010111111101 1
11110100111101110 1
11111110111111010 1
10110110011111111 2
11011110011111110 3
11111110111011011 1
11111111111011010 3
11010010111001110 1
11010111111001101 3
11111110111011000 1
11011110011001111 3
11001101111101111 1
11111010011011101 1
11111111101011001 1
11110111111011100 30
11010110111111101 3
11111110111101000 1
11001111011011100 6
11000110110011101 1
11111011111001111 2
11111011111011110 3
11010111111001111 5
11000111111011111 3
11110110111111101 9
01111111111101100 3
11111011011101110 1
11011111111011101 2
11011111011001100 6
11011110111101100 7
11101101011001100 4
11101111111011000 2
11101110010011100 1
11011110011001100 8
11100010011001111 2
11101111111111100 23
11111010111001110 3
11110110011101001 1
11001010111101110 1
11111111110001111 1
11000110111011111 4
11001111011001100 6
11000111111101010 1
11000111111101100 5
11111111111101110 15
11000111011101101 3
01111110111101111 1
11001111011111110 4
11110111111101001 2
11101100111101101 1
11110011011101000 1
10100111111011110 4
11101111111101000 1
11001110101101111 1
10110110011101100 5
11110110111011100 32
11011110011011110 3
11101110011101010 1
11111110111001000 5
11110110010001100 1
11111100111001111 2
11001111111001100 7
10111111011001001 1
11010111111001100 8
11001110111001110 4
11000111011101110 5
11111110111001011 2
11111111011011100 29
11111110011001001 1
11111101111001111 1
11110011110001101 1
11001100011011111 1
11110111111101010 2
11001110111001111 5
11111110111111011 1
11111110111101010 2
10010110011111100 2
11111011111101110 2
11111011111000100 1
11101111111101001 1
11111010011011111 2
01110010011001100 1
11111010111001000 1
11110011111101101 1
11001110011001111 8
11110010011001110 2
11001110011001110 7
11111010011111111 1
11101110111001011 1
10110111111001101 2
11111011011101100 1
11101110111011100 28
11100111011101100 14
11001110011001011 1
11101110011001000 2
11110111011111110 15
11011110011101101 2
11000110011001111 3
11101111001101110 4
11010111111101110 4
11000111111001110 4
11111100111001110 4
11110011001111110 1
10111010101001101 1
11101010111011100 2
11101110001111111 2
11111110011101011 1
11001110111001100 7
11101111011001011 2
01101111011011100 3
11110110011100101 1
11011110011101110 3
11100111001111101 1
11110110011101110 19
01001110011011111 1
11011111111101100 7
11000110110111101 1
11001111111101111 6
11011110110000110 1
11111110101111101 1
01110111111001100 6
11000110011101110 2
11111110011001010 1
11111110111100110 3
11000111011101111 3
11110111010111101 1
11110111011001000 1
11000110111001101 2
10010110111001101 1
11011111111001110 5
11010111111111111 3
11010111011101111 2
11111011011101111 1
11100010111011101 1
11111011111001100 4
11111110011111110 12
11010110111011100 4
11101011011001101 1
11101011111101110 2
01111111111101110 3
11110110011001011 1
11101110011011001 1
11110011011001110 1
11011111111101110 5
10010111111101111 3
11111110011011100 33
11111010111001100 2
10101110111111110 5
11001110111011001 1
01101101011001110 1
11111110011001000 3
11111101111001100 6
11001111111001101 2
11110110111111000 2
11111110111000100 1
10110110111101110 6
11011111011001110 5
11000110111101001 1
00111010011001101 1
11001011111101100 1
11110101111001110 1
11001111011001101 3
11111010111101110 2
11101110111110111 2
11010110111101101 1
11111011011001111 1
11000110111101110 5
11011100111001110 1
10110111011001110 4
11001110111011101 2
11110110011001010 2
11111101011001111 2
11111010011001111 1
11001110110111101 1
11000111111101110 4
01100111011001100 2
11101111010001110 1
11110010011001111 1
01011110111001101 1
10100110011101111 5
11101110110011101 2
11101111101001100 6
11000111111011110 2
11001111011010101 1
11011011011001111 1
01001111011101111 1
11001111111101101 1
01011111111101110 1
11110111110111110 2
11100110011100100 1
11000110011001110 5
11101110011000101 1
11111010011101101 1
11001111111101100 1
11000111111111001 1
10011111111001101 1
11110010011101101 1
11111010011001001 1
01110110111001111 1
11101101111001100 3
11101110011100100 1
01111110011101110 2
11001110011000101 1
11000111011001101 1
11010110011111101 3
11001110110111111 1
11000011111101100 1
10101111111111100 6
11000110111001110 1
11101111010001101 1
11100110111100111 1
11001010011101110 1
11101111011100100 1
11101010011101100 1
11100111011111111 16
11101111011100111 2
11111110110001110 6
01111111111101101 2
10011110011001110 1
01111111111111111 1
11001110111101101 1
11011110011101111 3
11111110111010101 1
11011010111101111 2
11010111111101111 1
11111110101101110 5
11111111001001110 17
01111110111101100 2
11110111011000110 1
11111111101101100 2
11100111001001100 2
11111110001111110 3
11110100111001110 2
11111110001001110 9
11111101111001110 6
11111111001011110 3
11110111101001100 6
11100101111001110 1
11111111001011100 4
11111110101011110 3
11101101111001111 2
11111100000011110 1
11111110001011110 3
11110110101001111 3
11111101011101111 1
11101110101011110 1
11111101001011110 1
11100110001001110 5
11110100001111100 1
11111011101001110 1
11111100011001110 5
01101111011001100 4
11111100111001100 2
11111101011001110 4
11000101111001110 1
11100101011011011 1
11110000111001100 1
11110101011001110 2
11101111001001110 6
11101110111101000 1
11111111101001000 1
11110111001001110 4
11011111000111100 1
11100110101101110 2
11110100111011111 1
11111110110001100 2
11111111101001100 9
11101011101011110 1
11101110101001110 4
11110101011001100 2
11101100011001111 4
11101110101001111 1
11111001011001110 2
11111111001110100 1
01101111001001110 1
11110100011001100 10
11101110010001110 2
11111111101001110 10
11110111001101100 2
11111110110111110 1
11111010101001110 1
11110100011001110 1
11111111001001100 5
11110110001011100 4
11111100011111110 4
11101111001001100 2
11111110001001100 11
11101101111000110 1
11101110001001100 4
11101110001101100 1
11111111110101100 3
11111110101001101 3
11110111101001110 5
11100111101001100 3
11111110001101110 1
11100110111001011 2
11111111100001100 1
11110100111011100 2
11111101001001110 3
11110111001001100 5
11110110001001100 4
11101100111011100 2
10101110011001110 6
11101100011101110 1
11101001101011100 1
11100100111001100 3
11111101100111110 1
11111101101101110 1
11101101011111100 3
11111101011001100 5
11110110001001110 2
11110110101001110 4
11110100101001110 3
01100110111001100 3
11111110101111110 2
11111101001111100 1
11110011111001110 1
11111110001011100 2
11111101101101100 1
11101111111011111 15
11101111001011110 2
11100101001101110 1
11111111101011110 1
11110101101001100 2
11101011111001110 1
11000101001001110 1
11100111001101110 1
11110101011011100 1
11110110101101100 3
11111111101111100 5
11100100101001100 1
11111111001001111 4
11111100011001100 5
11111101110111100 1
11101101001001100 1
11001111011001110 8
11110111011000011 1
11110111101011110 3
11100111111011110 14
11100100100001100 1
11111101111111110 1
11101110111001010 1
11110000101111100 1
11111100001001100 1
11100111001011110 1
11111100011011100 1
11110110101001100 6
11111110001001111 1
11101110001001101 1
10110111011001100 8
11110101101001110 2
11101111011111100 22
10100110010111100 1
11110110010111100 3
11101101001001101 1
11110110001101111 1
11110101001001100 2
11101110010111100 2
11111101101111110 1
11101111101111100 1
11110111011001011 1
11100110001001100 2
11111101111011100 3
11111110101011100 2
11110010011001100 2
11101110110101110 2
11111101001001101 1
11101100001101110 1
11111110010111100 2
11101101011001110 1
11101111110001100 1
11111010111101100 5
11101100011001110 6
11100100111001110 1
11100011011001100 1
11101110101001100 3
11110111011111100 42
11100111011001000 2
11111111010001110 2
11100111101001110 2
11101111101101100 3
11111000111001100 1
11101100111001100 2
11111110101111100 5
11111110101001111 1
11101110101111110 4
11111100000101100 1
11101100111101100 2
11101100011001100 4
11111101001101111 1
11101111110011111 2
11100111101001111 2
11111110101001100 11
11100011111001100 1
11110110001000111 1
11101111001001111 2
11101000001001110 1
11111101101011100 2
11100010010111100 1
11100100011001100 1
11101111110111100 1
11100110101001110 2
11111100001001110 1
11110101111101100 2
10101111011001101 3
11100101111001100 2
11101111100101100 1
11100101011001000 1
11111011101001100 1
11110100111001100 1
11101101101101110 1
11110100001101100 1
11111111111000110 2
11111100101011110 1
11100101111001111 1
10111100011001110 1
11111101111101110 2
10101111101111100 2
11111101101001100 2
11101110110111110 1
11100110101001100 2
10100110011101110 4
11100111011111100 19
11111100011101100 4
11110100011001111 1
11101111001111110 1
11111100010011100 1
11111010001001100 1
10111111011001100 13
10101111011001110 3
11111110001111100 3
11101110101101111 1
11110101111111111 1
11111100111111100 1
11101111101001001 1
10100111011001111 5
11111100101001110 1
11111100100001110 1
11101100101001110 1
11101101110001100 1
11100101111111110 1
11100111111000111 2
11100110101011110 2
11110101001001110 1
11111111101101111 2
11100110001101110 2
11101111010101100 1
11111111000101110 1
11100111101111110 1
11101111001001010 1
11100101101001110 1
11111111001101100 2
11111100001111100 1
11110101101001101 1
11111100110001100 1
11100111101001101 1
11111100011011110 2
11111111101000111 1
11100101111101100 3
11111110001001001 1
11110110001101110 1
11111001001001110 1
11110101111001100 1
11110110110111100 2
11101111101011110 1
11111111101011111 2
11100011111001110 1
11110111110001110 1
11111110011100110 3
11111110111010110 1
11111111011100111 1
11101110100101110 1
11100111101000110 1
11111110101101101 2
10111100011101100 1
11111010110101111 1
11111111111010110 2
11110110010001101 1
11111110000001111 1
11111111101011101 2
11111110101101100 2
01100111011101100 3
11111010101011111 1
10111110011111110 5
11110110001011111 1
10101110011101111 2
11111110010001111 1
11111110010011100 1
11110111011011010 1
11011110010011111 2
11110111001001101 1
11110110101111110 1
11011111111001100 8
11101010111101100 1
11100110011011111 7
11110110011111100 31
11110110011100110 1
11110110001111111 1
11110110101111100 1
10111010111111101 1
11110111011011100 27
11111110011110111 2
11110111101111100 2
11101110111111100 30
11110011011011100 3
11110100011011100 1
11110111101101100 1
11110111110111100 2
11110100111011110 1
11110110010011111 1
11110111011110111 1
11110111001111100 1
11110111100001110 1
11110010011101110 1
11011111111011111 5
11010111111011100 2
11110110001111110 1
01110110111011111 1
11111110110001111 1
11111010111001111 2
01111110111011110 3
00111110111011101 1
11111111110111111 1
01110111011011110 2
01110111011101100 2
11100110010011111 2
11111111001111100 2
11111111000011110 1
11110110101011100 4
11110111110001111 1
11110110110011100 1
11101110010001100 1
11110111001101110 3
11110110010011101 2
10110111111111100 4
11010110111110111 1
11101110111100111 2
11011111011111100 9
11001110011011100 2
11110100001001100 1
11110110001101100 2
10110110111011101 1
01110111111111101 2
01110110111001100 2
11110111101101110 3
11110110001111100 2
11110110110111101 1
11110111011011111 14
10110110001011101 1
11110111110101111 1
11110110000101100 1
01101110011001100 3
11111110110011100 3
01110111111111110 1
11111110010001100 3
11100111110111100 3
11110110010111101 2
11100111111111111 16
11100110110011100 1
01101110111001111 1
11111010001111110 1
11111011111111100 1
11110110011000110 1
11111110010001101 2
01100111111101110 1
11111110110101111 1
01110110111101100 2
11010110101001110 2
01100111111011100 4
11111111010111101 3
11110111001011111 1
11110101011001111 1
01111110011111111 2
11111110101111111 4
11011110010111111 1
11110110001011101 1
11100110111111101 9
11110111001101111 2
11111110001101111 1
01100111001001111 1
11111110001011101 1
10100110011011110 4
10101110111011111 6
11111110010011111 1
11110111010101100 1
11111111101111111 4
11100110001011101 1
11110110010101101 1
11111111110001100 2
11111111011010110 2
11110010111111100 2
11111111101011100 2
11110111010111111 2
11111111101111101 1
11111110001000110 1
11101110011100110 1
11111110101011101 1
11111010111111110 1
11111111001101111 1
11111111001011111 1
01110111101001111 1
11111110010101111 1
11100110011010110 1
01110111111011101 1
11111111101001111 1
10100110101101100 2
11110111011101000 2
11100111001001111 1
11111011111011100 1
01100110011001110 2
11110011001011111 1
11111110110101100 3
10111110011001100 10
11011110011111100 7
11100110101011101 2
11101110110011110 1
01101110111101101 1
11111111011111111 13
11110010111001111 1
11111110010101110 1
01111111011011100 7
11000111010001100 1
11101100001111110 1
11111111110011100 1
11110110001001111 1
10100110111101111 2
11111111010111100 1
10111111011011100 6
11111111010011111 1
11111110010111110 2
11111110001101101 1
11110111101111111 2
11000111111101111 4
11100111101100100 1
11110100011111101 1
11111111001101110 1
10110111011111111 4
01111111111011110 3
11111110110111111 1
11111110001011111 1
11101111101101111 2
11101110110001100 2
01111111110001101 1
11111111100111110 1
11110111110101100 1
11000110111111111 1
11111010111111100 1
11110111110011110 2
01111110101011110 1
11011110011011101 3
11111110001101100 1
11110111101101101 1
11111011011011100 1
11101111101011100 2
01101110001011111 1
11010110111011101 3
11010110011101100 2
11000110011001100 2
11110111010111100 1
11010100111111100 1
11101110001111100 1
01111111111001100 5
01001111111001111 2
11001111111011110 4
01101111111101100 2
10110110111101100 5
11010111011111100 1
11110110111000110 1
11110111101001111 2
11001110011011110 3
11000111111111111 2
11110110101011110 1
11011111111111100 7
11000110011111111 4
11110100011111111 1
11100011011111111 2
11010110011101110 1
11100111111111000 1
11110101011101111 2
11101101111101100 2
11111111011100100 1
11101110101101110 1
01100110111101100 1
11110101111101110 1
10101110111101111 4
11111110111001001 1
11000110011001011 1
11000111111110100 1
01101111111011111 2
11101111110001111 1
11010110011101101 2
11011101011111111 1
01111110111111110 1
11010110011101111 3
11001111011101101 1
11100110011101100 13
11110101011101100 1
11001111011111101 1
11000111111101101 1
11101110110101100 3
10101111111001111 1
11111100011110111 1
11111111001001000 1
11101111101100100 1
11000111011001100 4
01110111110001100 1
01110110111101111 1
11000011011001111 1
11000111011101100 10
11001110011101100 4
11100100011111111 2
11110110110101100 2
11100101011101111 2
11001100011001100 1
11110110011110100 2
11110111001111110 2
01010110111001111 2
11100110111110110 1
10111111011101100 7
11110111001111111 2
11011110111111100 3
11001110111111101 2
11100110001101100 1
11010111111101011 1
11000110011101111 3
11100110001101101 1
10010111011101110 2
11000110011101101 1
11110111011100111 1
00010110011111100 1
11010110111101100 7
10111110011101111 2
11000110011111100 2
01001110001111111 1
11100101010101100 1
10001111011101111 1
11110111110111111 1
11101010111101111 1
11110111010111110 1
11000110110001100 1
11101100111111111 2
11110110110111111 1
11110101011111111 1
11000010111101101 1
11111111011110111 1
11000111110101111 1
11011111111001111 1
11110111010101110 1
10101111111101111 4
11000111011111110 2
11011111010111111 1
11111101011101100 2
11001110001111100 1
11111111011101011 1
11110110010101111 1
11001111011101100 3
11111010011101100 2
11011111010111100 1
11001110011111100 3
11110110111101000 1
10110100011101111 1
10100111011111100 8
01111110011101100 3
01101111011101111 2
11011110011101100 4
11001110111101010 2
10110111011101101 4
11001101011011110 1
01101111111101111 2
11011111011101100 8
11100110110001111 1
11101111010111101 1
11100110111110100 1
11001100011111110 1
11000110111111100 3
01100111011101111 2
11110111101111101 1
11110111111000111 1
11100100111001111 1
11110110110111110 1
01000110111001111 1
11111110101101111 1
11010110011111111 2
11110110010101110 1
11011111111111111 2
10100111111101100 5
11111111111100111 1
11110100111111110 2
11111100011001111 1
01111110011001100 8
01001111011001111 1
01010111011001100 2
11111100011101111 1
10001110011001100 2
11110100011111110 1
11100111011011111 13
11010111111111100 2
11100111110101110 1
10101111011001111 3
10100111011001110 4
11010111011001111 2
11000101011111110 1
10101111111011111 6
11010110111001100 5
11100100011101100 1
01100110111101111 2
11000110111101101 1
11101111001001000 1
11111111001111111 1
11000101011011110 1
10111110111101111 6
10111111011101111 2
11101101111111110 3
11000101111101111 1
11011110011101010 1
11101101011001111 2
11000100111111111 1
11110111111000110 1
11010110111011111 2
10001111111011100 1
10100111011111111 2
10011111111011111 2
10101111111011100 3
11011111011101101 2
11001111111011101 3
10111110111001011 1
11000111110011101 1
10001110111011100 2
10101110011011100 7
11001110011001010 1
10101110111001101 3
10001111010011101 1
10000011010101111 1
10100111111011100 13
10011110001011100 2
11100111101111100 1
10101110011001100 13
10001110011011100 2
11001110111011100 8
10101111011001100 4
11101010111111110 1
10000110111001100 3
11001111111011100 4
11100111111011100 17
10001111011001111 3
10111110111001100 16
10111110111001101 6
11101101011011111 1
10100110111011101 2
10100110111001100 8
10111110111011011 1
11100011011001101 2
10101111011111101 2
10011111011001110 2
10101110111101100 7
11001111111011111 4
10100110111101110 3
10001110111011101 1
10001110011101100 1
10101111111111111 4
10100111011010110 1
10011110011011110 1
11011010111001100 1
10111110111111100 9
10101111011011101 4
10111100111001100 1
10100111011101100 15
01000111011111000 1
10110110111011110 2
10000111111001110 2
10001110111001111 1
10100110111111111 2
10011111001001100 1
10011111011011101 2
10110111111010110 2
10101110111101110 4
11000110011011100 3
10101111111001100 9
10000110011011110 1
11000111011111100 2
10011111011001111 1
10110110011011110 6
11101111001101100 1
10100011011001101 1
11101011111001100 2
10000111111001101 2
10101110111001100 12
10001111011001101 2
10100111111111100 6
10100111011011100 9
10100111011001100 4
10111111111101111 5
10110111011011100 6
11011111111000111 1
10011111011001100 2
10101110101001111 1
10111110011011100 6
10100111111001111 5
10111111111001110 5
10011110111111110 1
10100110101111100 2
10010110011011100 1
10110110110011100 1
11001110111011110 2
10100110111011100 7
11010111011011111 1
01010111011001111 1
10100111111011101 3
11001011011011101 2
11011100011001010 1
10110111111001100 5
11101111010111000 1
10001110110101100 1
10101010111001100 1
10001111011001100 2
10111110011011101 2
11011011111011110 1
10101111011111100 6
11100111011011011 2
10101111011111111 4
10011111011011110 2
11101100111011101 2
10110110111011111 6
11100110011011010 1
10000111011001110 1
10101110011111111 1
10101111011011100 7
01011111011011100 1
10001111111001111 1
10000111111011100 2
10001111011111111 1
11001111001011111 1
10101111111011101 4
10111111111001101 4
11011111111011110 3
10001110011111111 1
10100111011111101 2
10110111111111111 3
10101110111011100 6
11100110111001000 2
11000101111111110 1
10010111111001111 1
10100110110001100 1
11010111101011100 1
10110110111001100 7
10000111111011110 1
11100110111111011 1
01101111111001101 1
11111011011001100 1
10010110111001100 2
10110110011011111 5
10111111111011100 8
11000111010111100 1
11010010011011100 1
11001110111011010 1
10110111111001111 3
10100111011111110 3
10111111111011101 5
11110010111011100 3
10111110011111100 10
10101111111011110 3
10110110111111110 1
11011110111011101 1
11110111111001001 1
10100110111011110 1
11000011011011100 1
10111110101101100 1
01000110111011110 1
10011110011011111 1
10010111011001101 1
10010110111011101 1
10101110111011110 3
11111101011011110 1
10001111011101101 1
10110110011011100 3
10110111011111110 3
10100010111101111 1
11101100111011110 2
11100111111001010 1
10000110111001111 2
10111111001001111 1
10100110111111101 1
10100110111001111 5
10111110111011110 2
10100110011001101 3
10010111111011110 2
11011110111011100 6
10010111111111100 1
11100010011101100 1
10001111111011110 4
10111111111011111 1
10010110111111101 1
11101110011011111 8
10101111011011111 3
10100110111111100 4
10111110111011111 4
10111111011011111 2
11010111111011110 5
11101111010001100 1
10110110101001111 1
10100111011101111 3
10100110111001110 5
11010110111111111 1
01111110011111110 1
10000110111101101 1
11101011011011111 1
11000111111001101 2
11111111111000111 2
11000100001111101 1
11000110111011001 1
11000111111011100 2
11011110011001010 1
10010111010001111 1
11000111011001111 2
10111110111011100 6
10111111111001111 2
10000110111101110 2
10001110011011111 3
11000010011011111 1
10111111111011110 4
10100110111011111 1
10001110111011110 2
11101110011010100 1
10110111101011111 1
10100111011011101 3
10100111111011111 3
10110110111001111 3
10001111111101101 1
10001110011001110 1
11011010111011101 1
10101100011011100 2
11001010011011000 1
01111111001111100 1
10111110111001111 3
10010110001001111 1
10110101011011110 1
10110111111011100 4
10001111011011101 1
11100110010001110 1
11001110011010111 1
11100111010101100 1
11001111111111100 2
11101011111001000 1
10111110111011101 2
10111111111111111 1
01010010111001101 1
11111110111001010 1
10110110011001110 2
10001110011001111 2
11001110011111111 1
11000110111011101 2
10000110111011100 1
10100111111001100 7
11100111011011000 1
11000110101111111 1
10101110111111101 5
10111111011011101 1
10001111111011101 1
10110110111011100 4
10110110111011000 1
11010110011011101 1
10101111011101100 5
10111110001011101 1
11110001111111111 1
11001111110001110 1
10110111111011101 1
10011111111001100 3
11010110011111110 1
10001111011011110 1
10100110011001100 4
10110111111101101 1
11011111111111101 2
10011110111011111 1
10100111001001110 1
10001110111001100 3
10111010111011100 1
11010111111111000 1
10011110111011110 1
10000111111011111 1
11101011011011100 2
10110111011011101 1
10101111101001111 1
10000111011001111 1
10000111011011101 1
11010111111011101 3
10011111011011111 1
10111100011011111 1
11011110011011100 6
10110111111011110 2
10000111111111100 2
10101110111111111 4
10101110011111100 6
11110011011001100 1
10010111011011110 1
10111110011011111 2
10101111111101110 6
10100111001101111 1
11101111111001010 1
10110110010001111 1
10101011011011111 1
10011110011001111 1
10101010111101111 1
01100111101011111 1
10000110011001100 2
10110111111001010 1
10101110111001111 3
11100010111011110 1
11100111111011001 1
10110110111111111 1
11100011011001110 2
10001110111011111 2
10001111111001110 1
11100111110011100 1
11101111011011010 1
10000111011001100 1
11000010011001100 1
10110111001011101 1
11101010011011100 1
10011101011011110 1
10101110101011111 1
11101110001110111 1
10100110011001111 2
11101110011111010 1
10010111111001100 1
11000110111011100 1
10101010011011100 1
10011110111001100 2
11101110001111101 1
10011011111001111 1
10011111011001101 1
10110111111011111 1
01100110111111101 1
10110111111011011 1
10101110101011100 1
01100111011001110 1
11100111001101101 1
01110111011001110 2
01100111011111100 2
11011110110101111 1
01101110011001110 1
11011110111111101 2
11110011010111100 1
01111100011001101 1
01110110111111110 1
01101110011011100 2
11010111111101101 1
01101111111001110 1
11111110010011110 1
01010110011111110 1
11011110111101110 3
11100100011011101 1
11110111110101101 1
11110110110001101 1
11011011011011011 1
11000010111001100 1
01110111011011111 1
10010111011111100 3
01011110111011110 2
01111011011111100 1
01101110011011111 2
01111011011111111 1
01101111011101101 2
01011111011001101 1
01111011011011100 1
11111010000101111 1
01011110011001111 1
01010110111101110 2
11100110110111111 1
11111010111101101 1
11010110011001100 7
11001101111010100 1
11011100111001100 1
01110110111011100 1
11101011011111110 1
11110110110110111 1
01111111011101100 6
01111110111101110 3
01101110011111100 2
01111100011011110 1
01110111011111110 1
01101111111001100 3
01111111111011100 7
01010110011101110 2
11010110011011111 1
01111110111101101 1
01110110011011101 3
10111110111101100 14
01111111111010100 1
11111010011111100 4
11101010011111100 3
11001110111111100 6
01110110011011111 1
01100110011111100 1
11111111001000110 1
01101110011101100 3
01111110111011100 3
01100110011101101 2
01100110010001111 1
01101010010111101 1
11111110011110110 1
11011110001001100 1
11111011011101101 1
11111111011011000 2
11111111110001101 1
01000111111001110 1
01100110111011100 2
01011110011011100 1
01000110011101110 1
01101110111011100 3
01111011111111101 1
01101110011001101 1
01111110010011100 1
11110111010001101 2
11111101011001101 1
11101011010001100 1
11010111011001101 1
11000111010011110 1
01111100111111101 1
11011111010101110 1
01101110111011110 2
11111011110101110 1
01101101111001111 1
10010011011001110 1
11100011111011110 3
11110111111101000 1
01110110010001110 1
11010111011101100 3
11010110110101110 1
01111111111101111 2
10100100011111100 2
01111011111001110 1
11110011110101100 1
01110111111011100 1
01110111011011100 2
11101011011111100 2
11101100110011100 1
01101111111011100 1
01100110111111100 2
10001110011111100 2
01110111011111100 2
11010110111011110 1
01111111101011100 1
11110010011001101 1
01111110000101100 1
01100111011111101 1
11101111111111000 1
11111011101101110 1
01011111011111100 1
11111010011110101 1
01001010110001100 1
01001110011001101 1
11111101111111100 1
00100110111001100 1
01011011111111100 1
01101100111101100 1
11110101101101110 1
11111110011111000 1
01100111011011100 2
01000110111111100 1
11110010011011100 2
11010111000111100 1
11101110010101101 1
01110101111111100 1
01000110011111100 2
11010111111001011 1
11111111111011011 1
01011111111011100 1
01111111011111110 1
11100011110101110 1
01011110111101110 1
01100111111111110 1
01100110011011100 2
01000110011011100 1
11011110010101110 1
01110110010011110 1
01100110011101111 2
01110111111101111 1
11000010011101100 1
01000111111011100 2
10001111111001100 1
01101111011101100 3
01000011011111100 1
01101011111101100 1
01111110011011100 2
11010111010001101 1
01100110011001101 2
11111111011010111 2
01110110011101100 2
11111011110001100 2
11111101011011100 1
01100110011001100 1
11110111110101110 1
11100111010101101 1
01111110111100110 1
11100111110001100 1
01111110001011110 1
11110001111101111 1
01001111011001100 3
01100111111001110 1
11100110110101110 1
01011111111001100 1
01111011111001100 1
01101111001011111 1
11110111111001011 1
11011111110011100 1
01010101111001100 1
01100111011011110 2
11101101101111100 2
01110110011011100 4
01101110111011101 1
11101110111011010 2
11011010111101101 1
11101001111001100 1
01011110111011100 2
11111111010101100 1
11101110101011100 1
01011110011001100 2
01101110010001100 1
01111111111111000 1
01101011010111110 1
11100100111101110 1
01010111111001110 1
11111110110111100 1
11101010101101100 1
01101111011111101 1
11010111010111110 1
01000110111101100 1
01010011011011111 1
11110010111101101 1
11110100011101100 1
01010111011011100 1
11110011011101110 1
11110010011011110 1
11010111011001010 1
01111110011111100 4
01111110111001101 1
11011111011111110 2
11010011011001111 1
01111110011011101 1
11010111010001100 1
11010110011011100 3
01000010011101100 1
01011110011111100 1
01110110111111100 2
11111111010011100 2
01111111011001100 3
01100111011111110 1
11111011011111100 3
11010010111011110 1
11110011011111100 1
10111110011101100 7
01110110111101110 1
11110011111001101 1
11111111111110110 1
01110111111001101 1
11101100011101100 2
01110111011001100 2
01010111011011101 1
11110010001101100 1
01100100111101100 1
11110010111101111 1
01100110111111111 1
11111110110101101 1
01110010111101100 1
11101010111001100 1
01111110011111101 1
10101010011001100 1
01110110111011110 1
01100110111101101 1
00111111011011111 1
11111110010111111 1
11110111011011000 1
11100101110001100 1
01010111010011100 1
11111011010001100 1
01111111011111100 2
01110110010111100 1
01111111011011110 1
01111101111011110 1
01000110011111110 2
11110111101011100 1
01010111011101101 1
11001111010101110 1
11110010111101100 2
11100110010101100 1
01100110111011111 1
01111111111111100 1
11110011011101111 1
01000011011011100 1
01111111111111101 1
11111111110111100 1
01100110001101111 1
01101010011111100 1
01101110111111110 3
11000110110101100 1
01111111111001110 3
11001110011011101 2
01101100011101100 1
01011111111101100 2
01001110010101100 1
01011111001011110 1
10101111110111100 1
11101111011110101 2
01010011010011101 1
01011111011011110 1
11110100110001100 1
01100111011101101 1
11010100011111100 1
11111100011011111 1
01111110111001111 2
01011101011011110 1
01101111011001110 1
01101110111001100 1
11110110111101010 1
11110101011001101 1
01110111011101101 1
01111110111011101 1
11010111100001101 1
11011110001101100 1
01000110011001101 1
01000111010001111 1
11011011011111100 1
11111011111101100 1
01111110010101110 1
01100110111001101 2
11010011111001100 1
11101011011101110 1
01110111011001111 1
11100011011101110 2
11010110011111100 2
11110010111011111 1
00111110011011101 1
01101111111001111 1
01100111111101100 2
01010110011001110 1
11110010111001100 1
01000111111101100 1
01010110011001100 1
01000110111001100 1
11110111111101011 1
11001101011111101 1
01111110111111100 1
01101110011111110 2
01100101111001110 1
11111100011111100 1
11111110110011110 1
11101111010111100 1
11100011011101100 1
11100110011100110 1
11111100110001110 1
11100110011111000 2
00100111111001101 1
10100110011111100 4
10101111001111100 1
10111101011101100 1
10110111011001111 1
01111101011011100 1
10100110011011100 5
11101111011000111 1
10101110111011101 3
10111110110111100 1
10110111011101100 5
11101101111101111 1
10100110111111110 1
10110111111111110 3
10101111111001110 4
10101110011101100 9
11100111001101100 1
00111110111111100 1
11001111101011101 1
10101110011011110 5
10110110111101111 2
10100111101101110 1
00101110011111101 1
10100110011111101 2
10111111011111101 1
10101110101111110 1
10101111111101101 1
00111110111011100 2
10100101111111100 1
10100100111011100 1
10100110011101100 2
10111110111001110 6
10111110111111101 2
10110110011101111 3
11110111011101011 2
11101100111111100 2
10111110111101010 1
10100111011011111 5
10101111011011110 3
10111111111101100 5
11100110011010111 1
11100111000101110 1
11100111011000110 2
10101110011011101 2
10111111011000110 1
10111110111101101 2
10010111011111101 1
11010100111101100 1
11100110011010100 2
10100111111101110 5
10101111011100111 1
10110111011011111 2
10101110000001100 1
11111110011000100 1
10110110011000110 1
10001110111001101 2
10101111111001101 2
10100110011011111 2
11101100011001101 1
11101110110111100 1
11111100111111011 1
10111111011111100 2
11100111111110100 1
11100111011110111 2
10111011111101100 1
11101110011100101 1
11110111010011100 1
10100111111101111 2
10101111111101100 8
10101111111111010 1
10111110011101110 5
10111101011001100 1
10110110011101110 5
10110110011111110 1
10111110110101100 1
10111110011100100 1
10111101010111100 1
10111110111110101 1
10000111011011100 1
10111110011001111 2
10110111011111100 4
10110110111111101 1
10010110011001100 1
10111110011111111 4
10110101111101101 1
10100111111111111 2
10101110111011011 1
11110100111111100 3
10100110111101100 1
11101110111110110 1
10111111011111110 2
10110111111101111 3
10101100111101100 1
11100010011111101 1
10111110011111101 1
11101100101111101 1
11101110101101100 1
10101110011111101 1
11100111001011100 1
10100111011001101 1
10100101111001100 1
10101111001011111 1
11100101011011100 2
11000111011011100 2
11000100011001111 1
10011100111011100 1
10110111011001101 2
11110101101111100 1
11100111111100110 1
10101111110001100 2
10110111111101110 3
10110111101110101 1
10100111110111100 1
10110110011111100 3
11100111111010110 1
01101111111111111 1
11111110011010110 1
10111110111010100 1
01101110011101111 1
10111111111111101 2
11111101111111101 1
01100111011001101 2
10110111111101100 3
10110111101101100 1
10111010010111101 1
10111111111111110 4
10111111011101110 3
10110110011111101 1
10100111011011110 1
10110111011011110 1
01110100011001100 1
10101110101001100 2
11110111011010110 1
10000111111111111 1
10100111011101110 1
11100110011000110 1
11110101111001101 1
11101110101111111 1
10110110011111011 1
10101111111111110 4
10111110001101110 1
11100101011001100 1
01110111111001111 1
10111010111100111 1
10110110111101101 2
11101111011111011 1
10000100111101100 1
10111110101001100 1
10111111011100110 1
11100111110011110 1
10111110011001110 2
11111110111010111 1
10000111001011100 1
10111110011101011 1
10111111001111101 1
11000111011011010 1
00100111011111100 2
10111111011111111 2
11111110011100111 1
10100111101111100 1
10100110111110110 1
10101111011111110 3
00110101111101110 1
10100111111111101 1
00111110110011100 1
10101100111111110 1
10010111111011100 1
10110110011001100 2
11100111110001110 2
11100100111111100 2
10111110011011110 1
10111110011101101 1
10111111011101101 1
11111110100101100 1
11111111001001101 1
10101100011101101 1
10110110111111100 2
10011111011101111 1
10111110001111101 1
11111100011101110 1
10101110011111110 2
11010111011111111 1
11110100011001101 1
10010111011011100 2
11100111111010111 1
10011110111101110 2
10001110111001110 2
01001111011001110 1
11110101111101111 1
01000110111101110 1
00111110011011100 1
01100111111101111 1
11000101111001100 1
00011110011001110 1
00010111111101100 1
11100011111101100 2
00001111011001101 1
11110110011010111 1
11010111011111110 1
01011111111001110 1
10001111111101110 1
01111111101001100 2
11111011101011110 1
01101110111001110 3
01010111101001101 1
00101111111101110 2
10011100111001111 1
00011110111111110 1
10011110011111101 1
01101110111101110 3
01111111101001110 1
10111111110101100 1
01011110111101100 2
11101110001011111 1
01001111011101100 2
11110111101001101 1
00001111011101100 1
01101111111101110 2
11111111101000100 1
11001111011011110 1
00100111011011110 1
00100110111011110 1
01010111101111111 1
10111111011001110 2
10011111111111100 2
01101111111101101 1
10111110110001110 1
11100111101011100 2
10101111011110111 1
11011010111110100 1
00100110011111111 1
10001111011101110 1
11001110101011110 1
11011010111011111 1
10011110011111100 1
10101110011001000 1
10011111011111110 1
10000111111111110 1
10101101111001110 1
01110110010101110 1
00011111111111110 1
11011110111011000 1
10111110010001100 1
10111111001111110 1
10011110111011100 1
11011111101101100 1
11011110111011111 1
10001110111101100 2
01000010111100100 1
11001001111101111 1
10011110111101101 2
00110110111001100 3
11011110101011111 1
10011111111111110 1
10100111110001100 1
10111110001111100 1
10011110001011110 1
00001011111111110 1
10010110011001110 1
00101111111001110 3
01111011111101111 1
10110111110001111 1
10101110011000110 1
01101110101011110 1
10001111011101100 1
00011111011101100 1
01101111101101111 1
11000110101101100 1
10000110011011010 1
11011110110101100 1
11010111011011101 1
10111110111000111 1
00111110111001100 1
11011010111101110 1
10110111001011100 1
01000110011001110 2
10001110111110110 1
10100110001001100 1
10010111111101100 1
00111110111001101 1
01101111111011110 1
11010110111001110 1
01110110011111110 1
10101011011011110 1
00011110111001100 1
11110111001011100 1
10001111011001110 1
11000110101001100 1
11001110011110100 2
10110110101011111 1
11011111101101111 1
10000110011001111 2
11000111101111110 1
01100111011011111 1
10111110111111110 2
00111111001011100 1
11001111011111100 1
10111110110111111 1
10111110101010100 1
00011110111111100 1
10000111111001100 1
00001111110001100 1
01001111111001100 4
11011101011101110 1
11010111101011101 1
00001110111001100 1
10011110101001100 1
10100110110010110 1
10000110001000100 1
10101111111000100 1
10100110011000111 2
10001111001111110 1
00000111011011100 1
11011111101000111 1
10011111101001110 1
00101110111101100 1
10010110011011101 1
10001111111111111 2
10101110101001110 1
10010110110001100 1
01111110101001100 1
01110010111001111 1
00111111011001100 1
00111111111001100 1
10010110011011110 1
11101111101111110 1
11101110111010110 1
01101110111111100 1
00111110011111110 2
01011110111001111 1
11101111100111111 1
11001111011000100 1
10000110011011101 1
10101011111101100 1
11001010111001100 1
10001110011101111 1
10001100011001111 1
00110111011001100 1
01111110110001110 1
01001110111011111 1
01111111011001111 1
11011110101111100 1
11101111101011111 1
11011110011111111 1
10001010101101110 1
10001110011001101 1
10011110101111100 1
10101101001011100 1
10000111001110100 1
01101110011011110 2
10111111111101010 1
11111110010101100 1
01001111101101100 1
10010111011101100 2
01110111111101100 1
10011110111001110 1
11101110001011100 1
11010110111111100 1
11101111111110111 1
10101111101101100 1
01101110111101111 1
00101111111101100 1
11111110111100100 1
10011111111011100 1
10000111111111101 1
00110111101001100 1
10100111001111100 2
01111110101111100 1
11010110111101111 2
00101111111111111 1
11000111101001100 1
00001110011001110 1
00111111111101100 1
11111110111100111 1
00111111001101100 1
11011111001001100 1
01101110101101110 1
01101111111111110 1
01000111011111110 1
01100110111001110 1
00100110111011100 1
10110110101101101 1
11000111101100100 1
10101111011001011 1
10111111001011110 1
01011111011001110 1
11000111111111110 1
01000110011011110 1
01001111011011101 1
00111111001011101 1
10011110101101101 1
01001111111001110 1
10010010011001110 1
00111100111111100 1
00001111101101100 1
11000110011011111 1
00101111011101101 1
00111110111101100 1
00110111111011100 1
10101110110111100 1
00101110011111100 1
00011110001111101 1
01001110101001100 1
01011110111111100 1
00111110111111110 1
10110110001001110 1
11001110101001100 1
10101110001001110 1
10001110111101110 1
11001111001101110 1
00110111011101100 1
11100111101011111 1
10000110111111110 1
10101110011000100 1
10101111010111100 2
11011111001101101 1
11110110001001101 1
00101110011011100 1
10101111111111101 1
10000110110101100 1
11000110111101100 1
00111111111111100 1
01110010001001100 1
01100110111000100 1
00001111101111100 1
10101011101001100 1
00010110111001110 1
11100100101111111 1
01010110011001111 1
10001111110101110 1
10000110011101110 1
01111110011101111 1
00101111001111100 1
10011010011111111 1
01110111110011100 1
01111111011101111 1
01100110011101110 1
10101110111101101 1
11101110111111000 1
10001111011011100 1
00011110111101100 1
10011111011101110 1
10011111011111100 1
10011111111101100 1
10010111011001100 1
00010111111001110 1
11001101011001100 1
11110111111111000 1
11110010111111111 1
11101111111111010 1
11111110111110111 1
11010010111111111 1
11101110010111110 1
11111110011100100 1
11100011011001111 1
11110111111010110 2
11101110101111100 2
11101111111011010 1
11101110010101110 1
11101110110101101 1
11100110011011000 1
11110101101111111 1
11110111111011000 1
11110010011111111 1
11110011111011111 1
11110111110101010 1
11101010101101101 1
11101010011001100 1
11111111011111000 1
11111110011010100 1
11101010111111010 1
11101100111111110 1
11101110011011011 1
11100001111001100 1
11110010111111110 1
11111100011010110 1
11110011111111100 2
11101111011010110 1
11001110011010100 1
11101111111010110 1
11101111111110101 1
11110000111111100 1
11111011011111111 1
11100010011011110 1
11101110111110100 1
11111011111011101 1
11100110111111010 1
11111111011110101 1
11110111001001111 1
11110101111011100 2
11100010111011111 3
11111110011011010 1
11111100111011101 1
11100100111101100 1
11100101011110110 1
11111100011011101 1
11101100011101111 1
11100010011111110 1
11110110010110101 1
11100010111010101 1
11110111011111011 1
11101010111011101 1
11110010111010100 1
11100111111111010 1
11101111001101111 1
11010111011011100 1
11110011111011000 1
11110110101001101 1
11101110011010111 1
11010111011001100 1
11100011011010100 1
11101010111011111 1
11100101111011110 1
11100101111011111 1
11110011111011110 1
11111000111011110 1
11110111011111010 1
11101011011011110 1
11110011011110111 1
11110001011010110 1
11100100111011000 1
11111110111111000 1
11101010111111111 1
11110101011111101 1
11100110111101000 1
11111010011011100 1
11110111111010100 1
11010011111011100 1
11100010111111101 1
11111111011111011 1
11110110111011010 1
11101111010101101 1
11100010011011100 1
11101011111111100 1
10110011011101100 1
11100111011110110 1
10111110111111111 1
11100111111110110 1
11110111011111000 1
11110011111111110 1
11100010111111100 2
11111111111110111 1
11111111111111011 1
11101111111011001 1
11101010011111110 1
11110001011111110 1
11101010011101110 1
11110110111111001 1
11100110101001111 1
11101010111111100 1
11110011011001111 1
11111110011111011 1
11101010011111111 1
11110011011111111 1
11111100111111111 1
11001010111010101 1
11101011111101100 1
11101010111101110 1
01100110011111110 1
11101110011111000 1
11110010111011110 1
11111110111011010 1
10100110011111110 1
11100100011111110 1
