11100110111001000 1
11100110011101101 1
11110111011001111 8
11100111011001100 7
11110111111001110 14
11111111011001100 23
11111010011001100 1
11110110111001110 24
11111110111001111 17
01101111111001110 1
11111111101001111 2
11111110111011101 4
11110110011001101 7
11101111011001111 4
11111110111001100 19
11111110111001101 2
11101110011101100 1
11111110111001110 17
11110110011001100 19
11101111111001100 4
11110111101001111 1
11100111111001100 5
11110111111101110 5
11110110111001101 5
11110110011111111 3
11111111111001111 16
11110111011001100 17
11111011011001100 1
11100110011001110 6
11111111011011110 10
11111111011001110 16
11110110111101111 4
11111110011000100 3
11111111111001110 14
11111111111001101 5
11111111110111101 1
11100110011001100 6
11101111011111111 1
11111111111011100 6
11110110111001111 12
11110111111011110 9
11111111111001100 20
11110111011001101 3
01101111111010100 1
11110111111011100 7
11110111011101110 2
11110111111001101 4
11101111111000110 1
11101110111001100 8
11100110111001111 5
11100110011001000 1
11111111111011111 4
11110111111111110 3
11110110011111110 1
11110100011000101 1
11110111111010111 1
11111110011001111 10
11111110011001110 16
11110110111011110 7
11101110011111101 1
11110111111001100 9
11101111011001110 6
01101111011000100 1
11100100011001100 1
11110110111100111 1
11110010011001111 1
11101110111101111 2
11100110111001100 5
11111110011111110 3
11111010111111110 2
01101111011101100 1
11110110111111111 1
11100110111001110 4
11111110111000100 1
11110110011001110 16
11101110011001111 6
11110110011001111 13
10101010111001110 1
11111111011001101 9
11111111111011110 4
11111110011001100 20
11111111111011101 1
11110111111101100 7
11110111011101101 2
11101111011000101 1
11111110111001011 1
11101111011000110 1
11101111011001100 3
11110111011101111 5
11111111011001111 12
01101110111001111 2
11111111011101010 1
11100111011001001 2
11111110011101110 3
11111110111011100 5
11110110111001100 18
11111110011111111 2
11110110111011111 3
01111111011001101 1
11110111111101111 2
11101110111101101 2
01110110111101100 1
11111111111111101 2
01100110011111110 1
11110111010101100 1
11110111011001000 1
11100111111111110 2
11101111111011110 3
11101110011001100 3
11111111111111100 2
11110110011001010 1
11101111011001101 2
11110110011011100 9
11001111111001111 1
11111110111101111 3
11100110011011111 1
11110111111001111 19
11110111011001110 13
11110111111001000 1
11010110111001101 1
11110110011011111 3
11101110111001111 2
11101111111011100 2
11110111001101101 1
11101110111001101 4
01110110111001111 1
11111111101111100 1
11100110111011110 2
11111110011101000 1
11110110111101100 1
11111010011001111 2
11111110111101100 4
11110101111011110 1
11100110101011111 1
11110111011011100 5
11100110011011010 1
11110110011101110 3
11001110011001100 1
01111111111001111 1
01110110111011101 1
11111110111001000 2
11110111111111111 1
11100110011011100 1
11100110011011110 4
11101111111001110 4
01101110011011111 1
11110111111101101 1
11110110011011110 7
10100111011011110 1
11111110111111110 2
11100110011000100 1
11101111111101100 1
11100110111011111 3
11100111111111111 1
11101110011011100 1
11111111011101110 4
11111110111101110 2
11100111111011100 1
11111111111011011 1
10111110111001110 1
11110111011011110 4
11101110111001110 5
11111110011011110 2
11111111111101111 3
11101100011101110 1
01100110111111110 1
10100111011001111 2
11111110111011111 5
11111110011111100 1
11110110111111110 2
11110110011001001 2
11111110111101101 1
11100111111001111 3
10101111011001101 1
01100110111011110 1
11111110111011110 4
11101111111001111 2
11101111011011110 1
11111101011001111 1
10100111111001111 1
11100100011011100 1
11110111011101100 4
11110101011001111 2
11110111111011010 1
11111110111101000 1
11101111011101100 1
10100110111011110 1
11111110011011111 2
11101110111011100 2
11110101011101100 1
11111110101011101 1
11110111011001010 1
11111111111111110 3
11111101111001101 1
11100111011011110 2
11111110011001101 6
11110110011101111 4
11110110011101100 4
11110111011000110 1
11110110111011100 5
11101110011001101 3
01101110011001101 1
01111110111001111 1
11111110111001010 2
11111111011011100 7
11111111111101110 3
10101111111001100 1
11100111111001101 2
11111011011001011 1
11100110011001101 2
10101111111001110 1
11110111001011100 1
11111111011011101 1
10111111011001111 1
11111111111111111 3
11000111011001100 1
11111111111101101 1
01100111011001111 1
11111110011101011 1
01101110011010111 1
11110111011101001 1
11110111011110111 1
11100111111001110 1
11110111011111001 1
11111110011011101 3
01101110111001100 1
11111111001001100 2
10101110011101100 1
11110110111011101 1
11110111011000101 1
11111111110001111 1
11111110111111111 3
11110111111000110 1
11111110011101100 4
11110111111010101 2
11111111011111110 1
11110111101111100 1
11100111011001111 1
11110111101111111 1
01100111111001100 1
11101110001101100 1
11110111010101111 2
11110101111011100 1
11101110011001110 1
11111010111001110 1
11101111111000100 1
01111111111011100 1
11110110011111100 1
11100110011001111 2
11101111101101111 1
11100100001011110 1
11111110111000110 1
11100111011001110 3
11110111011000100 1
11110111111000100 1
11111101011001110 1
11101111101101101 1
11111110011101111 2
11111110001011010 1
11111111011111111 2
11110110001001111 1
11110010011011111 1
10101111011011001 1
11111110001001100 1
10100111111001100 1
11101111111101110 1
01110110011001110 1
11110111101111101 1
11001110111001110 1
11100110011011001 1
11100110111111100 1
11111111110111100 2
11111110011011100 3
11110110111101110 1
11110100111001100 1
11110110011000101 1
11101110011001001 1
11101110011011101 1
11100110111011101 2
11101111111001101 1
11110111101101100 1
11101110001001101 1
11110111011111110 2
11011110011001111 1
11100110111011100 3
01100111011001110 1
01101110011000100 1
11100110111111111 1
11111011111001111 1
11111100011101110 1
11110111011011111 2
01101101011011100 1
11110110101001110 1
11110110001011011 1
11110110110111110 1
11100111101111100 1
11110100011001100 1
01110111011011100 3
01100111111011110 1
11100110011111100 1
11110110101111101 1
11101100111001110 1
11111010011001101 1
11110111011001011 1
11110011011011100 1
11111111110001110 1
11101111111101000 1
11101110111111100 1
11111110011011010 1
10110111111011110 1
11110111110101110 1
10110111011111111 1
11100110111111110 1
01111111111111111 1
11111110111111100 1
11110111011111100 1
11100100111011111 1
11110001011011110 1
11111100111111111 1
11111111111001011 1
11111110110101110 1
11101110011001011 1
11111010111011101 1
01101111111001111 1
11101110011011110 1
11101111011011100 1
11110110011000111 1
10100110011001100 1
10101111111111100 1
11111111111101100 1
11111111011101111 1
01100110011011111 1
11110111011111111 1
11101110011111100 1
11110111111011101 1
01111110111001110 1
11110111001111110 1
11101110111011000 1
11111111011011111 1
11111111011011010 1
10111111111001101 1
01101010011011110 1
11100110111101110 1
11100110111111011 1
11110011011101100 1
11110111001011110 1
11111111011111101 1
11111110011010100 1
11110100011011100 1
11111100111001110 1
11100111111101101 1
11111110001101110 1
11111111111100110 1
