11111111111001100 13
11111111001101011 1
11101110111111100 8
11111110011001110 3
11101111101001100 2
11111111011001110 5
11100111011011100 4
11111111011001100 19
11100110011011100 5
11101110011101100 8
11101111111111100 18
11100110011001100 2
11110110001011110 1
10111111011011110 1
11111111011101101 5
11111110011111110 3
11111110111111111 2
10011110011011110 2
11111111111000111 2
11111111011111100 12
11101110111111101 3
11110111001101100 1
11101110011001100 14
11101111101101110 1
11110111011111100 5
11101110111001111 2
11110111111001100 6
11110111011011100 7
11101110011011100 7
10110111011111100 1
01100111011011101 1
11111100111111100 1
11101110011101110 2
11101110011111100 7
11110111011101100 7
11111111111100111 1
11110111111011110 4
11101111011111100 13
11101111011101101 2
11111110111011100 9
11101111011101100 12
11111110111111100 13
11100111011101110 3
11101111111101110 5
11111111111011100 17
11100111011111100 2
11111111111111110 4
11101111011011100 16
11101111111011100 5
11001111011001100 1
11100110011101100 3
11111111011101100 15
11111111111111100 25
11111111111101100 12
11100110111101100 4
11111110011011100 10
11110110011101100 6
10111111111101100 2
11111110011001100 12
11100110010001000 1
11111110111110111 1
11110111111011100 4
11110110011111011 1
11111110011111100 7
11101111111001100 13
11110111111111100 4
11101110011001101 1
11101110111111000 1
11111111111111111 5
11111110111101110 4
11101101111101100 1
11101100011101101 1
11111110011011111 3
11110110111111111 1
11111100111001110 1
11101111111111111 3
11111111011011100 13
11111111111011111 1
11100110111001110 1
11110111111101011 1
11111110011001011 1
11100110111001100 2
11101110111001100 12
11001111111101100 2
11100111111011101 1
11111110111001110 2
11011110011101100 1
11101111011111101 2
11111110111111011 1
11111110111101100 10
11101111011101110 2
11101100001101000 1
11101110111101100 9
11101111111111110 3
11101110011111101 6
11101010011111100 1
11110111111101110 1
11101111011011110 4
11111110101111100 1
11111110011101100 9
11101111111101101 2
01111110111111100 1
11111110111111101 2
11101111011001100 6
10101111111001100 2
11101110101101100 1
11111110111011101 3
11011011011111100 1
11100010011011101 1
11111111111001110 5
11100111010111110 1
11111111011101111 2
11111110111001100 8
11111111111101110 4
11111110011111101 1
10110110111101100 1
11110110111111101 3
11111111100111100 1
11101111111111101 1
11101100111001101 1
11110110111111100 3
11101101101011101 1
11100110111001101 1
11101111111001000 2
11111111011111001 1
11001110111111101 1
11011110111111110 1
11100111111101100 3
11110111011101101 1
11100111111111100 6
11101111111101100 6
11110110011101101 1
11001110011101101 1
11111110011101011 1
11101110011001000 1
11110101011001111 1
11100110111011100 1
10101110011101101 1
10101110011111100 1
11001110011011100 1
10101100011111110 1
11111110111001101 4
11101110111010000 1
11111110011011101 1
11110011111111100 1
11101111011111111 1
11111111011001101 2
11011111011001110 1
11100111111001100 4
11111110011001111 3
11110110111011100 4
11111111011000111 2
11111111111111101 2
11101111001011100 1
11111111111001101 1
11101110011001110 1
11111111001111100 2
10011111111011100 1
11110110011011100 2
11101110111011111 3
11100100111101100 1
11110111111111000 1
11111110011001101 2
11111111011001111 2
11101110011011110 3
11111111111101000 2
11110110111001100 6
11100110010111100 1
11010110011011100 1
10111110011011100 1
11101110111101110 3
11101101101101101 1
11100110111111000 1
11100111010111101 1
11100111011001100 2
11101111111010100 1
11111111001101101 1
01101111011101101 1
11000111111101100 2
11100110010001110 1
11111100011101110 1
11110111111101100 8
11100111111011110 2
11111111111101101 4
11111111110001100 1
11111110111001111 2
11111111001001100 2
11100111011000110 1
11010110111011100 1
11110110011001110 2
11101111011001101 1
11101110111111111 1
11101111111011101 2
11101110111011100 13
11111100111011100 2
11101111111001101 7
11011110111001100 1
10101110111011010 1
11100111111101110 2
11110110101001100 1
11101111011011111 3
11111011011111100 1
11101101011011110 1
11111111011011110 3
11011111111101100 1
11000100111111110 1
11110111011110101 1
11100101011101100 1
11000110011111100 1
11111110111101000 1
11111100111001100 1
11100111011101111 1
10110110011001100 1
11101110111100100 1
11111110111001000 1
11100111011101100 2
11101111110011111 1
11011111111011110 1
11111111111001000 2
11111110111101101 1
11100111111111000 1
11110111011111111 2
10111110111011110 1
11101100011001100 1
11100110111111100 2
10101111011001100 1
11111101111001100 2
11101110110011100 1
11110111111111111 2
11001111111000111 1
10101110011001101 2
11100101011101101 1
11110110011001100 6
11111111110011101 1
11110110011101111 1
11100110111011111 1
11101111111011110 1
11111111111111000 1
11101110111011110 1
01101110001011110 1
11101110111101101 2
10111011111101100 1
11010111011101100 1
11100010111101111 1
11111111011111110 2
11111111011011101 2
11110110111101000 1
11101110111001101 1
11110110111001110 1
11101110011011111 4
11101111111101011 1
11101010001101100 1
11100110011110111 1
11111110111111000 1
10100110111101111 1
11110011011001100 1
11100111111001101 1
11111110011111111 1
11111111011111000 1
11110110011111100 3
11100110011111100 3
11110110111101100 5
11101100111001100 1
11110111011011110 1
11100110111011101 1
11101110011101101 2
11100111101101100 1
11111111011001011 1
10101110111101110 1
11110111111001110 2
11100110100001100 1
11100111001111101 1
11101101011001110 1
11100111011110110 1
11111110011101010 1
11100101011111100 1
11111111010101100 1
01100111111111110 1
11111111111001111 1
10111110011001100 1
11100111111011100 1
11101110111011101 3
11101101011101100 2
11101110011101000 3
11111111011110111 1
11100100111111100 1
11001110111011100 1
11110110111111000 1
11101111011001000 1
11111110011101110 3
11110111011001100 3
01000101111011100 1
11110111011001010 2
10111110111111100 1
11100110111111110 1
11110110001111101 1
11001111111001100 1
11111101011101001 1
10101110111001100 1
11101110111101111 2
11010110111011110 1
11101100011101100 1
10100110111101100 1
11010111011111100 1
11101111011111110 3
11101001111001100 1
11111111011111111 2
11110111011111101 2
11101111010111100 1
11110111011101110 2
01110111011011101 1
11101111111011010 1
11101111111011111 1
11101111111101001 1
11101111011000111 1
11101010111111110 1
11110010111111100 1
11100100011101100 1
11101110011111110 2
11111111100011101 1
11111110011011110 4
11100110011011111 1
11110111011011101 1
11100111111001001 1
10111110111111111 1
11110110111001101 1
10111111111011100 1
11110111111001010 2
11111100111101100 2
11100110011101110 1
11101110101001100 1
11111111101111101 1
11011110111001110 1
11111110111111110 1
11111110111011110 2
01110111011001100 1
11110101111001100 1
11101111111000110 1
11100110111011110 1
11111111111101111 2
11101110011101111 1
11100110010101110 1
11111101011101101 1
11101110111111011 1
11111110111111001 1
11111110111001011 1
10100111011001110 1
11111110111100110 1
11000111111011100 1
11101111010011110 1
10111101011011100 1
10101111011001111 1
11111111001011011 1
11110111110111101 1
11000111111111100 1
11111111111011010 1
11101101011001100 1
10101110111101100 2
11100111011011110 1
11100111011101010 1
11101111110001111 1
11110110011111111 1
11101110001001100 1
11101111001011101 1
11111110111011111 1
11101110111110111 1
11110111111111110 1
11100111101101000 1
10101111111101100 1
11101100111111111 1
11111110111101111 1
11101110111000100 1
10100111111111100 1
11111100011101100 2
10100110010011100 1
11100110111001111 1
11111111011101110 2
11110111111001111 1
11111111001011100 1
11101111001001100 1
11110111111111010 1
11101000011101100 1
10111111011011101 1
11101111101011111 1
11110111111001101 1
11111110011111011 1
11101011101001100 1
11111110011101111 1
10111110111101101 1
11111111111011000 1
11001111110101100 1
10101100011001100 1
11001110111101110 1
11100101111011100 1
10100101111101101 1
11111111101001111 1
11101111001101100 1
11100110111111101 2
11111110101101100 1
11111110110111100 1
11110110111111110 1
10101110111111110 1
11101111011101011 1
10011111111111100 1
11101111011011101 1
11011101011001100 1
11101111110001100 1
11110111001111100 1
11111111111111010 1
11101010111101100 1
01111110111001110 1
10100111011001100 1
11111010011101111 1
10100110111110110 1
11101101111111100 1
10101110111101000 1
11111101011011011 1
01101110101001100 1
11101110111111110 1
11110101011001100 1
01111111011101110 1
11101111011011000 1
11101111101101101 1
11111101111011000 1
11100011111011110 1
11110111010011000 1
11110111011000110 1
11001110111011111 1
11011111011101100 1
11110101111011100 1
11111110011110111 1
11010111111101100 1
11111110111001010 1
11110110101111111 1
11101110010111100 1
11111110001111101 1
11111111111011101 1
11101111010101100 1
11111101111111100 1
