11111110111100100 1
11100110011101111 1
11101110111001100 14
11100111010001111 1
11101110111001110 11
11001110011111100 1
11100110111001101 7
11111110011001000 1
11111111111001101 5
11110111111101101 2
11101110111011111 1
11110110111101111 1
11111111111101100 5
11101111011101100 3
11001111011101111 1
11111110011011110 1
11111111111001100 11
11110110111001111 12
11101110011001111 10
11101110111001101 4
11101111111001100 14
11100110111001110 7
01111110111001110 1
11110110011111110 9
11100111011101110 3
11100110111001100 13
11110110011111111 5
11100110111111101 2
11101110111111110 4
11110111011001110 15
11100110011101100 1
11111110111011100 4
11100111011001100 13
11110011011011100 1
11110110111101110 4
11100111111001111 5
11101110011111111 1
11100111111001110 7
11111111011011100 1
11110110111001101 6
11101111111001110 12
11111110111001100 17
11110111111001100 15
11111110011101110 6
11101111011001110 8
11101110011111000 1
11100111111001100 6
11111110011001100 8
11101111011101110 2
11111111011001101 6
11101111011001111 7
11100110011111110 5
11110110111001110 19
11100110111011110 6
11101111111101110 6
11100111111111101 1
10101111111001101 1
11111110011000111 3
11111111011101110 3
11110111011001101 2
11110110111001100 10
11100110111111111 2
11110111111011110 4
11101110111111100 3
11101110011001110 7
11110100111001111 1
11110111111001110 15
11100111011001110 9
11100111111111111 5
11110111011001111 10
11111110011001110 6
11100111111111100 2
11111110010010100 1
11111110111111111 1
11100110011011111 1
11110110111111111 6
11110111111101100 3
11110100111101100 1
11111110111101101 1
11111101011001110 2
10111110011001110 1
11110111011111100 7
11101110111001111 5
11100110011001100 8
11100110111101100 2
11110100011001110 2
11111111011111100 3
11111110011111100 6
11101111111011110 2
11101111011001100 10
11111100011101111 1
11111110111101111 2
11111110011001111 5
11100111111101101 3
11110110011110111 1
11110110011001110 6
11101111111101100 2
11100110001101110 1
11110111111011111 3
11101111111001111 10
01101100011011100 1
11110111111111111 2
11111110011111110 3
11001110011001100 1
11111101111011110 1
11101111011111110 4
11110111011101110 2
11111110111001110 10
11111100011001100 2
11111111111001111 4
11110110111011100 5
11111110011001101 2
11111111111111100 7
11110110011001111 8
11110110110001100 1
11101111111111101 3
11111110111001101 7
11111111011111110 7
11100111111101111 1
11100110111111110 2
11100110011101000 1
11110111011101100 1
11011110011001100 1
11100111011111100 5
11110111011001100 12
11100110011001111 3
11111111011111101 1
11101111111111110 6
11100111111111110 2
11110111110101110 1
11110100111011100 1
11111110111100101 1
11111111111011100 3
11111111011011110 2
11100111011111101 1
11111110111111110 4
11111111111101111 3
11101110111011101 2
11110111111001111 9
11111111111111101 1
11101110011011100 1
11110101111101100 1
11001110111001100 1
11110110011101110 4
11101110011000110 1
01101110011001110 1
11110111011111111 3
01101110011001111 1
11111111111001110 9
11110111111101111 2
11101111011110111 1
11110110011001100 8
10100110011011100 1
11101110111101110 2
11110111111001101 3
11111111011001111 5
11111110111101110 1
11110101011001100 1
11111111111111110 5
11101111110001101 1
11100111111011111 2
11101111011111111 1
11110100011111101 1
11100111011001111 2
11101100110001110 1
11110111110001101 1
11111110110101110 2
11111100111001100 3
11110111111011101 1
11100110010101100 1
11111110011111111 2
11111111011001110 11
11110110111011111 2
11110110011001101 4
11110110011101100 3
11101110111101101 1
11100100110101110 1
11111111111111111 2
11101110010111000 1
11111101111001100 1
11110111010111110 1
11101111111000111 1
11100010111001110 1
11111101011101110 1
11101010111001110 1
11111100111001101 1
11110111111011100 1
11111111011101100 7
11111111011001100 11
11111111011110111 1
11101110011001100 6
11101101011101100 1
11100111111001101 3
01101011110111100 1
11110100111001100 1
11111100111001110 1
11111111001111101 1
11101111111111111 1
11111110001001100 1
11111110111110111 1
11100110111101110 2
11100110011001110 6
11101100011101100 1
11100111011011100 2
11110110111111110 4
11111110010001100 1
11111110111001111 7
11111111011111111 3
00101111111001100 1
11110100011001111 1
11001100111001100 1
11111110010101110 1
11000110111001100 1
11100100111011110 1
10101110111111100 1
11100100011011100 1
11111101011001100 1
11100111011011110 1
11100110011011100 1
11101111111111100 5
11110101111111101 1
11111110011101111 1
11110110011011110 1
11101111011101101 2
11010110111111110 1
11101110011011101 1
11110110110101100 1
11110111110111100 1
11100111011111111 3
11110110110001110 1
11110011111001110 1
11101010111001100 1
11111111111001000 1
11111100110101110 1
11110111011000100 1
11111110110111100 1
11110111111111101 2
11110111011111110 6
11110010011011100 1
11110110111111100 9
11010110111001110 1
11111111011101111 1
11100100111111100 1
11111111011001011 1
11110110111011110 3
11100111011111110 1
10101111111001100 1
11101100011111110 1
11110110011111100 4
11101101111111100 1
11101110110101100 1
11111110011101100 1
11101111011111101 1
10100110111001100 1
11111111111011111 1
10101111011011111 1
11111111111110111 1
11101111010111110 1
11100111011101111 1
11101111111001101 2
11110111011011111 1
11111100111001111 1
11111100011001101 1
11111111110101110 1
11101100111010100 1
11100111111011101 1
11111100011001111 1
11101110011101111 1
11111110011011111 2
11101111011111001 1
11100111111101100 1
11110111111111100 1
11110110111001011 1
11100101111011100 1
11110111011010110 1
11110110111111101 2
11000111011001100 1
11101111011111100 2
11111110010111100 1
11111110010101100 1
11101110011001101 2
11101110011101110 5
11110111110001110 1
11111101111001110 1
11110111111101110 3
11110110111101100 5
11100110111001111 4
11111101101111100 1
11111111101001101 1
11100101111111111 1
11101110011101100 2
11110110111000110 1
11111111011011111 1
11101110101001100 1
11100110011101110 2
11100110011001010 1
11110101011111111 1
11110101011001111 1
10100110011111100 1
11100110011111100 1
11100110111011100 4
11111110110001101 1
11100110111101101 1
11100111111011100 1
11110110110111110 1
11110111011011110 1
11110110111111010 1
01100111111010100 1
11000110011001110 1
11111111111101110 1
11101100011001101 1
11100110111101111 1
11100101111111100 1
11110110111101101 2
11110110011011101 1
11111101011011111 1
11111101011001111 1
11101111011011111 1
11101100011001110 1
11100111110101101 1
11100101111111110 1
11101100111001100 1
11111101111001111 1
11100111011101100 1
11100111010111101 1
11110110011001010 1
11110011111011110 1
11110101111101110 1
11101100111001111 1
11101110011011110 2
11101111111101111 1
11001110011001101 1
11110100011001100 1
11101111111011111 1
11100110111111100 1
10100110111001110 1
11110100111101111 1
11110010111001110 1
11111101011101111 1
11101110111101100 3
11100100111001100 1
11101110011111100 1
11110011111001111 1
11110110111011101 1
11101101011111100 2
11111110110101111 1
11111100011011111 1
11101110011111101 1
11100110110001110 1
11100100011011000 1
11111100011011100 1
11100110101101100 1
11100101011001110 1
11101110011111110 1
01100111111101100 1
11111110111101100 2
10101111111011111 1
11110111111111110 1
11101101111001110 1
11110111010111101 1
11100110111111011 1
11100110011001101 1
01100110011001110 1
11100110110001100 1
01100111011101100 1
11111111110111100 1
01110110011001111 1
