11100111011101100 4
11111111011011100 10
11111111111001100 15
11101110111101100 7
11001111011101100 2
11111111001111101 1
11100111111011100 7
10110110011101111 1
11110111001111100 1
01111111111011101 1
10101111111101110 1
11111110011011100 8
11111110111011110 6
11110110011011111 3
11100110111111111 7
11110111111111110 1
11111110111001100 9
11101111111101100 2
11110111011001101 1
11111110011001100 6
11101110011101110 2
11110111011001111 6
11110110111111111 5
11110110011101111 4
11110111011101110 2
11110110111111110 5
11010110111011100 1
11110110111001100 11
11111111011101110 2
11101110111111111 3
11111110111011111 4
11100111111011110 3
11101111111110111 1
11111111111111110 3
11110111111011100 13
11101111011111100 4
11110110011011100 9
11100100111011111 2
11111110111111100 8
11110110111101100 6
11110111011001100 10
11100111111000111 1
11111111111101100 10
11101110011001100 3
11110111111101110 3
11110110111011100 12
11110111011011100 8
11110111101111100 1
11100111011111100 3
11111110101101111 1
11110111111011110 3
11111110111011100 8
11100111011011101 1
11110110111101110 11
11110110011111100 3
11101111011001111 2
11101110111011100 9
11110110111101111 7
11110110011101110 4
11110110011101100 10
11100101111001111 1
11110111111101100 11
11110100011011111 1
10110111100001100 1
11111111111011110 6
11100110011001111 3
11111111011101111 2
11011110011011110 2
11101111111011100 9
11110111011001110 3
10111111011111100 1
11110111111011111 4
10100110011011111 2
11101111111001110 2
11100110111001111 5
11001110011111100 2
10001110111011110 1
11110110111001111 7
11101111110011110 1
11111111111111111 5
01101110111001111 1
11110110011011101 2
10110111011111111 1
11001111111011110 1
11111111111101110 1
10100110011011110 1
11101111111001100 5
11111111011111100 10
11110111101111110 1
11110110011111110 2
11111111011011110 2
11101111011011110 8
11110110001101100 1
10111011011100111 1
01101110111011100 2
11100110111011110 1
11111110011101111 5
11100111011001111 2
11100110111001100 2
11101111111101111 4
11101110111001111 3
11110111111001111 6
11110101111101100 1
11110110011001101 1
11101110111101111 2
11110110011001111 4
10110110111101100 1
11110111010001100 3
11111111011000111 1
11100110111111100 2
11100111011001100 3
11100110011001110 1
11111111111100110 1
11000111111101110 2
11110010011011111 1
11100110101001110 1
11011110111011100 1
11111110011111100 5
11111101111101010 1
10111111011101100 1
11010110111001111 1
11110110011001100 6
11111111111011100 8
11100110011001100 3
11111110111001110 3
11110111011001011 1
11110110111111011 1
01110111111111100 1
11110110111111100 6
01110111111001100 1
11111110011001101 1
11110111011111110 2
01110110011111110 1
11111110011111011 1
11101111011011100 3
11101110011011100 4
11001111111111110 2
11111111011101100 6
10011110011001100 1
11111111011011111 3
01110011111011100 1
11101110011101100 5
10101110111101110 1
11101111111001111 4
11101110111111110 4
11110111011111100 4
11111111011001100 5
11110111011101100 2
11110100111001100 1
11110111111101111 7
11110110101011100 1
10000111111111100 1
11101111011001010 1
11110101111111111 1
11110111111001100 6
11000111011011100 1
11111011111001110 2
11111111111001111 5
11100110011111100 4
11110111111100111 1
11111111111101101 2
11110110111111101 1
11110110011001110 6
10110111111101111 1
11101111111111111 2
11100011011011100 1
11111111011111111 2
11000110111011110 1
11111110111011000 1
11101111111111100 5
11111110011011000 1
10101111111011111 1
11110110110001100 1
11110110111011110 5
11111110011011111 3
11101111111101101 2
11101110011001110 2
11111110111001111 3
10111111111101111 2
11101110011111100 3
11110110111001110 4
11111111011111110 2
11110110011111101 1
11110110101001100 2
00101110111111110 1
11101111011001100 1
01111110011011100 1
11111101111011101 1
11111110111101100 4
11111111101101100 1
11100110111000100 1
11101111111111110 3
10101110111101100 1
11001110011001111 2
11111111111111100 12
01110110111101110 1
11111111011001111 2
11100111111101101 2
11110111011011101 2
11110110101010100 1
11110110011100111 1
11111111111011111 4
01110110111011100 1
11001111011011111 1
01110110111001010 1
11101110111011110 4
11010111111101111 1
10111111011011100 2
01100111011101101 1
11101110111001110 4
11111111101001110 1
10101110011011110 2
11111111110001110 1
11101110011111111 1
11101111011101111 5
11101111111011110 2
11110111011111111 2
11101110111011101 2
11111110011100111 2
01111110011011110 1
11110111011011110 3
11100111011101110 4
11111110011101110 1
11101111011101100 4
11101110011111110 2
01101110011111111 1
11111111011001110 3
11101110011011111 2
11100110011101100 4
10110110111001100 1
11111110011001111 2
11111111011101101 1
11111111011010100 1
10111111010011110 1
11111111111101111 7
11001111011111000 1
01111111011101111 1
11110110111011111 4
11111111011010111 1
10111110111101110 1
11111111001001111 1
11111111110111100 1
11001110011111111 1
01111111011101110 1
11111110011001110 1
11100111110011111 1
11101111111101110 2
01110110111011110 1
11111110011101100 3
01101111111111100 2
11111110011011110 1
11000110111101100 1
11101111011001110 2
11100111111011111 1
11100111011001110 2
11110011111011100 1
11101110011011110 1
01100111011101110 2
11110111110101110 1
11100111111101111 1
11101110111101000 1
11110101111100100 1
11101110111111100 5
11101110011011101 1
11100110111111110 3
10100111011111100 1
11100111111111100 3
10110111011011111 1
11100111011011110 2
00110110111011101 1
11110111111101000 1
11110110111000110 1
11110110111100111 1
11000111110011100 1
11101010111101100 1
10111111001111100 1
11110110110101110 1
11100111011011100 2
11110111111001101 2
11101111011101110 1
11100010011001111 1
11100110111011100 3
01110111111111111 1
11001111111011100 1
11101111111011111 2
10111111111011111 1
11101111011101011 1
11001110011001100 1
11111110011111110 1
11110111111011101 1
10111110111011100 1
11101101111001100 1
11110111111111111 5
11111110111111101 1
11110111111001110 1
11110110111001001 1
01100111111111111 1
11110110111001101 1
11101110111001100 3
11111111010111110 1
10101111111111000 1
11100110111101100 2
11110110111111010 1
11100111111011101 1
10110110111011100 1
11100111011101111 1
10101111111101100 1
11100110111011101 1
10010110111111100 1
11110111110001100 1
11111111111001110 1
01101110011111100 1
11000110011111100 1
11101111011110110 1
11100111111101110 1
11100110111000101 1
10101111111001100 1
10101110111011111 1
01110111011001100 1
01110111011011110 2
11111111011100111 1
10100110111001100 1
11111110011111000 1
11101111011011111 1
11101100111011011 1
10110110011011100 1
11111110111111111 3
11101100001011100 1
11111111111010111 1
11100111111001100 3
11110111111111100 1
11110111110011111 1
11100110011001101 1
11101101011111100 1
11111111110000000 1
01110111111101100 1
11111110110011100 1
10110110011011111 1
10110111011011100 1
11100110111011111 2
11101110111011111 1
10101111111111101 1
10111101111001110 1
11110111011011111 2
10100110111111100 1
11100110111101101 2
11101110101111100 1
11100110011101111 2
11001111011001100 1
11111111111011000 2
11100110111101110 2
11000111011001100 1
11100111011101011 1
10111110011001100 1
11100111001011100 1
11100111111101100 2
11100111011111111 1
01100111011001100 1
01111111111001100 1
11111110011111111 2
01101110011110110 1
11101110110110110 1
11101110110001100 1
11111110011101101 1
11100111011011111 2
10101101111101100 1
10111110011011100 1
10111110011101100 1
11100110011011100 1
10100110111011110 1
11011110011011101 1
10110110011011110 1
11011111111111100 1
11110110110011100 1
11110110001110110 1
10111110111101101 1
11100111111111101 1
11010110111111100 1
11110101011101100 1
11100110111101111 1
11101111010001111 1
11101110011101111 1
10111110111011111 1
11111110010001100 1
11100111111111111 1
11110010011111111 2
11101100011011110 1
11101110011111101 1
11101111010011100 1
11010111111011100 1
11111111101111110 1
11001111111001110 1
11010111111111111 1
11010111011001100 3
11101110011001111 4
11111010011101111 1
10110110111101000 1
11011111011011111 1
10010011111101100 1
10100110111001111 1
10111110111001100 2
11111110101001100 1
01111110111011111 1
11101111010111111 1
11011110111101110 1
11110111011101111 1
11100110011111111 1
11111111111001101 1
11001111011011101 1
11001110111111100 1
10100111011001110 1
11011110011011100 1
11111110110001100 2
11101111011101101 1
10110110111000110 1
11001111111101111 1
11010111011101100 1
11101111101011100 1
11100111111001111 1
10110110111101111 1
01100110011111100 1
10110110011111011 1
11110111001001100 1
11101111111001101 1
11011111111100100 1
11111111111000100 1
10111111111011100 3
11011111111001100 1
11110110111010101 1
11110110010111110 1
11101010111001100 1
11100100010111111 1
11100110011011110 1
10111110111101100 1
11001111011100100 1
11001110011011110 1
11011111011111100 1
10001111110011100 1
11100111010101110 1
01101111111101100 1
11101110011110111 1
11110110111011011 1
01101111111101111 1
11000110111001111 1
11001110111101110 1
10101111011001100 1
11111101011001100 1
10110111011111101 1
11100110110111101 1
11111110111011010 1
11010110111111111 1
11110100111101110 1
10100111011111111 1
10010110111001110 1
11001110111101100 1
11110111011101010 1
11111100011101000 1
11110110011111111 1
01101111111001100 1
11111100111001110 1
10110110111111101 1
01111111110101100 1
11101110111111101 1
11001111011001111 1
11101111011111111 1
10100111011101100 1
