11101110011011100 8
11111110001111110 1
11111110011111110 8
11111111111001101 5
11101111011001000 1
11110010111001110 1
11101110101001110 2
11111111111101100 7
11111111011111100 10
11101111111011100 7
11111110111001101 3
11110110111111100 6
11111110011101100 6
11111110011100100 1
11111110111101110 5
11110110111101110 3
10111110111001100 1
11110111101101110 1
11101110111001100 8
11111110011011111 2
11100110011100100 1
11111110111111101 2
11101111111101111 4
11110111111011110 2
11101110011111100 5
11111111111011110 2
11100110011101110 4
11111110010011010 1
11101110111011100 8
11100111011111110 4
11101110111111111 3
11101111011001100 8
11111111111001111 2
11110111111001100 5
11111110111111100 16
11101111111111100 7
11110111111111110 4
11101101011111110 1
11101111111101110 10
11110111001101100 1
11111111011011100 9
11101111001011100 1
01111110011101100 1
11101110010101100 1
11101110111101110 7
11111111001011100 1
11100111011001110 3
11101111111101100 8
11100110011011101 1
11101110111101101 2
11101110001001101 1
11100111111101110 1
11111110011001111 8
11101101011001101 1
11110111011011100 7
11100110111101100 1
11101110011001110 9
11101110011001111 5
11101111011011110 5
11111111011111110 9
11101110010011110 1
11101110011101111 7
11111111011001110 9
11110101111101110 1
11110110011011100 3
11101110011101110 13
11101110011111111 4
11111101101001110 1
01101111011111100 1
11111111111110100 1
11111111011001100 9
11110111011001100 5
11101111111111110 8
11101111111001110 13
11111110011111111 2
11111110011111100 7
11111110111100100 1
11111111111011101 2
11101110111001110 6
11100110111111101 1
11110111111101100 4
11101110011001100 6
11101111001011110 2
11101111011111100 8
11111110111001100 12
11100111011011110 7
11111110011011100 8
11110101111001100 1
11101111011001111 4
11111111111000111 1
11111110111101111 4
11111110011001100 10
11110110111011110 3
11100110011001110 4
11100111111001110 1
11111110011101110 8
11111110011111000 1
11110110111010100 1
11110111111101111 3
11011111111111100 1
11111111011011010 1
11101110111011110 7
11100110111011110 5
11101111011101100 6
11100111111011101 1
11100011111101100 1
11101111111001100 4
11100111111001101 1
11110110011001100 3
11101110011011110 5
11110111011111110 4
11101110011101100 13
11001111001011100 1
11111110011011110 11
11100111110001111 1
11111111111101110 9
11100111111011100 4
11101111111001111 1
11101111011100110 1
11110110011101100 3
11101111011001110 8
11101111011011100 9
11101111111011101 1
11110111011111000 1
11101110011111110 7
11110110111111110 4
11100111011101110 3
11110111111001111 1
11111111111001100 3
11100110011011100 4
11110110111001100 4
11111110011001110 8
11101110110001110 1
11110111011001111 2
11110111111011100 2
11101110111101100 8
11111110111011100 7
11110111011101110 2
11111110111101100 11
11110111111111100 3
11111110111111110 7
11111110011101101 1
11111111011101110 8
11111111001101000 1
11111110001111100 2
11100110111001111 2
11101111011101110 6
11101111011001011 1
11111110111111111 1
11101111111011111 2
11110110111101111 1
11100111011110111 1
11111110010011100 1
11100111011111101 1
11101110011001101 2
11111111111111100 7
10101110011001110 1
01101111011000100 1
11111110001011100 1
01111110011111110 1
11101110001101101 1
10111111011111110 1
11101110111011111 4
11101110011001000 1
11110111111101110 1
11100111011101100 3
11111110111001110 3
11100110011101100 3
11100111111011110 5
11111111111111110 10
11101110011111101 1
11111110111101011 1
11111100001001100 1
11100111011011111 1
11101110011010111 2
11111111111001110 8
11111111111010111 1
11100111111001111 1
11111111011000101 1
11100110011111110 2
11011111111011111 1
01111111111001100 1
11110111111011101 2
11101110101001100 2
11101101011001111 1
11111111011011110 7
11001011001111100 1
11111111111111101 1
11111111111101101 1
11111111001011110 1
11111111101011110 3
11110110010001100 1
11111111011011111 3
11101111011101101 1
11111110011100110 2
01110110111001110 1
11110111111010100 1
11100111111010100 1
11100111011101111 3
11101111111011110 4
11101111111111111 1
11111110111011101 1
11111110111011010 1
11110110011001110 2
11101111011101111 1
11101110111001111 4
11100111011011100 4
11111111011101100 4
11110100011001101 1
11101110001101110 1
11110110011010100 1
11110110111011100 3
11100110111011100 4
11111111011011101 3
11101110011011111 4
11101111111101101 1
11111111011111101 1
11100110011011110 4
11111110111001111 2
11101111111100110 1
11110110011111110 3
11100110111101101 1
11111110111101101 4
11101111011111111 2
11101110011101101 2
11101111101111100 1
11110111011001110 5
11100110111111110 1
11100110111101111 2
11110111011011110 2
11101110111001101 2
11101111110111100 1
11110110011101101 1
11110110111001111 1
11111100111101111 1
11101110111101111 1
11110110011111111 1
11111111111001000 1
11111011111011101 1
11111110001001100 1
11100111111101111 2
11110111011101100 5
11100110111001101 1
11101110111111110 7
11100111111111100 3
11101111111000111 1
11111111101110100 1
11111110011101111 1
11111110101111000 1
11110111111001101 3
11100111011111111 1
01111111001101100 1
11111101111101100 1
11100110011101101 1
11111111111111111 1
01101011111001110 1
11101110111111101 2
11111100011001110 1
11110111101001110 1
11111110011001101 2
11110110011101110 1
11100111011111100 5
11111111111011100 5
11001110011001011 1
11100110111111010 1
11111111011101101 2
11111111011011000 1
11101111101101100 1
11101111011111011 1
11100111001001100 1
11101111111001101 2
11111100111011100 1
11101010011101100 1
11111100011101100 1
11101010011101110 1
11110111011000110 1
11101111011011111 1
11111111011110100 2
01111111111011100 1
11111111101111100 1
11110011111111100 1
11101100011011110 1
11100111111111101 1
11110010011101100 1
11111110111011110 3
11110111111001110 4
11111010011111100 1
11111111011010111 1
11111111011101111 1
11100111011001111 2
11100111111011111 1
11101111011001101 1
11111011111101100 1
11101101011011110 1
11110110111001110 1
10111110111011100 1
11110110111011111 2
11100110111101110 3
11100110101111110 2
11101011111111100 1
11101110110101100 1
10110100011101110 1
11110111111011111 1
11111110111011000 1
10101110011111100 1
11110011111001111 1
11101110101011100 1
11101110101101110 1
11101111011111110 2
11111111011111111 4
11111101011111110 1
11110110011101111 2
11101100001001100 1
11111110111011111 2
11101110011011101 1
11111111011001111 2
11101111011100100 1
11011111001101110 1
11111101011111100 1
11100110001111111 1
11111111011101000 1
10101111111111110 1
11100110111100111 1
11100111111101100 2
11110110111011101 1
11111101011001100 1
11100110011110101 1
11101111011111101 1
11101011011111110 1
11111011011111110 1
11110110011111101 1
11110110111111101 1
11110110111101100 1
11110110110001110 1
11100110111111100 1
11100110011001100 1
11111010111011100 1
11111110001001110 1
11110111011101101 1
11101110001101111 1
11101110011011000 1
01101111111101110 1
11111011011101100 1
11100111111111110 1
11100110111011101 1
11111110011011101 1
11101111010011110 1
11100111011101101 3
11101111011011101 1
11111010011101111 1
11110110011111100 1
11001110010011110 1
10100110111101100 1
11110110111111111 1
11100110011001101 1
11110110101111011 1
11101111011111000 1
11100111111111000 1
10101110111101000 1
11110110011011110 1
11101110011101011 1
11100110011111100 1
10111111111011100 1
11100111111001100 2
11111100111001100 1
11110100111101101 1
11100110111111111 1
11100110111011111 2
11100110011101111 1
11111111111101111 1
11111111001001111 1
11101110111111100 2
11101101011111100 1
11110011011011100 1
10111110011001110 1
11101110011000111 1
11111111001101101 1
11111111011010110 1
11110011011001011 1
11100101111111100 1
11101101111111101 1
11100111011001100 1
11010110011101100 1
11101111111100011 1
11111111110001100 1
11111110011111010 1
