11101110111111100 3
01101111111001101 1
11111111111001100 5
10110111111010111 1
11101111111011100 4
11111111111111010 1
11100111111101101 5
11111111111101111 4
11111110111011000 1
11100111011001100 12
11111111111101101 7
11111111011001100 6
11101111111101101 11
11011110011101100 4
11111110011011100 2
10000111011011101 1
11101111011001101 8
11101111111101111 3
11100110011011111 3
11111110011001100 6
11000111011111101 2
11101111011101111 1
11101110111111101 8
11000110011111100 1
11111111011101101 6
11110110111111110 1
11101110111001111 4
11111110011001101 10
11101110011101100 9
11100110011101101 3
11010110111101110 2
11001111011001100 3
11101111111101100 6
11111110011011101 7
11100110011001100 4
11111110111001101 8
11110111111101100 1
11100101011111110 1
11111111111101100 6
11101111111001111 5
11101111011111101 5
11101111011011110 3
11100111111001100 6
11110110011101100 6
11101110111001000 1
11110111011101100 9
11101111111111101 6
11111110010001110 1
11111111011101100 10
11111111011001110 3
11101110011001100 9
11111110111101101 11
11100110111110100 1
11100111111001101 8
11011110011001101 2
11100101011100101 1
11101111111101011 1
11001110011101100 3
11101110111001100 4
11110110011100100 1
11100100011101100 1
11011111011101110 1
11100111011111111 3
11001111111001111 1
11101111111001100 2
11110111011001100 7
11100111011001111 6
11101110011011110 2
11100111011101110 2
11101110111101101 11
11011110011101101 3
11101010111101101 1
11100110011001011 1
11100111011101100 3
11100111011001101 13
11100111011010101 1
11111111011111111 4
11100110101101101 1
11101110111011111 3
11000110011001101 1
11110111111001111 1
11011111111111101 1
11111111011011101 3
11101101011001001 1
11110110011101110 1
11101110111101110 5
11101111011011101 3
11111110011111100 6
11110110111101100 6
11001110111001100 1
11101111011111010 1
11101010011001100 1
11101111011101101 7
11101110011001111 4
11110110011011110 1
11000111011101111 1
11100111101101101 1
11000110011001100 1
11111110011101110 3
11100110010111101 2
11111110001101101 2
11111110111101100 4
11100111011111101 3
11110111011011101 2
11101110111001101 8
11101111011001111 4
11111111111001101 7
11110111111101111 1
11110110111001101 3
11100110011101100 3
11101110011111110 4
11101111111001101 4
11100111111111101 5
11001110011111100 1
11100111011101101 6
11010111111111101 1
11111111111111101 3
11111110011101101 12
10100111011101111 1
11111111010001111 1
11101110111101100 5
11111111001101101 1
11101110011101111 3
11111110111001100 9
01100110111001111 1
11100110111001111 3
11101110011101101 10
11101011111001100 1
11101111111101110 2
11110111111011111 1
11101110011111100 3
11100010111001110 1
11100111011001110 2
11101111011101110 2
11101111110111110 1
11110111011101101 4
11101110001111100 1
11111110111101111 3
11100110011111111 1
11010111011111101 2
11000111001011100 1
11111111011111110 2
11100111111101001 1
11111111011111100 4
11100110011101110 5
11111110011111101 5
11110111011001110 3
11011011011011110 1
11110110011011111 1
11100111001111111 1
11110111011111100 1
11101000111101101 1
10110111001111001 1
01110111011001110 1
11101111011100110 1
11011111011001100 3
11101110111011101 3
01101111011001011 1
11101110011011111 4
11111010111111111 1
10101110011101111 1
11101110111111111 2
11101110111011100 5
01100111011011100 1
11110110011101111 3
11100110011001101 5
11101111011111100 2
11001110111111110 1
11111111111001111 3
11110111011011100 5
01101111111101111 1
11000110111000101 1
11110111111001110 3
11100110011111100 4
11110110110111100 1
01100111111011100 1
11001110111001101 4
10111110011101101 1
11110111111111100 5
11100110011011100 4
11101111011111110 1
11110111111001100 7
11101111011001100 5
11111110011001110 1
11110110011101101 5
11101011111111100 1
11000111111111100 1
01100111011001100 1
11110110011001100 3
11100110011001110 3
11100010001001100 1
11101110111111011 1
11001110111001010 1
11111110111101110 2
11101110011101110 4
11010110111101100 2
11100110111101110 2
11111111011111101 3
11110101011101100 1
11000110111001101 1
11110110111111100 2
01101111011111101 1
11101101011001100 1
11111110011101100 4
11111110011111111 4
11101111011101100 6
11111110011101111 3
11111110111100101 1
11001110011011110 1
11111110001001100 1
11110111111111111 1
11110111011111101 3
11100110011001111 1
11110110011001111 1
11111111111111100 2
11101110011000111 1
11101111011101000 1
11110111111011100 2
11100110111101101 2
11101110111101111 2
11111111011101111 3
11101110011111101 3
11100111011111110 3
11101100111001111 1
11110110111111111 3
11100010111011110 1
11101110111011001 1
11100110011111001 1
11110111011110100 1
11110111111111101 3
11101111111111111 4
11101110101001101 2
11101111011111001 1
11101101111111110 1
11001110111101111 1
11110110111001111 2
11100110111101111 2
11101111011001110 5
11101111111010101 1
11101111101001100 1
11001110011101101 1
11100110111011100 1
11101110111001110 3
11100110111111100 3
11100111011111100 3
11001110011001101 1
11111110011111110 1
11100111111011101 1
10101110011111111 1
11100110011111110 1
11111111110111101 1
11101111011011011 1
11110110011001101 1
11001111011001000 1
11100110111101100 5
11110100011101110 1
01111111111101100 1
11110110111101101 1
11101110111111110 3
11110110111011100 2
11100110011101111 2
11000111011010100 1
11111111011101110 3
11100111011101111 1
11101110011011100 4
11100110111111101 1
11100111011011100 1
01111111011101101 1
10100110111101110 1
10101110011100100 1
11101110011011101 2
11001111011011111 1
11000110111111110 1
11001111011101100 1
11100111101001111 1
11010110101101101 1
11101110111111010 1
11111110111110110 1
11101110011001101 4
11101110001111110 1
01100111111101100 1
11111010111001100 1
11111110111001110 2
11111110111100110 1
11111110111011101 2
11111111111011101 1
10100110011101110 1
11111110111111111 3
11100111011000101 1
11110111001111100 1
11101111111011101 1
11101100011101100 1
11101111011000100 1
11000111111101101 4
11000110011101101 1
01010110111101111 1
11110110111111101 1
11001111010011100 1
11001111111101100 1
11000110011101111 1
11111110011001010 1
11110110011111111 1
11000110011001111 1
11111110011001111 2
10111110011111101 1
11110011111101001 1
11001110111101101 1
11100110111001101 2
11110010111101101 1
11101111011001010 1
11001010111101101 1
11101110011000101 1
01101110011011100 1
11111110111111101 5
11101110111001010 1
11110111011101110 2
11110111011001101 4
11110111011011111 1
11101111111111100 2
11110111111001101 2
11000111011011101 1
11011110111111111 1
11010111111001100 1
11111111011001101 4
11110110011111101 1
11000110111101111 1
10101110111111100 1
11111101011011111 1
11101110110001011 1
11100111111001111 2
11001111011001111 1
11100111011011111 1
11001111111111101 1
11100100111101101 1
11001111011111101 1
11111110111001111 1
11100111111111111 1
11101111011111111 2
11100111011100110 2
11100111001001110 1
11100100011101111 1
11100110110001110 1
11000111111011110 1
11000111111101111 1
11100110111001100 1
11110111110001101 1
11001111111000110 1
11101111110001111 1
01101110111101101 1
11111111011001111 2
11110111111101101 4
11111111111011100 2
11110110111011111 1
11110110111101111 4
11110111001001111 1
11000111111001101 1
11001111111011101 1
01111110011111101 1
11110111011001111 1
11011110111001110 1
11000111011001101 1
11101111110111100 1
11101111101111100 1
11100111111101100 4
11111111111111011 1
11010110011101100 1
11011110011001111 1
11101110011001110 2
11111110011100100 1
11101111111011111 1
11000111011111100 2
11110111111110100 1
11100111111111100 2
11100110001111101 1
11001111111111100 1
11011110101001110 1
11010110011101110 1
11101100011101110 1
11111101101011101 1
10111110111001100 1
11001111111101000 1
11111100011101110 2
11110111011111111 3
11100111011110100 1
11111111011011011 1
11110110011111100 1
11111110010111100 1
11111010111101101 1
11111111111001001 1
11110111011111011 1
11111110011010111 1
11101110001100111 1
11111111101001111 1
01111110011001101 1
11100111011011101 2
11110110011011101 1
11101111111111110 1
11101111001111100 1
11101111101011111 1
11100111101001100 1
11011110111111100 1
11110110011111110 1
11111110101001110 1
11100100111001100 1
11100110111001110 1
11101101111101100 1
11101110011111111 1
11110110101011011 1
11110111111101110 1
11111100011001101 1
01000111010011101 1
11101101011001110 1
11101110110111111 1
11011111011001101 1
11001110011111101 1
01011111111111111 1
11110111011101111 2
11101110011101001 1
11011111010111110 1
11010111011101100 1
11111110111001000 1
11001100011111110 1
11100101111001110 1
11001110111101110 1
11111101111001110 1
11100101011011111 1
11110100111011100 1
11010111101111110 1
11100110111011101 1
11110111010001110 1
11111111001011100 1
11111011111001100 1
01111111011001100 1
11111100111101110 1
11111111011101001 1
11011111011011101 1
01110111011100111 1
11100110111111000 1
11100111111101111 3
11001111111101111 1
10101110101001100 1
11100100011110110 1
11101110101101101 1
11010110011001101 1
11100111111011100 1
11010111111101111 1
11101111011011010 1
11110110010111101 1
11111111111011001 1
11110111001001101 1
11100101111101101 1
11111110011001001 1
11101111011011111 1
11101110011111001 1
11100100111101110 1
11011111111001100 1
11101010111100111 1
11110110111101110 1
11000111111001110 1
11100111111011110 1
