11101100111111110 1
10111110011101101 1
11101110111101100 26
10100101011111100 1
11101111111101100 20
11100110011001100 15
11101111111001100 18
11100111111101100 16
11101111111111100 23
11111111011111011 1
11100110111001100 18
11101101111101100 2
10111110011101100 2
11111110111101110 2
11100110011001110 3
11101110111111100 17
11100110011011100 4
11101011011001110 1
11101110111001111 6
10010111111001100 1
10101110111001100 1
11110110111001100 5
11100110011111100 9
11100111111111100 16
11101110111001100 25
11100111011001100 13
11101111011111100 16
11101110101101110 1
11101111011101100 10
11100111011101100 16
11101111111011100 9
11101110111000100 1
11101110011001100 20
11010111111001101 1
11101010111101110 1
11101110111001110 9
11100110111101100 15
11110111011001100 3
11100110110101100 1
11101111111111101 1
11101110111101101 4
11100110111011100 3
11101111111011101 3
10110111011001100 2
10100110111001111 1
11111110011101110 1
11111110011000111 1
11110111011111100 3
11101111011111101 6
11101110011101100 17
11100111111101110 4
11101111010001111 1
11101111111101101 5
11101110011101101 3
11010110111011101 1
11100111111111111 2
10100111111101011 1
11100111011011100 3
11110110111111100 5
11100110011101100 7
11111111011001101 1
11110110011111100 4
11101111111000010 1
11011110111111101 1
11101110011101011 1
01111111111101111 1
11110110101011101 1
11101110011111100 11
11100111011111100 10
10101110111111110 1
01111101011101100 1
11110011111001100 1
11101110111001101 4
11101101111001100 2
11111110111101100 14
11101111011001110 6
11101110011011100 5
11101111011001100 13
10101111011101100 3
11111110011101101 1
11111111011111110 1
11111111111001100 14
11101111011111110 3
11100111111011100 3
11101111011001101 5
11100111111110101 1
11111111011101110 3
11101101010001111 1
11101110011001111 2
11101110011101110 3
11101010011111100 1
11101110111111110 4
11101111011101110 4
11100111011111110 1
11111111011001100 8
11111111011001110 3
10101111011111100 2
11101101101111101 1
11101110111011100 6
11110110011001100 8
11110111011001110 1
11100111111001101 4
11100110111001101 4
11111110111110111 1
11111111011101100 3
11101011011001100 1
11100111111001110 3
11100111011101110 2
11100110111111101 1
11110110111101111 3
11100111111001100 11
11111111111001110 2
11101110111111101 3
11111111101111100 1
10110110011001100 1
11100010111111100 2
11100111011100111 1
11100111011001011 1
11101111111111110 5
11101110111011111 2
11101111111001101 4
11101110110011100 1
11101100111101110 1
11100110011011101 1
11110110011111111 1
11111110111101101 1
11111111111111110 2
11101111111100111 1
11100111111101101 3
11101111111001110 3
11110111111001010 1
11101111111101110 4
11110111111111110 1
10101110011111100 3
11101111111000111 1
11101110011011101 2
11111111011011100 3
11110110111101100 7
10111010011011100 2
11110111111101100 8
11110111011000111 1
11000101111001100 1
11100110111111100 16
11100110011001101 3
11110110010101100 1
11101111111110101 1
11110111111101101 3
11101111111101111 3
11100110111101011 1
11100111010101100 2
11101110010011100 1
11101111101111100 2
11111111111101100 10
11111110011101111 1
11101101111001101 1
11101110111101110 4
11100101111011100 1
10111100111101110 1
11100111111101111 1
11100110011111110 1
10111111111101100 3
11101111011011000 1
10100111111001100 2
11101111101001110 1
11101110010111110 1
11101011111101100 1
11110111111001110 3
11110111011101100 2
11101111110111101 1
00100111011101101 1
11101110110101100 1
11100101111111110 1
10110110011111010 1
11100110111001110 1
10100110011001100 1
11100111111111110 1
11110110111001110 3
11110111111011100 2
11101110011111000 1
11100110111111110 4
10101111111001111 1
11101110111011110 1
11100111001001110 1
11111110011001100 4
11111111011111100 6
10110111011101100 1
11101110111111011 1
01100110011011100 1
11011110111011111 1
10111111111111101 1
11110111111111100 1
11100111011001110 4
11110110111101101 2
11100100011001111 1
11111110111011011 1
11101111111011110 2
11001110011011100 1
11100111111111101 3
11000110011101100 1
11111110011011100 2
11110110011111110 3
11111111110001100 1
11100110011110110 1
11111110011001110 3
11110111111101110 1
11101110011001110 3
10101110111001101 1
01101111111101100 1
11110100011101100 1
11111111111111101 1
11110110111111111 1
11111110111001100 6
11100110111001111 1
11100110011001111 2
11001111111101100 1
11101010011001100 1
10100110111101110 1
11101111011001111 2
11001010111001100 1
11101110101001110 1
11100110111110100 1
11100110111011110 1
11001111111011110 1
11101111011101101 4
11100101011111100 2
10101101011111100 1
11101111111001010 1
11100110011101010 1
11100110111011111 1
11100101011001101 1
10100110111001100 2
11100111011101101 3
01111110111101111 1
11100110111110111 1
11011110111001111 1
11111111111111100 5
11111111011101111 2
11101110110111101 1
11101110110111110 1
11101110011001101 4
11100010011101100 1
11100011011001100 1
11100011111101100 1
10101111111111100 1
11001111011001100 1
11101101011101100 1
11101110101001100 1
11110111011011100 2
11101110111101111 2
11111111011111101 2
11100110011011111 1
11101110011101111 2
11101010010111100 1
11101101011101101 1
11101110011011111 1
11111110001101100 1
11111110111111111 2
11111111111011100 1
01111110011001100 1
11110110111101110 3
11101110001011100 1
11100111011001111 4
11100100011101110 1
11101100111101100 1
11110110011001110 3
11101110111101000 1
11100110011101101 1
11011110011101100 1
11110110011011100 1
11101111011011101 1
11100110011011110 1
11111111001100110 1
11111100011111110 1
10101110111001111 1
11111110111111100 5
11111101111001100 1
11101111011011111 1
11101100011101100 2
11101110011111101 2
10111111011101101 1
11100110011000000 1
11111110011111101 2
10101110111111100 1
11111110011111100 3
11110111001001100 1
11111110111000111 1
11100110111101110 3
11101110011111111 1
10100111011101110 1
11101110011111110 1
11101110001001100 1
11111110111001110 1
01111110011111100 1
11100111111001111 1
11111111011101101 1
11101100111001101 1
11110110111001101 2
11110011011011101 1
11111111111101110 1
11110111011111111 1
11110011011111100 1
10111110111001101 1
11110111111001100 5
11110110111111110 1
01100111011111100 1
00101111011101110 1
10111110111001100 1
10101110111001110 1
11011111111101111 1
11111011111001100 1
11110111111001101 1
11110110111011101 1
11111101011111100 1
10111110011001100 1
11111110011101100 2
10101111111001110 1
11111111111101101 1
11001110111001110 1
11111100011011110 1
11111110011001111 1
11111100111111101 1
11111110111011100 2
11111111111101111 1
11111111111011111 1
11110100111101111 1
10110111011111110 1
11111111101101100 1
11110110111001111 1
11111101011001100 1
11111110011111111 1
11110110011101110 2
11111011011011100 1
11101110110001100 1
11010110011001100 1
11100110111111011 1
11100110011100110 1
11111110111001111 1
11100111011111101 1
11110111111001011 1
11101100011111111 1
11111110011011110 1
11101010111101100 1
11100100111101000 1
11101110100001100 1
11110110011001101 1
10100110011011101 1
11110111111011110 1
11111110111011101 1
11100111011001010 1
11100100011001100 1
11101111111011111 1
11111111111111111 1
11011110011001100 1
11101110011111010 1
11010111111001100 1
11101111011011100 1
11101101111001110 1
11100101011001100 1
11101111011000100 1
11111111111011101 1
