11110110101101100 3
11111100111001101 1
11110111111101110 4
11110110111111110 7
11110110111111100 5
11111110011101100 3
11111110111101101 8
11111110111101111 6
11101110111001100 8
11111111011001101 2
11101111011111111 1
11101111111011110 3
11111111111011110 3
11111111111001110 8
11111111111001100 6
11111110111111110 8
11100110011001100 6
11110110011101110 2
11111111111111111 6
11111111101011111 1
11100111111001110 4
10100110011111110 1
11111111111111101 8
11100111111001111 2
01101111111011101 1
11111111011111110 2
11110111111111101 5
11100111011101111 2
11101110111101101 6
11101111111111101 8
11110111111001101 5
11110111111101101 1
11111111111011101 7
11110010011101101 1
11111111111111110 5
11100111111011100 6
11111111111011111 3
11100111111101111 4
11100111011101101 2
11110110111101101 4
11110110011001111 3
11010111111111110 1
11111111111001111 8
11101110111111101 2
01110111111111111 1
10100110011001100 1
10100111111111101 1
11110110111011100 3
11100111011011101 1
11111110111001101 6
11110110111011111 5
11111111111101111 4
11110111011001101 2
11100110111001110 5
11111111111001101 10
11100111111111100 3
11101110111011110 3
11100111111111101 4
11100111111011111 5
11110110111101110 10
11101101111101111 1
11110111111001100 6
10100110110001101 1
11100110111100100 1
11101111111111100 3
11101110111111100 5
11111110101011101 3
11100111101101101 1
11101111111001101 3
11111110001101111 1
11010110111000111 1
11110111111001111 5
11100110101101111 1
01110111111101101 1
11101111111010110 1
10101111011111100 1
11100110111011110 2
11111111011101110 1
11110111111100111 2
11111111111111100 7
11100110111101111 3
11110110011001101 1
11110110111001111 5
11100111111101101 6
11111110111111100 9
11111111011001110 2
11101110011100101 1
11111111111011100 10
11101110111111110 5
11111111111101110 3
11111111111101100 4
11101111111001111 10
11111110111111111 4
11111110101001101 2
11111111011010110 1
11101111011011110 1
11100111111001101 5
11101110011011111 3
11100111111011101 3
11101110011011100 2
11111110011101110 4
11101111011011101 1
11100111111101100 3
11100110011001101 2
10111111111111100 2
11100110111110111 2
11111110111001110 7
11111110111011111 2
11101110011111100 1
11111100111111100 1
11110110001111111 1
11010111111011110 1
11100100111001111 2
11100110111111111 6
10101111111101100 1
10110110111110100 1
11110100111011111 2
11101110111101111 3
11111110111011100 3
11100110111001101 6
01101110111111110 1
11111111111110111 1
11001111111010111 1
11101111111101100 5
11110111111011110 5
11111010111001100 2
01110111111101100 1
01101110111001100 2
11100111111001100 3
11110111111011111 9
11101110111000110 1
11101111101101101 1
11100110011111101 2
11111111011111111 4
11101011111101101 1
11111111011001100 4
11100110111101110 2
11100111111111111 4
11011110111001111 1
11110111110101011 1
11101110111001101 4
11110110101101101 2
11100110111011100 5
11100111011111100 2
11110110011111100 1
11110110011111101 2
11100111011001110 2
01101110111100100 1
11101110111001111 7
11101111111110100 1
11110111111111100 5
11100110011011101 2
11101111111100111 1
11101111111101110 6
11110110111101111 12
11100111011101100 2
11100110111011101 4
01110110111110100 1
11101111011000110 1
11111111111101101 7
01111111111101100 1
11110111111111111 4
11100111011011100 2
11110111111001000 1
11100101111101100 1
11101111111010111 1
11001110011001111 1
11101110111011111 4
11101111111111111 3
11101110111011100 4
11100110111101100 1
01101110111011111 1
01101111111000111 1
11100111111011110 2
11101111011111101 2
11101111110001100 1
11110111011101100 2
11101110111011101 4
11101111011001101 6
11111110011011011 1
11110110111011000 1
11110110011001100 2
01110110111101111 2
11100111111100110 1
11110111011001100 1
11101110111111111 5
11110110111111101 3
11110110111010110 3
11110110011101101 3
01101011111001111 1
10100110111011100 1
11111110111111101 3
11111110111001100 4
10101111111001100 1
11110110111001100 6
11110110111101100 4
11101111011111100 2
11100111011001101 1
11110110111011110 5
11111101111101101 1
11100110111111100 4
11110110111001101 9
11110111011111101 1
11111111011011100 2
11111110011001111 2
01101111111111100 1
01100110011011110 1
11101110111100101 1
11100111011001111 2
11111111011011111 2
11111110111101110 8
11111010111101100 1
10101110111111101 1
11110110011101100 1
11101110011000101 1
11111111011100111 1
11100111001011100 1
11111110111001111 3
11101111011111110 2
11111111101101101 1
10100111011011100 1
11110110011011100 1
11110111011111110 1
11001111111011111 1
11111110111011101 9
11111111011101100 3
11110111011101111 2
11110110111011101 7
11111111010101101 1
11101111111111110 4
10100111111011100 1
10111111011001100 1
11100110111001100 2
11110111111101100 2
11110110011101111 1
11101111111001100 2
11001111111101100 1
11100111011111110 2
11101011111101100 1
11101111111010101 1
10101110111000100 1
10100111111011111 1
11101111111011111 4
11101111111101101 4
01100111111111111 1
11100110111101101 7
11110110111101000 1
01111111111101111 2
11101101111111101 1
10100111110001111 1
11110111011001110 3
10100110011101100 1
11100110111111110 5
11110011011001101 1
11100111111010100 2
11100111011011110 3
11110101111001101 1
11100110111011111 2
11111111011111101 1
11111111011001111 3
11101110011001110 2
11111110011111101 2
11100110011101101 2
11101111111011101 3
11100110011011100 1
11111110011111111 3
11101111101001100 1
10100101011001110 1
01011111011011110 1
11100010111011111 1
11001111101101110 1
11100110011101010 1
10100111111010100 1
11100110011000110 1
11100111101111101 1
11011111111111100 1
01111111011111101 1
01110110111001101 2
11110111011011100 1
11101110011100110 1
11101110111101110 4
11111111111000101 2
11100111111101011 1
10101110111001101 1
11110111011110101 1
11111110111101100 3
11111110011011101 3
11100110111111101 4
11111110011010111 1
11101110111010101 1
11111111100111101 1
11111110011001101 1
11110110011110101 1
10100110111101100 1
11111111011101111 1
11100110111001001 1
11100110011101100 3
01111110111001101 1
11110110011011101 2
11101110011011101 1
10100110111001101 2
11111010011001101 1
01110111011101100 1
11101110011101101 1
01100111111101101 1
11111100111111110 1
11110111111010100 1
11101111111001110 3
11111111101111111 1
11101111011001111 2
10100111111011101 1
11100110101001110 1
11100110111001111 1
11101111111101111 2
11101110111101100 2
11111110011111001 1
10111111111011110 1
11110110111111111 4
11001110111001100 1
11111110011001110 1
11111110111000101 1
11100111111111110 1
11110110011111110 1
10110111011001101 1
11101110011010100 1
11100111011111111 1
10100111111101101 1
11111110011111100 2
11101111011011111 1
11101111111010100 2
11100110110111110 1
11100101111111110 1
10110110111000100 1
11110011011001100 1
10100111011001111 1
11110111011110110 1
11001111111101101 1
11100111011011111 1
11101111111101010 1
11100011011111111 1
11101111001111111 1
11101111011110111 1
10111110111111111 1
11101111110101100 1
11110110111101010 1
11100110011101110 1
11110111111101111 4
11101110111110111 1
11101110011101100 3
01100111011101100 1
11100111100001111 1
10111111111110111 1
11110011111011101 1
11100110101101101 1
11111011011111111 1
01101111111111111 1
11100111111101110 2
10111110111101110 1
11111111111100100 1
11110111111110110 1
11111110111010110 1
11100111011111101 1
11100110011011111 1
11100101111110100 1
11111111011111100 1
11110111111011101 1
10101111011011101 1
01110111011001100 1
11101111111100101 1
11101110111000100 1
01110110111011101 1
10101111011001111 1
11110110111001110 2
10110110111011100 1
11110100101001101 1
11000110111001100 1
11100100111011110 1
11110011111111101 1
11111110011001100 2
11111010111011010 1
11100110011111100 1
11110110111000101 1
11101010011010111 1
10111111011001101 1
11111101011011100 1
01100110101001101 1
10100111111001101 2
11100111111111001 1
11110111111011100 1
11000110111011101 1
11100101111011101 1
11110111011111111 1
10100110111011101 1
10101111111010101 1
11101111111011100 1
01111110111101101 1
11111011111111101 1
11110111011011110 2
11111110111010101 1
11100111111110110 1
11111110101010111 1
10101010111101111 1
10111111101000101 1
11100100111011101 1
11111110011110110 1
11101110010011111 1
11100111011100111 1
11101111111000100 1
11100111111000101 1
01100110111001101 1
11110111110101100 1
11101110111011001 1
11101111011101101 2
10111110111011110 1
11101111011011100 1
11101111101101100 1
11011111111111110 1
01101110111011110 1
11110111111110101 2
11111110011101111 1
11110111111001110 3
11101110011111111 2
11110110111110110 1
11100110011010100 1
11100110010101100 1
11111101111001110 1
11110110011001110 1
11100111101011111 1
11110111011011101 1
11100110111010111 2
11100111101001101 1
11101111011101111 1
01111110011011110 1
11111111011001001 1
11111110011000010 1
11111111111011011 1
11110110011011111 3
11111110111000110 1
11111110011011100 1
11101110011011110 1
11101011111111100 1
11111110101111111 1
11111111111100101 1
01100110111010101 1
11110110011100101 1
11110101111111110 1
11101101111001100 1
11111111111011000 1
11110111111111110 1
10100111111011110 1
11100111011101110 1
11101111011001110 1
10111110011001111 1
11111101011101111 1
11101110111001010 1
11111111011011110 1
10101110111111111 1
11001110111011111 1
11110110011111111 1
11100110111110101 1
11100111011110111 1
10110110001010110 1
11111011111001001 1
