10110110011001111 1
11111111011101100 9
11111110011111100 6
11110111011001100 7
01111111111101111 1
11110110011011000 1
11011111111101111 1
11111110111101110 5
11110110111111100 13
11100110111011111 2
11110110111111111 6
11111110111111110 11
11110111111101100 9
11110111111011110 7
11111110011101110 11
11110101011101110 1
11110111011011110 6
11111100111011110 2
11110011111001100 1
11111111011001100 9
11111110011101100 8
11111110110111110 1
11110111111111110 12
11100110111111100 2
11100111111001110 1
11111110011111111 4
11110110011111110 11
11111111011111110 6
11110110111111110 11
11110111011001110 8
11111111111001110 2
11111110011001110 8
11110110111011110 7
11110111011111110 7
01101111111011100 1
11110110011011100 12
11111111011101011 1
11111110011111110 17
11111111111001100 7
11111110111101111 6
11111110010101110 1
11110111011101110 7
11101110011011110 1
11100111011111100 1
11100111011101100 5
11110110111101111 3
11110111011001101 2
11110110011101111 7
11110110111011111 4
11110110111011100 11
11111111111101111 6
11110111111111100 12
11110111111111111 12
11100111111101110 4
11110111011101100 8
11110111011111100 5
11110111011001111 3
11110110011001100 6
11111110011011101 3
11111111111101100 12
11110110111101110 12
11101110111001111 1
11111110111001100 11
11101110111001110 1
11111111011111100 8
11101111111101110 5
11110110011101110 9
11111110011011110 12
11111110111001110 6
11110111011111111 3
11110111111101111 6
11111110011011100 8
11111111011001110 12
11111111011101111 3
11110111111111101 4
11011111011101100 1
11110111111101101 1
11111101010011111 1
11100111011011100 6
11101110111011110 3
11110110011011111 7
11110110111001111 2
11110110111001100 4
11110111111001100 4
11111110111111100 9
10101111111001110 2
01111110111111110 1
11101110011111110 1
11111110111011110 5
11101111011011100 1
11100111111011100 3
11111111111101110 8
11111110111111111 4
11111111111111110 3
11101111111011110 1
11111110011001100 11
11111110010000100 1
11111100011011111 1
11110101011011100 1
11110111111011100 13
11101111011111111 1
11110111111011111 4
11100111111101100 4
11111111011101110 5
11111111111011110 9
01111110011101100 1
11101111011111110 1
11111111111011100 13
11110111111001110 8
11111111110001100 1
11110110111101000 1
01111110111001100 1
11111111011011100 8
11110111011011100 8
11111110111101100 5
11011110111001111 1
11111111111001111 2
10110111111111111 1
11100111111111110 1
11111110111111000 2
11100110111001111 1
11000110111101111 1
11100110011011100 3
11111111111111111 5
11100111011111110 2
11110110011101100 8
11110111011011111 5
11110110111101100 14
11110111010011100 1
01110110011111100 1
11101110111101110 1
11100110111001100 1
11101110011001110 2
11110101011011111 1
11101110011101110 2
11110111111001111 1
11100110011011111 2
11111101111101100 1
11110111110001100 2
11100110011001100 1
11111111011101101 1
11101111010001110 1
11110110011001011 1
11010111111001110 1
11111110101011100 1
11111111011011111 3
11111111111111101 3
11111110111011100 9
11100110011101100 4
01111110011001110 1
11111110011011111 10
01100111111011111 1
11101110011101100 1
11111111010101100 2
11110110011011110 5
11111111001011110 1
11101110111111100 2
11101111011101110 1
11000111111101111 1
11110111011101000 1
11110110111001101 2
11111111011011110 13
11101110111101100 1
11100111111011101 1
11111110011001101 1
11111110011001111 3
11110111111101110 14
11011110011001100 1
11111101011011110 1
10100111011011110 1
11101111111001100 2
11110110111111000 1
11111110110111111 1
11110110111111101 2
10110111010101100 1
11110110011111100 12
11111111111111100 6
11110110011001110 4
11110111010111111 1
11101111111001111 1
11111111110101100 2
11011110011101111 1
11111110011101111 7
11111110111011111 2
11110110011001101 2
11100111111111100 1
11111111111011101 2
11101101111011100 1
11101110011001100 1
11101110111011111 2
01110111010111111 1
11110110011111111 5
11101111111111100 2
11101111011111010 1
11110111111110110 1
11101111011001110 2
11110110011001111 4
11111110111001111 5
11110110010011100 2
11000111111101110 1
11111111110001110 1
11101110011011100 3
11100110011111110 4
11111111011101000 1
11100111011100100 1
01110111011111100 1
11110110011111101 1
11100111111001111 1
11101010111111110 1
11101111111111101 1
11101111010011100 1
11111111111011111 6
11110110110111110 2
11100110111101110 3
11110111011101111 4
10100111011001111 1
11111110010101100 3
11111110011101101 1
11111111111011000 2
11110111011111000 1
11101111111101111 1
10111110111001101 1
11110111101111101 1
11101110111011100 1
11100111011011111 1
01100111111001100 1
11111110111011101 2
11001111111011110 1
10101110111001110 1
11001111011001111 1
11111101011011111 1
11100110111111111 2
11110110111101101 1
11100110111011110 5
11011111011111100 1
11000110111011110 1
11110110111001110 5
11110100011011100 1
11111111011001111 3
11011110011101110 1
11100110111111110 1
11111110111011000 1
11101111011001111 2
11111111010001110 2
11100110011101110 1
11111111001111111 1
01101110111111100 1
11100111111011110 1
11110110011010100 1
11000110111001110 1
11111010111101100 1
11100110011011110 2
11001110011011110 1
11111110111010011 1
11100110110011100 1
11111110110111100 2
11101110101111100 1
11100111010011110 1
11110111011011000 1
10111111111011110 1
11110110111011101 1
10100110111011110 1
11111011011001011 1
11111111011111111 1
11111110010011110 1
11111011011001100 1
11110110111000111 1
10101110111101010 1
11111111011111101 1
11111111110011100 1
11110011111011110 1
11101101011001110 1
11111010111111100 1
11111111011010100 1
01101110111001111 1
11111010111001111 1
11111110011011000 1
11111110110011100 1
11100111011101110 1
11100110111101111 1
11110111011011101 2
11111110001011110 1
11101111111011111 1
11101110011111100 1
11110110111011000 1
11101111010101101 1
11111111111010111 1
11110110111000001 1
11101111111101101 1
11100110011001110 1
11101110011100110 1
11110111011000100 1
11100010111111110 1
11111110011110111 1
11110110110001100 1
11001111111001111 1
11111110010101000 1
01111111011011110 1
10100111111011100 1
10100110011111111 1
11101111111101100 1
11110101111111110 1
11110111011111101 1
10101110111001111 1
11110111110101110 1
11110111110011111 1
11111010011011100 1
11101111111011101 1
11000101010001111 1
11110111001101100 1
11110111111111011 1
11110111011100100 1
01100111011001100 1
11100110111101100 2
11100111011001111 1
10100111110101111 1
11111111110001111 1
11010110111010100 1
11111110011001000 1
11110110110000111 1
11110101111001110 1
11110111011110111 1
01111111111011100 1
11110110011001000 1
11110110011100100 1
11101110011011000 1
11101110111011010 1
11100111011001100 1
11111011111001110 1
11111111011011011 1
11101110111111110 1
11111110010001111 1
11110010011101110 1
11111110011000010 1
11110110011010111 1
01111111111101100 1
11110111011010100 1
11001111111111110 1
11110110011011101 1
11111111111001010 1
11110111111001000 1
11111110110101111 1
