11111110111001110 21
11110110111011110 1
11111111111111100 10
11111111111001110 29
11100110111101100 2
11101111011011100 3
11101111011001110 13
11111110011111111 3
11100111111111110 2
11111110011101110 4
11111111011001101 2
11101110011001100 9
11101110011011111 1
11101110011001110 5
11101011011001100 1
11111110111001100 25
11111111111101101 3
11101110111101110 7
11111111111001100 27
11111110011101100 4
11101111111001100 21
11110111011001110 6
11111011111001110 2
10110111011101100 1
11100110011011111 1
11111111011111100 2
01101111011001101 1
11101111011111100 5
11110110111001100 7
11001110011001110 1
11101111011111110 4
11110110011111110 2
11111100111111101 1
11101110111001100 12
11001110111001110 1
11111111011001100 16
11110110111101110 3
11110110011111111 1
11111111111011100 4
01111110111011100 1
11100110111001100 6
11101111111101100 9
11101111111111100 8
11101110111111100 5
11100111111001110 10
11101110011111100 2
01100110111001110 3
11100111011001111 2
11111110111111110 5
11110110111101100 3
11101111111001110 21
11111111111001111 13
01100110110001100 1
11101111011101101 1
11101111010001110 1
11101110111101100 7
11101111111101110 7
11101111011111101 1
11110110010111100 1
11111110111101110 9
11101110011101110 2
11101111011001101 3
01101111111101110 2
11100110111001110 10
11100110111011111 1
11111111111101110 3
01101110111001110 1
01101110111011100 2
01101110111001111 2
11111010111001110 2
11111110111101100 9
11111110011001110 13
11110110111001111 3
11101110011001111 4
11101111011001100 13
11110110111001110 12
01111111111001110 1
11111110111001111 8
11000110111101100 1
11100111011001100 6
01111111001011100 1
11100111011111110 1
11100111011111100 1
01111110011011110 1
01111111110001100 1
11100111111000100 1
10110111111001100 1
11110110100001110 1
11101111011001111 2
11110111111011100 3
11111010011001111 1
11110111011111110 2
01000111111111111 1
11100110111111101 1
11010110111111010 1
11000111011111100 1
11100111011001110 8
11111111111001101 3
11101111011101110 3
01111010010001100 1
01111111111001100 1
11101110111011100 3
11110110111111110 4
11110111011111100 3
10111111011001101 1
11101110011111110 4
11110110011001100 4
11101111111111110 2
11110111111111110 2
11110110111111100 2
11100110111001101 2
11110110111011101 1
01101111111001100 7
01110110011001110 2
01100110011001110 2
11100110111111111 1
11110110111111101 1
00110110111001110 1
11011110111111110 1
11100111011000111 1
11101111011101100 6
11100111111001010 1
11111110011001100 17
11100110011001110 4
11111010111111110 1
11101110111001101 3
11100110111111110 1
11111111101101100 1
11100010011001111 1
11100111111001111 2
10100111111110111 1
11111110111011110 7
11100110011011100 1
01110110111101100 1
11111111010001100 1
11111111011001110 14
01101111111111101 1
11111111110001111 1
11110110011001011 1
10110111111101110 1
01101111111101100 1
11110110011101110 3
11111111110001100 1
11111110011000000 1
11110110011111100 1
01100110111001111 1
11100111111000111 1
11111111111101100 4
11110110011101111 2
01100110100001100 1
11110111111001110 4
11111111101111111 1
11110111111001100 10
11111011110111111 1
01111111011110100 1
11111111011101000 1
01000111111111100 1
11101111011101111 2
10110110111111100 1
11111111111111011 1
11111111111011110 2
11100111111011110 1
11101111111011110 4
11111110011011110 2
01111111011001100 2
11101100011011100 1
11101110011101100 4
11110110111111111 1
11100110111101111 1
11110110011011100 2
10101111011001100 1
11111111011111110 2
11111110111111100 6
11110111111101100 4
11101110111001110 11
11101110010001110 2
01111111011111110 2
11111110011111101 1
11101111111001010 1
11101111011011110 4
11111111111111110 4
11111111111001000 1
11101011111011110 1
11111110001101110 1
11111111011111111 2
11111111011101110 4
11101110111001111 3
10111111011001110 1
11100110011101100 2
11111110111011100 6
11101110111111101 1
11111110111011101 1
11110101111001110 1
11101110010011111 1
01110111111011110 1
11100110111011110 4
11110111011101100 1
11011111111001100 1
11100101011101100 1
11110111011101110 1
01111111101001100 1
11101110110111100 1
01101111011101100 1
11110111011011100 2
11101011011011100 1
11111111111011111 1
11101110111101111 2
11101111111001000 1
11101110111011110 1
10011111111111100 1
01100110111111100 1
11110110001001100 1
01101101011001100 1
11110100011001100 1
11100111111101100 1
00111111111001110 1
11111111011001011 1
01111110111001101 1
01101111111111110 1
11101110011111101 2
11101110111111010 2
11111111111011000 1
11111110101001100 2
11110110110111110 1
11111110111001101 11
01101110110111100 1
01100111011001100 1
11011111111101110 1
01101110011001110 2
11110110011011110 2
11101111111001111 4
11111110110111100 1
11101110111000100 1
11111110011001111 5
11100110111101110 2
01100110111001100 2
11111110111001011 1
11111110011111100 5
11110111111001010 1
11111110111001000 1
10101110111001100 1
11101111111011100 4
11111111011011110 1
11110111001001100 1
11111110111101111 2
11101111111111000 1
01100111111101110 1
11111110001001110 1
11011111011011110 1
11111111001011100 1
11111111001111101 1
10111111011101110 1
11111110111001010 1
11111111011011100 2
01100110011001100 1
11110011011001100 1
11110110111011100 1
01100111011011111 1
11111110011001001 1
11101110011101111 2
10111110011001111 1
11111110001001100 1
11100111011101101 1
01101010011001100 1
01110111110101101 1
11111010011111110 1
11101111111101111 1
11011111011001110 2
11101111111001101 2
01101111011001100 1
01111110011101100 1
11101100011101110 1
01100110011011110 1
01101111011001110 1
11100111111001100 5
11111111111111101 2
11110111111011110 1
01101111011101110 1
11101110011111011 1
01110110011111101 1
11110111011001111 2
11111111011101100 3
10110111011001110 1
01111110011111110 1
11100110011001100 3
10000111111111111 1
11111111111000100 1
11001100011001111 1
11111111011001111 1
11101101011001110 2
11101011111001011 1
11100110011001111 4
11100110111001111 1
11000111111111100 1
11101110111111110 1
11100010011011100 1
11111110111011111 1
11110110111001011 1
01111111111101100 1
11110111011001100 1
01101110111101111 2
11111110111000110 1
11101111101101110 1
11111110011101101 1
01100111111101111 1
01101111111001010 1
11111110011001101 2
01101111011101000 1
01101110111111110 1
11101010011001000 1
11111110111111011 1
11101111110001000 1
11110101011000111 1
01110111011001110 2
11101111111110111 1
11110111111001111 3
11101011011001110 1
11111010111111100 1
01110110111011110 1
11100110111111100 1
01110111111001100 1
11101110111111111 1
10110110111011100 1
11111110011100110 1
11001110111111100 1
11101111111011101 1
11111110101011110 1
11101100011001100 1
11101010011001110 1
01111110011001010 1
11110110111000110 1
11110100011001111 1
01101110110111111 1
11101111101001100 1
11101111011000111 1
10111110011101110 1
11101110111101000 1
10111110111101110 1
01110101011101100 1
01111110111001000 1
11101111111101101 3
10100110011101100 1
11101010111001110 1
11100110011111100 2
11101100111001111 1
11110111111001001 1
01101101011011100 1
01111111011101100 1
11001111011111111 1
11110010111001100 1
11100110111011100 1
11100110011101110 1
11111111010011101 1
10111111111001100 1
01101110001111110 1
11101011011101101 1
10111111111001110 2
11100110011101111 1
11011110110101111 1
11101111110101111 1
01101110111111100 1
11111110010101100 2
11110011010111110 1
01101111011111110 1
11110111111111100 2
11101110111001000 1
11111101111111110 1
11110110011101100 2
01110110010101100 1
01110110011001100 2
11101111110111110 1
11100111011101100 1
11111110111111101 1
11101111011111111 1
11101110101001100 1
01101110011011110 2
11101011110011010 1
11110110011001110 3
11101111111111111 1
11110111011001000 1
11110111111101111 1
10000111011101100 1
11100111111111100 1
11111101011101100 1
10110110011001101 1
11100110011011110 1
11100111111001000 1
11011110111001100 1
01100110111101110 1
11101110110100101 1
01101110011101100 1
11111110011011100 1
11110100111001100 1
11101110011011110 1
01101111111001110 1
11110010010001111 1
11101111010101110 1
11111111111000111 1
11110110011011101 1
11111111111011101 1
10111111111001111 1
11111111011011111 1
