number of shots: 1024
more frequency result: 11101110111101111
11001111111101110 7
11001111011011101 4
11001110011011101 2
11001111111111110 2
11001110111001111 5
11011111111101110 4
11110111011001111 2
11101111111011110 3
11011110011011101 2
11001110011011100 1
11010110101111111 1
11001111011101111 1
11101110111101101 7
11101110011001101 3
11110111111001111 3
11011110111111101 3
11001111011001101 3
11011110111101111 4
11110110111000101 1
11111111111101111 5
11010110010101111 1
11011110111001111 4
11101111111101111 7
11101101111011111 1
11000110111101100 2
11111111111001111 5
11110110111101101 3
11110111111001101 1
01111110111001110 1
11111111111101101 5
11101110111101111 9
10011110111111111 1
11111110111101110 4
11001111111101101 5
11001111111111100 1
11011111011001110 4
11110111101001111 1
11011111111110110 1
11101111111011100 2
11100110111101110 2
11101111111111111 3
11011111011111111 1
11110111111011111 3
11111100101001101 1
11101110011001111 7
11010111111111111 3
11100111011011101 2
11101110111111100 5
11011110011101100 1
11000111111101110 2
11101111111101101 1
01001111111111100 1
11100111111101111 3
11000110111001100 2
11101111011111111 5
11111111111111101 4
11101110011011101 1
11000110011100101 1
11010111111101100 3
11010111111001110 3
11001000111001101 1
11011111011111100 1
11111111011001101 2
11010110011011111 2
11111110111001111 3
11001111011101101 3
11010111011001101 1
11111110111101101 7
11001110111011111 2
11001111111011111 4
11110111011010110 1
11110101111001111 1
11101110111001101 3
11011110111011100 1
11001111111001101 5
11011110111111100 1
11111111110011101 2
11110111111111101 2
11100110111011111 3
11001111111011101 4
11001110111101110 3
11010110111111111 2
11010110011111111 3
11011111011101101 5
11010110011111101 2
11001110111001110 2
11101110111001111 6
11111110111101100 4
11101110111011101 4
11101110111101110 2
11110110011001111 2
10101111111111101 1
11101110011011100 1
11111110110011110 1
11000111011101110 1
11101110011010100 1
11011111111101011 1
11111110111011100 2
11111111111111111 3
11101110111001100 2
11001111001111100 1
11100111111111100 3
11110111011011111 2
11100111111101101 2
11001111111001100 3
11011110101111101 1
11101110111011001 1
11011111111011111 3
11010111111111100 1
11111110111011110 3
11100111011001111 3
11010010111011111 1
11111111110111110 1
11110110111101110 1
11100110111111101 1
11001101011111110 1
11011110101011111 1
11111110111001101 4
01010111111101100 1
11011111111001101 2
11101100111011100 1
11000111111111101 3
11100111011001100 1
11111101011001101 1
11111110011111100 1
11000110011111011 1
11101100011111100 2
11110111111101100 4
11011111111001110 2
11001111011001100 3
11111110011011111 2
11010110111101110 3
11101111011101100 2
11100110110011110 1
11001011111101111 1
11001111111101111 8
11001111111101100 2
11100111011101111 4
11101111011101111 4
11110111111101101 4
11100110011101101 2
11111111111001101 3
11011111011101111 1
11100111011111101 1
11011111001011100 1
11010110101011110 1
11101110111111110 3
10011010111101111 1
11110111111111100 1
11100110011011110 1
11101111011101101 4
11100110011001111 2
11000111011001110 2
11101111011111100 4
11101111011101110 2
11001110011101110 4
11010111111001101 2
11011110011011100 1
11010111111001100 1
11101111011011100 2
11101111011001101 2
11000110111101101 1
11110110111101111 2
10010111111011111 1
11011010111111101 1
11010111111101111 3
11111110011101100 1
11101111111001111 4
11011111111001111 4
11111110011001110 3
11011111011011111 1
11100111111111111 3
11000111111111111 2
11000111011011100 1
11001110111011110 3
11101110011001110 2
11010111111111110 2
11001110011111111 1
11001111011101011 2
11100111111011100 2
11110111011101101 2
11010110011001110 1
11010111011111111 2
11000110111001110 5
11101010011001111 1
11101111111101110 5
11110101111001110 1
11101110011101111 3
11111111111111100 1
11100111111001111 2
11110111011101111 2
11001110011101101 2
11010111101101111 1
11101111111011111 7
11000100111111101 2
11001111111110111 1
11111110011111101 1
11111111101100101 1
11101111111001110 2
11001110011101100 2
11001111011111111 4
11011110111101101 2
11110111011111101 4
11110111111011110 1
11111110111011101 3
11011111111001100 1
11110110011111101 1
11110110011011101 1
11010110111101001 2
11000111111101101 1
11110111011001110 1
11100111011011111 2
11100111011001101 2
11101110111111111 5
11111100111111101 1
11100110111001101 2
11011110011001101 2
11111100111101111 1
11111111011011111 2
11001111011001110 1
11111110111111100 2
11110111111011101 2
11011111111101111 5
11011111101101110 1
11010111011101100 1
11000111010111101 1
11111111111001110 2
11111111101001101 1
01010111111111101 1
11101111011011110 3
11010110111111101 1
11111111111011101 4
11100110111111110 3
11010111011001100 1
11001110111101101 4
11011110111111111 1
11011111011001111 1
11010110111101101 3
11001111110001101 1
11001110111001101 4
11101111111001101 4
11011111010011110 1
11100111011111111 2
11101110011111111 2
11111110111101111 3
11000110110001111 1
11000110011011101 3
11110111011101100 3
11010110011101111 1
11010111111011111 4
11110110111111101 2
11010011111101001 1
11101110011111101 2
11101110001101111 1
11010111011101101 2
11100111111011111 3
11011111111111100 2
11101110111011100 1
11000111111001111 2
11111110111011111 2
11000110111011111 4
11011110111011111 1
11111110011001100 1
11111110011111110 1
11111110011111111 2
11011111111111111 5
11010111101001110 1
11001110111101011 1
11111111011101100 1
11011110011011111 2
11111111011111001 1
11111110011101111 2
11001111111001110 1
11000111001011101 1
11010110011101110 1
11110111111111110 1
11010110111111110 2
11010111111001111 2
01001110111101111 1
11011110101001100 1
11001111011111110 3
11000111011111111 1
11110111111001100 1
11100111111000111 1
11101110011101010 1
11011101011001110 1
11101010111111101 1
11100110111001100 1
11011111111111101 2
11010110011001100 1
11001110111011100 1
11101110111111101 5
11101110011111100 1
11110110011101110 3
11101110011000110 1
11011111011011100 1
11101111011110111 1
11111111111101100 2
11011111101001111 1
11000110111011101 1
11101111011011101 4
11111111011111101 4
10101111111011110 1
11001111111111101 8
11000111011101101 1
11101110011011110 3
11100110011011101 1
11000111011101100 2
10101110111001111 1
11011110111111110 2
10100111111101101 1
11001110011011111 2
11110111111101110 2
11111111011101101 2
11111111111011111 4
11111110011101110 3
11101111011001111 2
01010111111111111 1
11110110111111000 1
11111110111111101 2
11110111111111011 1
11101110011111110 2
11001111111100100 1
11101101011101110 1
11001111001101111 1
11001111110011110 1
11001111111101001 1
11110110111001111 3
11000110111011100 2
11011111111101101 3
11000110001101101 2
11101111011001110 1
11101101111111101 1
10110110011001101 1
11000110011001111 1
11101111111011101 4
11010110011101101 1
11010110111100100 1
11101110011101101 3
11000111111001110 2
11110110001001111 1
11010110111011101 2
11101110011011111 2
11101110001011111 1
11000110111101111 3
11100110011001110 1
01111111111011101 1
11101110101011110 1
11111111101111111 1
11110110011011000 1
11110101111101110 1
11010110011101100 1
01100110111111101 1
11110111011101110 1
11001101001101110 1
11001111011011111 4
11100110011101100 2
11101111111001011 1
11011111111111110 1
11111111011111111 1
11101110001001101 1
11001110111001100 1
11111111111101110 3
11110011111001101 1
11110110011001101 3
11001111011011100 2
11101111111111101 5
11110110111111100 2
11001110011011110 1
11011110111101110 2
11100111011100101 1
11011111111011110 1
11101111011011111 3
11010110111101111 2
11111110111111111 4
11000111011001100 2
11001110111011101 1
11111100111001101 1
11011111011001101 1
11101110111011111 4
11110111111011100 1
11101000111101101 1
11100110001111101 1
10011111011001111 1
11001010111101111 1
11001110111101111 6
11000101111011101 1
11000111011111101 1
11110010111001111 1
11100110111111111 1
11010111111111101 1
11010110111001111 2
11110110111111111 4
11111110011001101 1
11011110010011111 1
11001110011111101 2
11100110111011110 1
11100110111011100 1
11111110111111110 1
11000110111101110 1
11111111001011111 1
11101110111001110 3
11001110011111110 1
11000111011001111 2
11001111011001111 1
10100110111001111 1
11010111011101111 1
10101111111001101 1
11001111111111111 2
11110110011101111 2
11100111111101100 1
11101111111101100 1
11100110011101111 1
11011110011001000 1
11011111001101111 1
11100100111111101 1
11101110101101111 1
11001110011001110 1
11000111011010111 1
11011111011101100 2
11111111111011100 2
11110111111111001 1
11100111111011101 2
11011110111001110 1
11101111111111100 1
11010111111101110 1
11100111111001110 1
11011110101101101 1
11101111111111110 3
11011111011011101 2
11101011011101101 1
11001110111101100 2
11111111011011101 3
11111111011001100 1
11111111111001100 1
11111110111111000 1
11110110011001100 2
10011111111001100 1
11010111011011111 3
11100111111011110 1
11001110111111111 2
11111101111101100 1
11011110111001101 1
11001111111100111 1
11010101011111100 1
11100011011111101 1
11001111101011111 1
11011110111011101 1
11111101111111101 1
11101110111011110 1
11000110111111100 1
11110111111101111 1
11001100011011101 1
11010110011011100 1
11010111011111101 1
11111110111101001 1
10000110011011100 1
01001111111011100 1
11010101011011011 1
11111111011101110 1
11010111111101101 2
11100111110011110 1
10100111011001110 1
10011110011101111 1
11100111101001111 1
11000111111001101 2
11100111101111101 1
11001100111101100 1
10010111011101110 1
11100110011001101 1
11010101111001111 1
01001111011001111 1
11100110111011101 1
11001110101101100 1
11101111110001100 1
11001110011001111 1
11000110111001101 1
11000110111001111 1
11011101111101101 1
11010110111001100 1
11001111111011011 1
11110111011001100 1
01000111011111111 1
11001110111111100 1
11111111011001111 1
11011110011001111 1
11000111110011100 1
11010110111101100 1
11011110011101111 1
11101110011101100 2
11111111101001111 1
11011110101001111 1
11101111110001110 1
10011111011001101 1
10101110111011100 1
11001111011101110 2
11101111011111101 1
11010110111001101 1
10001110011101110 1
11000110011101111 1
11101110110011111 1
11100111111001101 1
11100110111101111 1
11111110011101101 2
11001110111111101 1
11000110011111111 1
11100101111001111 1
11011110111100111 1
11011110011001100 1
11111110001101101 1
11011111111001000 1
11000110011111110 1
11000110011101101 1
11110110111011111 1
11000101111111111 1
11111111111011110 1
11100111111111110 1
11111111010001100 1
10101110011101101 1
11000110011011111 1
11101110110101111 1
11111111011111100 1
11011101011111101 1
11010110111001110 1
11011111010001101 1
11011111011101110 1
11100111111111101 1
11100111011001110 1
11001110101111101 1
11011110011111110 1
11010110011101001 1
11101111010001111 1
11100100111101101 1
11010100111101111 1
11011110111101100 1
11111101111011111 1
11101101111101101 1
11001110011001101 1
11011010011101110 1
11010111110001101 1
11111110111001110 1
11011111011011110 1
11010110111111011 1
11110110011110101 1
11100011101001100 1
11101110011010111 1
11101111101111101 1
11100111011011100 1
11000111111101111 1
11101110011001100 1
11011111111011101 1
11001100111101101 1
11101101111101111 1
11110110011001110 1
11001101111001111 1
