number of shots: 1024
more frequency result: 11111111111001111
11101111011011111 7
11110110111011110 4
11101110111111110 2
11110110111111111 9
11110111111011100 1
11101111111101111 15
11101111111111100 3
11100110111101100 1
11111110111011111 8
11110110011111111 10
11111111111011110 10
11110110110101100 1
11101111111001111 8
11101111011001111 9
11111111011101101 8
11101111111001100 4
11111111011101111 11
11110101111011110 1
11111111111001111 32
11111111111101111 21
11101111011011101 4
11100110011111110 2
11101111111001110 6
11111111011111111 15
11111110111001110 4
11111111011001101 8
11001111011001111 1
11110110011011100 4
11111111111011101 12
11101111011001110 3
11111111111111101 14
11111110010111100 1
11100110111011111 5
11101111111011100 6
11111110111001101 4
11110110111011111 10
11101111011001101 4
11101111111101101 5
11111111111001110 14
11010110011001101 1
11111110010101111 1
11110110011011111 3
11110110011001111 6
11111110011101111 8
11111111111101110 9
11110110011101111 4
11111101011111111 1
11110110111101110 4
11101111011101110 2
11101111111001101 9
11101111111011101 6
11101011011101111 1
11111111110001111 1
11101110011001111 3
11110110011011101 4
11110110011001101 6
11111111011111101 11
11110110111111110 7
11110110111001111 8
11111110111111100 2
11111111111111111 25
11110111111001111 5
11110100111111111 1
11101111011111110 3
11101111111101110 3
11110110111101111 10
11101111011111111 4
11111111011001111 15
11111100111111101 1
11111111011011111 18
11111111111111100 6
11110111111011111 3
11100111011101111 1
11110110111100100 1
11111110001011100 1
11100110111111111 3
11111111011111011 1
11111111111001101 17
11111110011111111 5
11101111111111111 9
11111111111011111 16
11110110111001101 4
11101111111000101 1
11110110011110110 2
11110110111011101 3
11101100111111111 1
11111111101011110 2
11101101111011111 1
11101110111001111 7
11111111111111011 1
11001111111001100 1
11100110111111110 3
11111111111101101 10
10101111011111111 1
11111110111001111 4
11110110011111110 5
11101111111011111 11
11111111111011011 1
11111111011001100 1
11101110111111101 2
01111111111001110 1
11101010011011110 1
11101111011101111 9
10100110101001101 1
11100110111001111 5
11100111111111111 2
11111111111001100 6
11111111011111110 6
11100110011000110 1
11111111011011100 1
11110110110111111 1
11111111111011010 1
11111110111011100 1
01111111011101101 1
11110110111111101 4
11111111010111111 2
11100110111001110 3
11111111011001110 5
11010110011101111 1
11111110011001101 2
11110101111111111 1
11111110111101101 2
11110111111011101 1
11111111011011011 2
11111111010011110 1
11111111011101110 5
01101111111011101 2
11110110001011111 1
11111110011101101 4
11111111111011100 2
11110110111001110 4
11110110111101100 2
01101111011111111 1
01110110101011110 1
11110110011101101 3
11111110011001111 2
11011111111111110 1
11000010111111101 1
11111110111111111 6
01101111011001001 1
11111110011011111 2
11111110111101111 5
11111111111111110 11
11100110011011110 2
11101111110101111 1
01101111011011111 1
11100110011011100 1
11111110011111100 1
11111100011001111 1
11010111011111101 1
11111111111110101 1
11111110111011010 1
11100111111101101 1
11101111111111101 4
11101110111111111 1
11111110111101100 1
11111111111101011 1
01101111111101111 1
11100111011101101 1
11101110111011111 1
01111110111101111 1
11111110111111101 5
11100111011111111 1
11110101111101110 1
11111110111111110 3
11110111111101111 2
11100110101111111 1
11110111011001111 1
11000110011111110 1
11110111011001110 2
11101011011011100 1
11101110011111100 1
11111110001111111 1
11111100011111111 1
11100110011110110 1
11111111111100110 1
11100110111001101 1
11101110111101100 1
11101011111001110 1
11111110011001110 2
11100110111111101 6
11111111011011110 5
11110111101101010 1
11111110011111101 2
11111010011011111 1
11111110111001100 3
11100110011011111 2
11111110001111110 1
11111111111101100 2
11101110111100110 1
11110110011101100 2
11111111111111010 1
11101110011011111 4
11111110111101110 2
11111110011001100 1
11110111011101111 3
11110110111101101 3
11111111011001011 1
11110111111111100 1
11111111111001000 1
11111111111000111 2
11001111011111111 1
11100110010101100 1
11011111111011111 1
11111111101011101 1
11111110010010111 1
11111110110111100 1
11011110111111110 1
10111111111011111 1
10101111111001101 1
11100010111000100 1
11100110011111101 3
01110111110001111 1
11100111111101111 3
10101111011011110 2
11100110011101111 2
11110111011011111 1
01101111111111110 1
01100110111001101 1
11110110111001100 1
11101111011111100 2
11101111011101010 1
01111110111011111 1
11011110011001111 1
11100110101111101 2
11011111111111111 1
11110111111001010 1
11111111001111110 1
11101111111011110 3
11111110001011110 1
01101011011111110 1
11111110011101100 1
11110110011011011 1
11111011010111111 1
11001111011011111 1
11111111011110110 1
11111111111110110 2
11101110011001101 1
11110110111001011 1
11011111111101111 2
11111110111011110 2
11111111011011101 2
11110110111011100 1
11110100101010110 1
01100110111011101 1
11011111111010110 1
11110111111101110 1
11110111011101110 2
01111101111111111 1
11100110111000101 1
11100110111101110 1
11100110111110111 1
11101110111111010 1
11110110110001111 1
11111110011111110 2
11110110111111001 1
11111111110111110 1
11110111111111101 2
11111100011011111 1
11111111101111100 1
11111111101111111 1
11101111011101101 6
01100110111101110 1
01010111011001110 1
11001111011101110 1
11010110011011111 1
11111111001111111 1
11100111011111100 1
11100111111101110 1
11110111011001101 2
01101111111001110 1
11100110111101111 4
11100110011001111 2
11111101111001111 2
10110110111010110 1
11111101011101111 1
11101111111101100 2
01100110011101110 1
01100110000011100 1
10110110111001111 1
11011111111001111 1
11111101111001100 1
11011111111111100 1
11100111111001100 1
11111111011101011 1
11101010111011111 1
11110110111011010 1
11110110011100101 1
11101110111001100 1
11111100111010110 1
11101110110111101 1
11101111101011100 1
11101111011111101 2
11101111111100110 1
11011111111111101 1
11110111011111101 1
11100111111001101 1
11101110010011110 1
11100111011011111 2
11100111011011110 1
11110100111101111 1
11101110111001110 1
11110110011111000 1
11101110111111100 1
11011111011001100 1
01111100011111111 1
11001110011100110 1
01111110011111101 1
11111010011101110 1
11101110011101111 2
11100011111011111 1
11100111111000100 1
11101111101011101 1
11100101011111111 1
11101110011011110 1
11111110111011101 3
01101110011001010 1
11100010011111111 1
01111111101111110 1
11111110111110101 1
11100110111101101 1
11100101011111110 1
11110110001010110 1
11101110011101101 2
11100110011001101 2
11111111101001111 2
11100110111111100 1
10101111011111110 1
11101010111111111 1
11100110011001100 1
11110010011111111 1
11101110011101110 1
11111010011111111 1
11000110111001111 1
11101111110101110 1
11100110111001100 1
10100110111001101 1
01111111111111111 1
11011110101011111 1
11010110111011111 1
11111111110101101 1
11100110111011101 1
11011111111011110 1
11110111011111111 1
11101110111001101 1
11011111011011111 2
01101111011101111 1
11110110010111100 1
01101111111111101 1
01101111011011101 1
11100110111011110 1
11110010111011111 1
11101111101101110 1
10111010011111111 1
11111111011000110 1
01101110011001111 1
01110110111001101 1
01101110111101101 1
11101110011011100 1
11110111011101100 1
11110111011111110 1
11101111111000100 1
11100101111101111 1
11111111001101111 1
01010110111111101 1
11010110111111110 1
11101111111110110 1
11110110101101110 1
11110111111110000 1
11100110011100110 1
01111111111011111 1
11010100011101110 1
11110111111011110 1
11100101111001111 1
01101110111001101 1
11101011111011111 1
11111111011101100 1
11111111011111100 1
01110110111101111 1
01101110111011101 1
11111010111011111 1
01011111111101110 1
11100110101100100 1
11111110011011100 1
