number of shots: 1024
more frequency result: 11110110111011111
11110110111001110 2
11111111011011111 7
11111100011001110 1
11111111111000110 1
11110110011001111 3
11100111111001101 4
11111110111011110 7
11110111111101111 5
11110110111101111 5
11110110011111101 6
11101110011011110 3
11101111011111101 3
11110110111111110 12
11100111111011100 2
11111110111111111 2
11110110111001111 9
11110111111111100 4
11101111011101101 2
11101111011001100 3
11011111011001111 1
11110110111011110 12
11101111011100100 1
11111111111011101 6
11111110111011101 5
11101111111001111 2
11100111111101100 3
11110110111011111 24
11110111011001110 4
11110111011011101 7
11110111011011110 3
11101111011001111 3
11110111111001100 7
11100110111111101 2
11110110011011110 5
11100111111011101 2
11101110111110111 1
11111110011011110 4
11101110111011101 3
11110110111011100 7
11110111111011110 10
11101111111101101 4
11101100111001100 1
11100110110101110 1
11111111110011111 1
11111111011011110 2
11110110010011101 1
11110110011101110 5
11101111111011101 3
11110111111001101 10
11111110011111101 3
11110110011011100 10
11110111111111110 6
11110111011111111 4
11101110011101110 2
11111110011011111 5
11101111111111111 3
11111111111011110 8
11110111011001101 5
11100110111101100 2
11101110011101101 3
11111111111001101 4
11111110011001101 1
01110111111111101 1
11101110110101110 1
11111110111101110 1
11101010111011110 1
11101111111101111 2
11110110011011111 5
01110110011011111 1
11100110011011101 2
11101110111011111 6
11100110111011110 4
11111110111011100 6
11100110011011111 2
11101110111011110 3
11111111011101110 2
11100111111011000 1
11110110111011001 1
11100110011101000 2
11111111111001111 6
11100110011101110 4
11100111110101101 1
11110110011001110 4
11100110111001100 1
11101111011011110 4
11111110111001101 4
11110110011011101 4
11101110011001111 5
11101111011011111 5
11100110011000100 2
11100110111111111 2
10101110111101100 1
11100111011011110 4
11110111111001111 6
11100110011001101 3
11110111111001110 5
11101110111011100 3
11101110011011101 4
11111110111101111 6
11010111111100101 1
11101110111001101 8
11100111011101111 2
11111110010011110 1
11111111011001101 4
11101110011111110 1
11110111111001001 1
11110110111001100 7
11110111111000111 2
11110111110101111 1
11111111011011100 2
11111110011101101 5
11110110011111100 3
11101111111001101 5
11110111011001001 1
11110111011011001 1
11110111111101110 4
11110110110111101 1
11110111011011111 9
11111111111111110 2
11111111111101101 2
11100110111101101 2
11100110011101101 4
11110111011001111 5
11110111010111101 2
01110110011011101 1
11100110111011101 6
01111111011011111 2
11100110111001101 3
11110111011001100 4
11111110011001110 4
11100110111111110 2
11111110111101101 6
11100111011111111 3
01101110111101110 1
11110110111101110 3
11110110111001101 8
11101110011101100 3
11110110011001100 7
01110110111101111 1
11110111111011100 7
11110111111011111 8
11110111111011001 2
11110110011001101 6
01100111111111101 1
11101111011001001 1
11100110111010100 1
11111111011001111 3
11101111011001110 4
11110111100011101 1
11100111011001100 2
11001101111101111 1
11110110010011110 1
11111110110101100 1
11101110111010111 2
11110111011111100 7
11101110011011111 5
01100111011111110 1
11100111011001111 2
11110110111101100 2
11101110111001100 4
11110011011111101 1
11100110111001110 1
11111110011101010 1
11111111111011100 6
11111111011111111 2
11110111101011100 1
11111110110111111 1
11111111111101100 6
11110110101011110 1
11111111111101001 1
11101110011101001 1
11110111111011101 6
11110010010101100 1
11000110111111101 1
11110111011101101 4
11101110011001100 1
11111110011101100 2
10111110111011111 1
11110110111101101 3
11100111111001100 5
11111110111001111 3
11100111001001111 1
11110111111101101 2
11111111011111101 1
11100111011111100 2
11110110111011101 9
11111110111101100 2
11110111001011111 1
11100111011101101 2
11110110011111111 6
11101110011001101 2
11000110011111100 1
11110111011101111 4
11110110011101000 2
11100110111100100 1
11111111111101111 1
11111110111111101 3
11110110011111110 3
11111110011011101 4
11110011111011111 1
11110111111010101 1
11111110111001100 2
11101110111001111 3
11100011111111101 1
11110110111111101 4
11111010111111111 1
01110111011101101 1
11110111011011100 6
11110111111111111 6
11110101111001110 1
11110110111001010 1
11100111011011101 2
11110110011101111 2
11111110011101111 1
11101111111111101 1
11110110010101111 2
10111111111011110 1
11111111011101111 2
11100111111001111 3
11101110011111100 2
11111111011011001 1
11100110111011011 1
01101111011011101 1
11100111111111001 1
11111111111101110 2
11100110011101100 3
11100110111100110 1
11101111111011100 4
11110111011101110 1
11100110011111100 2
11111111111111111 3
11101111101011000 1
11100111011101100 3
11111111011011101 3
11111110111111011 1
11110111111111101 3
11111111111011111 4
11110110111111100 3
11110010111111110 1
10111110111011101 1
10101111011101111 1
11101110111111110 2
11110111011111101 4
11100111001011100 1
01110110011011100 1
11011110111001100 1
11111111111001100 4
11101111011001101 2
11110111110111100 1
11111110011001100 2
11100110011001111 2
01110111011011100 1
11101110111111000 1
11101111111011111 2
11111110011111110 1
11100110111001011 1
11110110011100110 1
10110110011011100 1
11110111011101011 1
11100111111011110 1
11110111011111110 1
11101111011011101 5
11111110110111101 1
01110111011001111 1
11111111011111100 3
11001110111011110 1
11110111011100101 1
11111111001001110 1
11001111011111111 1
01101110111001101 1
11100111011011100 4
11100110111011100 1
11110110101101111 1
11100111111011111 3
11101111111011110 3
11111110111011000 1
11111110011101110 3
11110100011001101 1
11101111001111100 1
10101111111011111 2
11100110011101111 2
11100110011001110 1
11100110111101110 1
11100111110001111 1
11110110010101100 1
11100111011001101 2
11101111111101100 2
11100110111011111 2
11001111011001110 1
11110110111111111 1
11101110011101111 3
11110110010001100 1
11101110011000101 1
11111111011101100 4
11110101011101100 1
11101110011111101 3
11100111110001110 1
11001110111111110 1
11100110111111001 1
11111110011011100 3
11110110010001110 1
11100111111111101 1
11111110011001111 5
11111111011001100 4
01101111011101111 1
10101111011011101 1
11000111111001111 1
11110110110101101 1
11110110011101100 3
10100110011011111 1
10111110011101101 1
10101110011011110 1
01100111011001100 1
11101110111111111 1
11111110111001011 1
11111110111011111 6
11111110111001110 2
11100110011011100 5
11111111110001110 1
01100111011001110 1
11100110010101111 1
11100110011011110 2
11100111111101010 1
01111110111011110 1
11101111100001001 1
11101110101101111 1
11100010011001100 1
11111111110001100 2
01100111011101101 1
11101110111101100 1
10111111011011110 1
11111011110001111 1
11101111011011000 1
11100111101001110 1
11010111111111110 1
10110110111011101 1
11101110011010100 1
11101110101111101 1
11100110011111101 4
11111110111111100 2
11100111101011110 1
11101110011001110 2
11101010011111110 1
11100111010101100 1
10110110101101101 1
11111110111111110 2
11111111011111011 1
11011110001111100 1
11101110111111100 1
11101110111101101 1
11111111011111110 2
11100111011011111 2
11111110011010110 1
11111111101101101 1
11111110011010101 1
11110110011011000 1
11101111011111100 1
11100111110101110 1
11100111111111100 1
11111111011001110 2
11100111011101110 2
11110111011010100 2
11011111011001101 1
10101110011011111 1
01110111111011100 1
11101111110111100 1
10101111111011110 1
11110111110011101 1
11101111111101110 2
11100111111101101 1
11111111011101101 3
11110111011110111 1
01100111111101111 1
01111110011101111 1
11101111011011100 1
11110100111011100 1
11100110111101111 1
11001110011011111 1
01110111011101110 1
11110110011000110 1
11111110011111111 2
01100110111001101 1
11101110111101111 1
11110111011101000 1
11111011111101101 1
11101110010011111 1
11110111111010100 1
11101111111111110 1
11101110111010110 1
11111110010011010 1
10111111111001101 1
11110111001111101 1
11111111001011111 1
10110110111011111 1
11111101011001111 1
11101110011011100 1
01100110010111111 1
11100110100100100 1
11110010111101010 1
11100111111111111 2
11110111111101100 2
10111110111001100 1
01100111111111111 1
11101111011101111 1
11111111111001110 1
11100110111111100 1
11110111101011110 1
11001111010111101 1
10101111011001101 1
10101111110101110 1
11101111101101101 1
11001110111011101 1
11100111011000111 1
01111111011110111 1
01111110111011111 1
11111111111111101 2
01110111011111110 1
00110110111011010 1
11100111011011000 1
11110010111101101 1
11111111010111111 1
