number of shots: 1024
more frequency result: 11111110111001101
11110101111001111 1
11111111101001101 1
11101100001101111 1
11110100111111100 4
11111110011011100 8
11101100111001100 1
11101110111011100 8
11100110111101100 2
11101110111101110 3
11101101011011101 2
11111111011000100 1
11110110111101101 2
11111100111111110 4
11111011011001110 1
11111110111011101 8
11111110011111100 8
11101100011101100 2
11100111011001111 2
11101100011111110 3
11111100111101101 2
11110101111011111 1
11101110011111110 3
11110111011101100 4
11101110011001110 4
11111110011011000 1
11100100111001100 2
11111111001001100 1
11100101011011101 1
11101111111011101 3
11110111011001110 1
11111100111011100 3
11001110111011110 1
11111111011111110 6
10111110011011100 1
11111111111001111 2
01111100011111111 1
11111111011101001 1
11101111011011101 5
11111110011011111 7
11111110111101111 4
11110111111011100 3
11101110111001110 6
11111111011011100 4
11101111011111110 7
11100110111111100 3
11110111111111101 2
11101110011011111 3
10101100011001110 1
11111101011111111 2
11111111011011000 1
11100110011011100 2
11101111000101101 1
11110110011101101 2
11111100011011110 3
11110110111011111 3
11101101111111100 3
11111101011101110 2
11111110111001100 5
11111111111011100 7
11111101011011110 3
11101101111101111 4
11100110011111110 2
11100101011011100 1
11111011011101111 1
11110111011011010 1
11111111111101111 3
11111101111101101 3
11100111111111100 5
11101100111011111 4
11100111011001110 2
11110110011101110 3
11111100011011100 3
11111110111111101 2
11101110001011111 1
11100110011101001 1
11111111011111111 5
11100111111101101 1
11111110111001101 9
11110110011011111 3
11111110111111100 7
11111001011001110 1
11111111011110001 1
11111110011111101 4
11111101111001110 3
11100111011011100 2
11101111111111110 3
10110110111101111 1
11101100011011100 3
11101111111111111 6
11101101011111110 1
11100111111111101 3
11101110111001111 5
11110110010101110 1
11100111101101110 1
11110111011111110 4
11111110001011111 1
11101111111001100 2
11101101011001100 1
10111110011111101 1
11110100111111110 2
11100100011011100 2
11111110111011111 4
11100111111011111 1
11101111111011100 3
11111100011001100 3
11111110011111111 6
11001110011101110 1
11101110111111100 5
11111110101001100 1
11101110111111101 3
11100110111111110 4
11111111011011111 6
11101110111111111 3
11110100111001110 1
11111111011011110 2
11111111111101100 3
10110110111111111 1
11100101011101111 1
11110111111011110 1
11110011011101101 1
11101110011001101 4
11101111011101110 4
11101101011001111 2
11100110011001110 1
11110100011011111 1
11111111111111111 4
11100101011001100 1
11101101111001111 3
11110101111011110 1
11111111011101000 1
11110100111001101 1
11001111111111111 1
01111101111111101 1
11111110111101100 2
11110110011101011 1
11110101011011110 1
11100111011011101 3
11101110111101101 2
11100111011101110 2
11101110011001100 5
11100110111101110 1
11101110111111110 7
11111111011111101 3
11101010011001110 1
11110111011001101 4
11111111011101110 2
11100101111011110 1
11101111011011111 2
11111101011111100 3
11100110111011101 4
11111110111111110 5
01110111011101101 1
11111111011101101 4
11111100111011110 4
11101100111011101 2
11101101111011111 3
10101110111011111 1
11101100111101101 3
11101111011111111 2
11101110111101100 4
11110101011001100 1
10111110011101111 1
11101101011101110 1
11100100111011100 1
11111100111111101 1
11111111011111100 7
01111101011101100 1
01101100111011100 1
11110110111101100 1
10110111011111100 1
11101100111101100 1
11111110011011110 5
11111110111011110 4
10111110111111101 1
11111100111111100 1
11100101111001111 1
11101100111101000 1
11101111011101101 1
11110110011111100 2
11111111111101110 3
11101111011011110 6
11101110111011110 4
11101111011011100 4
11110101111001101 1
01111110111111111 1
11111111111101101 5
11101110111101111 5
11110111111011101 2
11101101011001101 1
11101100011101111 2
11101111111101001 1
11100110011101100 2
11000111011101111 1
11101101111001101 1
11110101111111111 2
11111100011111111 2
11111110111101110 2
11100100011001101 1
11111111111001101 5
11110110111111110 2
11101111111001101 2
11111100111011111 2
11101110111011111 4
11111101111011101 2
11100110111011111 2
11111101011101111 1
11110111111110101 1
11101111111011111 5
11110111011001111 1
11111110011101111 3
11110110111011101 2
11101110011111111 1
11101101011101100 3
10111110011001111 1
11101110111001000 1
11111100111110110 1
11111111111001100 2
11110110111001101 1
11100111011111110 1
11111111011001111 4
11110111111001110 2
11110111111111110 1
11010110111101101 1
11101100001001110 1
11111110011001100 3
11110110011001111 2
11110111011101101 2
11101110001111101 1
11111111111001110 2
11110110111011110 2
11111110011101101 2
11110111011111111 1
11111110101101111 1
11111110011001011 1
11111101010111110 1
11111110011011101 4
11111110111011100 6
11111100011101110 3
11101101111111111 2
11100110011101101 1
11101110011111101 2
11111110011001101 1
11101100011111100 1
11110010011101100 1
11111110011001110 3
11111110011111110 4
11110110111111100 1
11111111011001000 1
11111101111111101 3
11101111011111100 2
11101111111111100 1
11101111011101100 3
11111100111001111 2
01111110011101101 1
11101100111111100 2
11111001011011100 1
11100111011101101 1
10111100111111101 1
11110110011101111 1
11101100111011100 3
01101100011011111 1
11110100011111111 2
11101101011111100 2
11100100011111100 1
11100110011011110 1
11111101011001101 1
11111111011001100 2
11110101111111110 2
11110110111111101 2
11111101111111111 1
11101110111011101 2
11101110011101101 3
11110110011111110 3
11111111111011111 4
11101111110001110 1
11111111011001110 5
11110111000011111 1
11100111111010111 1
10101110111101100 1
11110101011101111 1
11111111101001110 1
11100111011011110 1
11100110011001101 1
11101110011011101 2
11100100111111100 1
11101111011001101 3
11110110011101100 1
11010110011101110 1
10110111111011111 1
11011111011001101 1
11111100110001110 1
11101101111111110 4
11111100011011101 3
11111111111111100 4
11101100111001110 2
11111110111001110 3
11111100111101011 1
11100101011111111 2
11101100111011110 2
11111110111111111 3
11100110011111111 2
10110111011001101 1
11101111111101100 1
11111101011101100 1
11110110111001110 2
11111101111011100 1
11101111010001101 1
11111101111011110 2
11111111011001001 1
11101111111011110 4
11101110111001101 3
11101110011001111 4
11111111111011110 7
11111111111111101 1
11110110011111111 1
11111010111001101 1
11111110011101100 3
11111100111101111 2
11101101101101100 1
10111110111001111 1
11101100111101110 2
11110100011101100 1
11101110011101011 1
11111111011101111 1
11111110011101110 1
11111011011111101 1
11111100011001110 1
11101110011101100 2
11101101011001110 2
11101110010111101 1
01101111111111100 1
11110111111101101 2
11100111111001111 1
11111100011111101 2
11111101111111110 2
11110110011001101 1
11110111111111100 1
11111110111101101 2
10111101001111100 1
11110100111011110 1
11111000011010100 1
11101111011001111 2
10111110111011100 1
11101100111111110 1
11101100011101110 1
11111101101101100 1
11100100111101011 1
11111111111111110 5
11100110111111111 1
11100110011101111 2
11111110111111000 1
11111110001101101 1
11101101111101101 1
11101100001111101 1
11101110011101111 2
11101110111001100 1
11101111011100100 1
11110111111101100 3
11111111101111100 1
11110111111101111 2
11101100111001111 1
11110111001011110 1
11111111010101101 1
11101101111101001 1
11101111111111101 1
11111100001101101 1
11101111011101111 4
10111110011111111 1
11100111011101111 3
11110110111011100 1
11110010011111100 1
11111110011001010 1
11100110011011111 1
11110100011001100 1
11111100011101101 1
11101111111101111 3
10111101111011110 1
11100111111001100 3
11111110011001111 3
11110110111001100 1
11110101111101110 1
11110101111111101 1
11011111111001111 1
11101111111101101 1
11111100011011111 2
11100111011011111 1
11111100011101111 1
11100101111011100 1
11110100011011110 1
11111100111001110 1
11110111011101110 1
11111010011111100 1
11110110011001110 2
11111101111100100 1
11101111001101111 1
11111110111001111 3
11111101111010100 1
11111010111001111 1
11110111111001111 1
11111100011001111 3
11110101111111100 1
11111100111011101 1
11110111011011111 2
11110101011001101 1
11101101011111101 1
11111111101010101 1
11111101111011111 2
11110101011111111 2
11110110011000110 1
11101110011011100 2
11111100011111110 3
10110111011001111 1
11111111011011101 1
11111101111111011 1
11111101111001111 1
11101111101110110 1
10110110111011101 1
11110101011001111 2
10110111111111100 1
11101111011001110 1
11111111001101100 1
01101000011101101 1
11101110111110100 1
11100111111011100 1
11111101011101101 1
11110111111100111 1
11110110011001100 1
11111110010101110 1
11101110010101100 1
11101111101011111 1
11101100011101011 1
11101101000101111 1
11111101011111101 1
11110101011001110 1
01100101111001100 1
11111011011001100 1
11101111011001100 2
11101101111011101 1
11111100101101100 1
11101011111001100 1
11100111011111100 1
11110101001011101 1
10100111011011100 1
11101011111101111 1
11111100110111100 1
11100100011011101 1
11111101011111110 1
11111101011011101 2
11100111011101100 1
11101100011001101 1
11101111111001110 2
11111110101111110 1
11110111101001111 1
11101110110001110 1
01111100111001111 1
10110110011001110 1
11101110011011110 2
11100100111101110 1
11101111101111110 1
11111101001101111 1
11110110001101100 1
11100101111101100 1
11001111111111000 1
11110110011011101 1
11111010011001110 1
11101111111000100 1
11111100111001100 1
11110111011111101 1
11100100011111111 1
11111110111101000 1
11100111111011110 1
11110100111100110 1
11100110011111101 1
11101111111001111 3
01111111111111101 1
11101100111111111 2
11111100011001101 1
11110110011011110 1
11100110111011110 1
01110111111111110 1
11101111001011111 1
11101100111111101 1
11101101111011110 2
11111101111101111 2
10101110011101100 1
11110100111001111 1
11110100111011100 1
11110100111001011 1
10101111011011111 1
01101110111101101 1
11101101010001101 1
11111111001101101 1
11111101011011111 1
11101110111101000 1
11110110111001111 1
11111110101001110 1
11111100011111100 1
11101101111001110 1
11110101111100101 1
01101110011111101 1
11111110010011111 1
11111100110011111 1
11100100011101101 1
11110101011101100 1
11101101001101111 1
11110100111101110 1
11100100101001110 1
11110111111111001 1
11101111011111101 1
11110111011011100 1
01111101011011101 1
11111111111001010 1
11110111111001101 1
10111101111101110 1
11110110011011100 1
11111111011101100 1
11110111011101111 1
11101111111101110 3
11110100011111110 1
11111100111000100 1
11100110111011100 1
11100110111101111 1
11101101111111101 1
11111101010010100 1
11011101111101101 1
11111101111001101 1
11111100111001101 1
11110100111111111 1
10110101111001101 1
11101101101011111 1
11101111001111000 1
10101101011001100 1
11100111011011000 1
11101010111101111 1
11100110110101101 1
11111110001111100 1
11111101111101110 1
11110100111111101 1
11110100111101111 1
11111101001011101 1
11101100011111111 1
