number of shots: 1024
more frequency result: 11111111111001110
11110111011010111 1
11101111011111101 3
11110110111101110 3
11111101011001110 3
11111101011011111 3
11111110111001100 12
11111111011001100 18
11111111111001110 26
11111111010101101 1
11111111111001111 20
11111110111011101 3
11111010011011101 2
11111011111001111 2
11110110011001101 7
11111111111011100 15
11111110111101111 2
11111111011011111 15
11110110011001100 12
11111110111001101 8
11111111011101101 5
11111111011001110 14
11010111110111111 1
11101110111111111 4
11110111111011111 2
11111111011111101 9
11110110111101100 2
11001111111111100 1
11001110011101100 1
11110110001011000 1
11110110111111101 3
11110111111111110 3
11111100111111101 2
11111110011111101 3
11111110110001101 1
11111111011001101 12
11110110111000101 1
11110111011011101 2
11111110111101100 5
11111111111001101 19
11101111111001100 5
11111110011001110 6
11111110011011101 6
11101111011000100 1
11111110111001111 7
11101111011001111 5
11110110011011111 4
11111100011001110 2
11111111111011110 11
11111111101111100 1
11111111011001011 1
11111110011001101 7
11100101110001101 1
11101111111111101 2
11111010011001101 2
11111100001101101 1
11110111011111111 2
11101110011001101 3
11110110111001111 7
11101110011001110 5
01111111011101101 1
11111111011001111 14
11101111011001110 5
11111110011001100 13
11100111111011110 2
11110111111111001 1
11111111111011001 2
01111111011011100 1
11111100111011111 1
11110110111111111 3
11110101011100110 1
11111011011001111 1
11111100111101110 1
11111111011011100 9
11101110011011111 3
11101110011101101 3
11110111011001100 3
11111011111011110 1
11100110011101111 2
11100101111001111 1
11110111111001110 4
11111101111000100 1
11101111111001000 1
11111110011001111 11
11111111011111100 5
11101110011011100 2
11111101111011111 1
11111110011101101 5
11111110111111100 3
11101111111011110 6
01111111111001101 1
11101110011101100 2
11110111011111101 3
01111101011001101 2
11111111111101101 7
11101101111011101 1
11001111111001101 1
11111100011001101 4
11000100011101101 1
11111110111111110 2
11111100111001111 5
11101100111111101 1
11101111111001101 4
11111111111001100 16
11111101111111111 1
11111110111001110 7
11111111011111111 3
11110111011101110 1
11110111111001101 1
11101111011111110 4
11101000011011100 1
11111110111011111 7
11101110111111100 2
10110110011011101 1
11110110111001100 9
11111100110111110 1
11100111111001111 2
11111111111101100 6
11101011111011100 1
11111110111101110 5
01100111111011110 1
11101111111111100 1
11110111001011111 1
11110111111101101 2
01101110111001111 1
11100010011011101 1
11110111111001111 3
01111110011001100 1
11111011011101111 1
11111111111101111 4
11111110111011110 5
11101110011011110 1
11101100011101100 1
11101111011111111 2
11101111011011100 2
10111110011001110 1
11101111101001101 3
11111101111001110 2
11100111111001101 2
11101111011001100 3
11100110111001110 3
11100110111011101 1
10101101011101111 1
11111101111011110 1
11111011011101100 1
11101111011011101 2
11110110011001111 5
11110110011011100 2
11111110011011110 5
01111111111011100 1
11110111011011110 1
11111111111111101 7
11111011111111110 1
11101111111111111 1
11100110111111101 2
11111111010001101 1
11110110011101111 2
11110111111011100 3
11111111011101100 7
11101111011101101 2
11111111111000110 1
11110101011001100 1
11111011111111100 2
11111100011011100 1
11111111101001110 2
11001111111001111 2
11111111111011111 4
11110111011001101 2
11100110011101101 1
11111100111001110 2
11111111111001000 1
11110010011101100 1
11101111111001110 5
11110110111001110 5
10110011011011100 1
11100110011001100 1
11100010011001101 1
11110110111001101 4
11101110111001111 2
11111111011010101 1
11101110111001101 6
11111111011111110 4
11101100111001101 1
11111010101110110 1
11111010011001110 3
11101110111001110 3
11000111011111111 1
11101111011001101 5
11111111001001100 1
11111101011111101 1
11111100011101100 1
10101111011101100 1
11110111011001111 2
11101101011101110 1
01100110111001111 1
11110111111001100 3
11100101011101100 1
11101111011011111 4
11111110011111111 1
11101110111101110 1
10101111101001010 1
11111110011110110 1
11101101011101111 1
11011111111001100 1
11101101010101101 1
11111111011011110 4
11101111011101100 1
10101111111101111 1
11111110111111111 4
11111111011011101 7
11110111111011101 3
01100111001101101 1
11111110011101100 4
11111100011001111 1
11111101011001111 2
11111101111011101 1
11110110111001000 1
11101111111011101 2
11101111111011100 2
11101110011100101 1
11111111011010111 1
11111111111110110 1
11111111111111111 4
11101111111001011 1
11101111111101100 2
11101111111101111 2
01101111011111101 2
11100111011111100 1
11101111111011111 2
11111100010011101 1
11110110011011101 1
11111111111011101 5
11110111011111110 1
11110110010111100 1
11111111101101110 1
11111010011011110 1
11101111010011100 1
11110111011111100 1
11101111011011110 4
11110101111111110 1
11111110001111101 1
11111111111101110 3
11111110011111100 2
01110110011111101 1
11111100011011110 2
11111110011101110 3
11110101011011111 1
11111110111011100 3
11110100011111111 1
11111011111001110 2
11011111111001101 1
11101010111011111 1
11101101011011101 1
11100111111011111 1
11111100011101101 1
11111101011011110 2
11100110011001110 2
11111101011101100 1
10101111111011111 1
11100111011101101 2
11111011011001101 2
11111100111101100 1
11100110111011100 2
11101010011011100 1
11110110111111100 1
11111111111111100 4
11111111011101110 4
11101110111001100 3
11100110111111100 1
11101111011101111 4
11111100111001011 1
11111011111001101 1
01110111111001110 1
11100110011001111 1
11111011011001110 3
11100110011001101 1
11111101011101101 1
11101100111101111 1
01111111111111111 1
11101101011001100 1
11110110011111100 1
11111100111011101 1
01110110011001110 1
11101110111101111 1
11110110111011101 2
11100111011111110 1
11100111011001110 3
01101111011011100 1
11110101011001110 3
11101111111001111 4
11111111011101111 3
11111101011111100 1
10110110111011110 1
11110101110011101 1
11111100111001101 2
11101100011001111 1
11110111111011110 1
11111110111111101 2
11111100111011100 1
11001111111111111 1
01111100111111101 1
11110111101001101 1
11110110111111110 1
11110111011101100 2
11111110011101111 3
11111101010001111 1
11111001011001110 1
01111111111001000 1
11101110111011100 1
11111111011000101 1
11111101111011100 1
11111111110011111 1
10111111011001101 1
11111100111101111 1
11100111011001101 2
11111110010111111 1
11111110110111101 1
01111111011001111 1
11110100011011100 1
11111110011011111 1
11101101111001110 1
11111011111011111 1
11111111111111110 2
01001111111101111 1
11110111011011111 1
11101111111111110 1
11001100111001111 1
11110111111111101 1
11110100010011110 1
11001110011001111 1
11100101011101101 1
11110110011101101 3
11111111111000100 2
01111110111101111 1
11110110011001110 4
11101110111111011 1
11110011011001101 1
11111101111001111 1
11101110011111110 1
11101010111011110 1
11100110011011101 1
11101111010011110 1
11100110111001100 1
10101100111001100 1
01101111011001110 1
11100110111011111 1
01111110111001100 1
01110111011001110 1
01111100011001101 1
11100110011111100 1
11110110011100111 1
11111100010001101 1
11110110111100111 1
11111010111011110 1
11100111011011110 1
11101011011001100 1
11001110111001110 1
11111101011101110 1
01001110111001110 1
11110111111101100 1
11111111110001110 1
11100101111010110 1
11111100111011110 1
11110110001111100 1
11101110111101101 1
11111111111000111 1
11101110101001111 1
11111111111000101 1
11101111011101110 1
11100101011011110 1
11111100011111110 1
11111111011111000 1
11111111110111100 1
11001111011011100 1
11111010011011100 1
11111011011011100 1
10101110111111101 1
11101111001001110 1
11111011011001100 1
11110100111101101 1
11101110111011110 3
11100110011111110 1
11001111111101111 1
11111110011000111 1
11111111010101110 2
11110101011000010 1
11101010111011001 1
11110110011111110 1
11110110111011110 1
11111100011111100 1
01111111111101111 1
11111111011001000 1
11101110011111100 1
11111110001101100 1
11110110011101110 1
11110100011001111 1
11111101011001100 1
11101110011001111 2
11100111111001100 1
11111110111001001 1
11111110011111110 2
11111100111001100 1
11101111011111100 1
11101110011110100 1
11101100111011101 1
11111011111011100 1
11110110001011101 1
11101110011101110 1
11110111011101101 2
11110111011000101 1
11101101011001101 1
11110110111011111 1
11110011111011111 1
11110100101001101 1
11111101111101100 1
11110010111001101 1
11100110111001101 1
11010110111001110 1
01101111111011101 1
11111101111001101 1
11110101011101111 1
11110111011000110 1
11111100011001100 1
11110110101101101 1
11110101111011111 1
01110111011111111 1
11111111110111101 1
11101110111011101 1
11111111011010100 1
11111111001111100 1
