number of shots: 1024
more frequency result: 11101111111001101
11100111011001111 7
11100100111001111 2
11111110011001111 3
01111111111001101 1
11101110111101111 9
11110111011101111 5
11100111111001101 5
11101111111000111 1
11111110111000101 1
01101111111001100 1
11101111111001101 13
11110110011111111 3
01110110111001011 1
11101111011001111 7
11100110111001111 6
11111100111101111 1
11110110111011000 1
11110110111001101 6
11100111111101101 10
11111110011001110 3
11110110111001100 8
11111110011011111 4
01101111011101010 1
11100111111101110 3
11110111111101100 2
11101111111101110 3
11111111111101101 6
11100110111101110 8
01100111111101101 1
01101110111001100 1
11100111011001110 3
11111110111110111 1
11100111101111101 1
11101111110101101 1
11101110011101100 4
11110111011001010 1
11101110111001101 9
11101110111001111 3
11110111111111110 3
10111110111001111 1
11100111011101101 9
11100110011101111 10
11100111011111100 1
11111110011101100 3
11101111111111101 3
11101110011001001 1
11101111011001101 3
11111111111001110 3
11110110011001111 5
11100111011011111 2
11111110011001010 1
11101110111011111 2
11110111111101000 1
11111111011001101 6
11101111111001011 1
01111111111101111 1
11100111111001111 11
11111110011111000 1
01101111011101100 1
11110111111011111 3
11100111011001100 3
11101111011101100 6
11101101010101111 1
01111110011001101 1
11100110011001101 9
11110111011101101 9
11100110111001101 4
11111111111011111 2
11111110111101111 5
11110110111111100 1
11100110111001100 3
11110111011101100 5
11111111011000100 1
11101111111101111 8
11110111111011011 1
01110111011001101 2
11101110111000101 1
11111111011001111 4
01110110111111100 1
01111110011101100 1
11100111011111101 3
11110110111101111 8
10101101111101110 1
11101110011001100 4
11101111111101101 5
11000111111101111 1
11111111111001111 6
11110111111101011 3
10100110111001101 1
01100111111001001 1
11100110011111101 4
11101111111001110 4
11100111011001101 9
10101110011101110 1
11101111111101000 1
11110111011001111 3
11111110111101101 2
11111100011001110 1
11100111011111110 2
11100110011101100 1
11111110111001110 3
01100111111101110 2
11110111011111101 1
11100110011011111 3
11101110111101110 2
11101110011111110 2
11110111111101001 1
10100111111101111 1
11110111011001000 1
11110111111111100 2
11101100110001101 1
11111110011111110 2
11111111011101110 3
11110111011100110 1
11110110111101100 5
11100111011101110 4
11111011111011111 1
11100101111101100 1
11111100011101101 1
11100111111001100 3
01110111111001111 1
11100110101101110 1
01101111111111101 1
11111010010001110 1
11100101011001101 3
11111110111011111 2
11100010111101111 1
11111011111001100 1
11100110011101110 4
11101010111101100 2
10100111011001000 1
01111110111101111 3
11110110110111010 1
11101111111111110 2
11101110111101100 1
11110011011001110 1
11101110011101111 4
11110111111001110 3
11110110011101111 5
11100111111001110 6
11101111111001111 7
10101111011001110 1
11111111011101111 4
11100110011001111 5
11101110111111101 4
11101111011111111 1
11111110111001100 1
11111111011101001 1
11111110011100100 1
11101100011101111 1
11111111111001101 3
11100111111111110 3
11101110011001111 6
11100111011011100 3
11101101111011101 1
11110100011001111 1
11110111111101111 3
11110111011111111 3
11110110111111110 1
11010110011001111 1
11110111111001101 2
11101111011011111 2
11111010011100101 1
10101110011011101 1
01111111011111110 1
11101111111001100 5
11111111111101100 4
11101111011101101 8
11110111011011110 2
11110111010101101 1
11100111111001010 1
11101110011001101 5
11100110111101111 6
11101110011111111 1
11101011011111111 1
11110110011001011 2
11101111111100110 1
11101110011111101 3
11100111111111101 3
11111111011011000 1
11101110111011101 3
11100011111101100 1
01110111111001100 1
11101111111101100 1
11101110011101101 4
11111111011101101 5
11111110111011001 1
11110110111001110 5
01111111011101111 1
11100110111101101 10
11101000111110111 1
11100110111011100 1
11110110011101110 7
11110111011101011 2
11110111011001110 6
11110100011001011 1
11110110011101001 2
11111110011101101 3
11110110011100110 1
11100110111110100 1
11100111111011101 2
11100110111011111 2
11111110011101110 1
11110111011111100 2
11101110111101101 7
11111111111101011 1
11101100111001110 1
01101110111101001 1
11100110011001000 1
11100111111101100 4
11100111001001100 1
11100111111000110 1
11100101011111110 1
11111110111111100 1
11100111111101111 3
01100110011011110 1
01110101011001111 1
11110111011001100 6
11100110011101101 5
11100100111101100 1
10100100011101100 1
11000111011001111 1
11111111011001110 3
11111011111111010 1
11011111011001111 1
11111111011010101 1
11110110111001111 4
11110111011101110 2
11111111011101011 2
01100111011111011 1
11111110011001101 2
11110011011101001 1
10101110111101100 1
11100111011110100 1
11110110011001000 1
10111111111001110 2
11100011011101100 1
11110101011001011 1
11110110011101100 3
01110110011101101 1
11110100111001001 1
11110111111111101 1
11101111011101001 1
11100110011001100 3
11110100111001111 1
11110111111001010 1
00101111011101101 1
01111111011001111 2
11111111111101111 2
11111111011111111 2
11110111111111111 2
11101100011001011 1
11101111111111111 1
11100111011011101 1
01000110011101100 1
11110111011001101 3
11110110011011110 1
11100111111011111 2
00110110111101001 1
11101110011011111 2
11100101111001101 1
11101111011011101 1
01110111111001101 1
11110111111001111 3
11101110011101011 1
11110110011101000 1
11100111110011101 1
11110110010111100 1
11111110111001101 1
01110011011101110 1
11100110011011100 1
11100110111011110 1
11101111011101111 5
11110110111101101 3
11110100111001100 1
11110110011001101 5
10110110011111111 1
11100111011100101 1
11110111011101010 1
10111110011001111 1
11100111011101111 4
11101111011111000 1
11101110011111100 2
11110101111101111 1
11101111111011110 2
11111111011111100 1
11100110011011110 1
11111101111001101 1
01110110001001101 1
11101111011000101 1
11111011111101100 1
11110101011111111 1
10110111111101100 1
11110110011011011 1
11111110111101110 3
11100110111111111 3
11100110010001110 1
11100111001001001 1
11100111011101100 1
01111110011001100 1
11100110111011101 1
11100010111101110 1
11111100111111100 1
11101110111010110 1
11111111111101110 2
01110111011111101 1
11101111011001110 3
11100110111101100 2
11101110011011101 1
11101101111001101 1
10111111111001100 1
11100111011111001 1
11111110011001100 5
01100110111101110 1
11110111011101001 1
11100111111000111 1
11111101111001111 1
11111111111111011 2
01100111011100110 2
01100110111101111 1
11100110011111100 1
11111011110101111 1
01101110011101101 1
11110110011001110 4
11110110011101101 4
10111111011101110 1
11111101011011111 1
01101110011101111 2
11111110011101111 4
11101101111101100 1
01100110011101110 1
11111101111101100 1
01100100011101111 1
11111110011111111 2
11111110111011101 2
10101110111101110 1
01110110111111111 1
11111111011101100 1
11101111011111101 1
11111111111001011 1
10100110111011101 1
11110110111011111 1
11100101111101111 2
11100010011101110 1
11100100011101101 1
11100111011001001 1
11111110111001111 4
10110101011001110 1
11011111111101100 1
11100110101001100 1
11110110011100101 1
11110111111101101 2
11100100011101001 1
11101111011101010 1
11110110010011100 1
10111100011111111 1
01101111011100111 1
11101011111101100 1
11110011011111110 1
11101100011111101 1
01101111111111110 2
11110111111110100 1
01110111111101110 1
11110100011111101 2
10111111111011101 1
01110100011001100 1
10110111011111110 1
11101100011001111 1
11100011011001101 1
11111111011001100 3
01110110011101011 1
10101111011011111 1
11111111111111110 2
10100110111001100 1
01100111011101100 1
11111010011101110 1
11100111111100111 3
10101111011101111 1
11111110011110111 1
11100110110111111 1
11111111111111111 2
11101100111111101 1
11101011111101110 1
11100110011101010 1
11100111111011100 1
11100110111101001 1
11110110011011101 1
01110110111101111 1
11110110111011100 2
11101110111101011 1
11101110111001100 1
11111111011111101 1
01111111111101110 1
11101110111001110 1
10101111111101110 1
01100110011011111 2
11100010011101100 1
10101110011101101 1
11111111011100100 1
10110111111111100 1
11100111111100101 1
10101111111001110 1
11000011111111101 1
10111110011001101 1
11111110011011110 2
11110100111011111 1
11101100111001111 1
10100111111001101 2
01101110011001101 1
01111110011101101 1
11100110011001001 1
11111111011100110 1
11110110111001011 2
11100110110100101 1
01110110111101011 1
11111110111101100 1
01110111011001110 1
11101111111011101 1
11110111011011111 1
11101010011001111 1
11111110011000100 1
11100110111101011 1
11101101011001111 1
01111111111111101 1
11110111111011110 1
01101111111101100 1
10110111111101111 1
11100100011100100 1
10111111111001101 1
11110011011001101 1
11100101111111101 1
01111111011011101 1
10101110011011011 1
11110111111011001 1
11111111111001100 1
11110100011111100 1
11100111111111010 1
11100100111011100 1
11111111001101100 1
11100110111111101 2
11111111111100100 1
10110111111001110 1
11101110011011000 1
11100101111011111 1
11100110111001001 1
01111110111001110 1
11110110111101001 1
01110111011101111 2
01100111011111111 1
11111111011111110 1
11110111011001001 1
10100100011011100 1
11100111011101001 1
11100110001001111 1
11101110111011100 1
11110110111011101 1
11110010111101110 1
10110110011001101 1
01100111011101101 1
11110100111001101 1
11110111111101110 1
11101110011011100 1
01110111010111111 1
11110110011111110 1
11100111011001011 1
11110110011011111 1
11111111010000111 1
01100111010101111 1
11110111111001100 2
11101111011011100 1
11110110010011111 1
11100110010101101 1
11100111111111100 1
11110110111111111 1
11111100111101110 1
11100111111001000 1
11100010011101111 1
01110111111111111 1
01110110111101101 1
01101110010001010 1
01111111110011101 1
11100100011001001 1
11000110111111101 1
01100010010001110 1
10100110011101110 1
11010110011101101 1
11111111011101010 1
10101100111011100 1
11111101011101101 1
01111100111001101 1
11101110110001110 1
10100110111001111 1
01111111111101101 1
11100110111000111 1
01100111011101111 1
01110111011001111 1
11110111011101000 1
11100111011011110 1
01111110011111111 1
11110110011111101 1
11101110111111111 1
11110111111001000 1
10110111111101101 1
10110111111101010 1
11101110011100111 1
11110111111001001 1
11011110011111110 1
01101111111101111 1
10111111011001100 1
11100110011001110 2
10110110011101100 1
01110010111101101 1
11110011111101101 1
11111110011101011 1
01100101111101110 1
10100111111101101 1
11111110111111111 1
11111011011001101 1
10101011011101111 1
11101111011000111 1
11001110011101111 1
01110110111001111 1
11101010111001111 1
11100110101101100 1
11110111111000101 1
