number of shots: 1024
more frequency result: 11111111011001111
11100111111010100 1
11101110011101101 2
01101110111011101 1
11111111011001111 11
11111111111001111 8
11100111010001110 1
11111110011111111 6
11011111111001101 1
11101110111111101 9
11100111111011101 4
11111111111001110 2
11011101111101101 1
11011110111101101 1
11100111111101010 2
11111111111111101 6
11110110111011101 6
11111110111111111 8
11111110111001111 10
11010111011011101 1
10101111011001111 1
11111111011101111 10
11101111111101111 10
11110111111011100 1
11000110111001111 1
11111111111101111 10
11000111111101101 1
11111111111111111 7
11111110011101100 2
11100111111001101 3
01101111000101111 1
11111110011001111 6
11101110111001101 6
11100111111101101 4
11100111011001101 1
11110110011111100 5
11111111111101101 5
11101110011101100 3
11101010111111101 1
11110110111101111 8
11100110111011111 3
11110111111111111 2
10111111011101101 1
11110110111001111 9
11111110111101111 10
11111111111011101 7
11101111011000110 2
11110110111001101 7
11101110011001110 1
11110111011001101 3
11101111111101110 2
11101110011111101 9
11101110011011111 4
11011111011111101 1
11111110111001101 9
11101111111111111 3
11101111011001111 6
01110110011101110 1
11110111111011111 2
11111111011111010 1
11101111111111101 10
11101110011001101 6
11101111111001111 6
11100111111111101 4
11101111011011101 6
11111110111101010 1
11100110011111111 3
11110110011111101 2
11110110011101101 3
11111110001011101 1
11111010111101111 1
11100110011011101 3
11110110101011101 1
11101110111101111 4
11001110111111111 1
10101110010001101 1
10110111010011101 1
10100111111001101 1
11011111111111101 1
11101101111011101 1
11111111011011101 6
11011111111001111 3
11101110111111100 1
11100110011101111 7
11100110111001111 7
11100111011011110 1
11110110111111110 2
11111110010011111 1
11010111111001111 1
11101111111111001 1
11101111101111101 2
11001111111001110 1
11001110111101111 1
11101110011001111 10
11111111111101100 2
01011110111111111 1
11101100011111101 1
11101110011010110 2
11110110111111100 1
11110111111101101 4
11101111010111101 1
11111110010101111 1
11110101111011101 1
11110110011001111 1
11100111011101110 1
11101110011111100 2
11101110011111111 5
11110111111011101 3
11111111111001101 9
11101111111001101 5
11100010100101101 1
11101110011110110 1
11101110101111111 1
11110111101101101 1
11110111111001110 2
01110110111111111 1
11111110111011101 10
11111110011101111 9
11110110111101101 4
11100101111111101 1
11100110111101111 8
11100110111011100 3
11100110111111111 5
11011110011101111 1
11111111011011100 3
11101111111101101 4
11111111010001110 1
11111111011111111 7
11100111011011100 2
10101110111101111 1
11010111111101111 3
11101111011111100 1
01111110111011100 2
11100110011110100 1
11110110011101111 3
11001110011111111 1
11101110111011101 4
11110111111001111 6
11100111101101111 2
11111111111111110 4
11100110011001111 4
11110110111111111 2
11101111011000101 1
01111110011101111 2
11110111011101101 1
11101110111111111 7
11111110011101101 4
11100110111111101 4
11101111011101111 8
11111111111011111 4
11101111111000101 1
11110111111111101 5
11101110111110100 1
11110110111100100 1
11100111011111101 3
11101110011101110 3
11110010111101101 1
11101110011101111 2
11010111111101101 1
11111110011001110 2
11100111111111111 5
11101110111010100 2
11101111111011111 5
11011110111011000 1
11001111011011101 1
11110110001101111 1
01101110111001110 1
11111111011111100 1
11100110111011101 5
11101110111001110 1
11100101111111111 1
11111111011111000 1
11100111111001111 4
11110111111101010 1
11111111011111101 8
11111110011001100 1
11110111011110111 1
11101010111111111 1
11010110011001101 1
11101110111111010 1
11111110111011111 7
10111110111111100 1
11110110111001110 1
11101111011011111 2
11111110111111110 3
11110111111101111 4
11111100111001011 1
11110110110101111 1
11111111011101100 1
11101111001011111 1
11101111001011101 2
11111110111001100 2
11110111011101010 3
11110110011001101 4
11111110011111101 9
11101111111100100 2
11000110011001111 1
11001111111101101 3
11101111011001101 4
11100111011001111 1
11111110111101110 4
11111110011000110 1
11001110011111101 1
11100110011011100 4
11100110111001101 1
11010111111111101 2
01101111111101110 1
11111111011101101 3
11111110011101110 2
01101110111101100 1
11101111111000110 1
11011111011001101 1
11100110111101101 5
11101111111111110 2
11101111111011101 4
11111110011011111 4
11111110111101101 8
11110111011100110 2
11011110111111111 1
01111110111011101 1
11111110111001110 2
11110110010011101 1
11101111111111100 2
11101111011111110 1
01101111111001111 1
11111110111011110 1
11110111011001111 4
11100111011111111 1
11110110011101110 2
11110011110011111 1
11111110101111101 1
11111110011011101 3
01101111010101110 1
11101111011111101 5
11110111111011110 1
11110110111011111 5
11110110111101010 1
11111111010001100 1
11111110011011110 1
11100111011101101 1
11110111001001100 1
11101110111101101 2
11011110011101110 1
10101111111101101 1
11111111011001100 2
11110110101111101 2
11110110011011101 5
11101111011011110 3
11110100001111111 1
11101110111111011 1
11111111011001101 4
11101110011011010 1
11111111011011111 5
11011110111011101 1
11011110001101101 1
11111111111011100 2
11110110111111101 5
11101110011111001 1
11101110111011111 5
11101111011111111 2
11111100111001110 1
11110110011111111 6
11110111111111110 2
11001110011011111 1
11000110110111111 1
11001111011011111 1
11011110111111101 3
11100110111111110 3
11101110111011110 3
11110110011011111 2
11001110111101101 2
11111111001101111 1
11100110011111110 1
11100111111011110 1
11101110011001100 1
11101110111001111 9
11110110111011100 1
11111110001111101 1
11100110111001010 1
11110111011111111 2
11101110111011100 3
11101011111111100 1
11111111111101110 3
11100111011101100 1
11100110111111100 2
11111111011000100 1
10101110111001100 1
01101111011011100 1
11100111111011111 4
11100110111101100 4
11001110111011100 1
11110111101001111 1
11100111111101111 4
11110111111101100 2
11100111011101111 3
11111111011101110 2
11111110110111101 1
11001111111111110 1
11100110111001110 1
11010110111011100 1
11110100111001111 1
11101110011001010 1
11101111011001011 1
11111111110101111 1
11001110011111110 1
11111110111111100 2
11110011011101111 1
11111110111111101 3
01110111111001111 1
11101111010011101 1
11100100111111111 1
11111110011001101 2
11101111011001110 2
11100110011101110 2
11100111011011101 2
11100110010111101 1
11101110101001111 1
01100111011111111 1
11111111011001110 1
10101110011101111 1
10100111111101101 1
11011111111101001 1
11101110101001110 1
11011111111101111 1
10101111011101111 1
11111110101101100 1
01110111111111101 1
11110110011011011 1
01111111101010100 1
11110111011011101 1
11000110111011000 1
11100110011011111 3
11010111011111101 1
11001110001101111 1
01111110111111111 1
11011110011111111 1
11100110111011110 1
11100110011001100 1
11111111111000110 1
11111111111011011 1
11101110111101110 4
11101110010011111 1
11111110111000111 1
11001111011111111 1
11101110011011000 1
01100110111011110 1
11101110010001111 1
11101110111100100 1
11100111010101101 1
11011111001011100 1
11010110111111101 1
11010100111011100 1
11101111111001100 1
01111111011011101 1
11110010011111101 1
11111110111011100 2
11101111110010110 1
11101110111101100 1
11100110111011010 1
11100110011101101 1
11100100011111100 1
11111111010111101 1
11100110111111000 1
11011110111101111 1
01111110011011101 1
11111111101101110 1
11100110011111101 1
01100110011101111 1
01111111010001111 1
11101110111110111 1
11000111111011110 1
11100111011111100 1
11101110001101101 1
11001110011001101 1
11110111011111101 3
11100111001111101 1
11110110111101100 1
11000111011001111 1
11010110011011101 1
11110110110011111 1
11000111111111101 1
11101111101011111 2
11111111001101110 1
11010110111001111 1
11101110111011011 1
11110110111011110 1
11101111111110111 1
11111111111011110 1
11110110011101100 1
01111111111011010 1
11101111111011110 1
11101011011001101 1
11111110001111111 1
11100110111100100 1
11111110011011001 1
11101110101110100 1
11101110101101111 2
11100110001011100 1
01110110001011101 1
11100100111101111 1
11101111011101101 1
11110111011101110 1
01111111011001111 1
11111110011011100 1
01100111111111101 1
11101111011010011 1
11001111111001100 1
11100111101011100 1
01001110001111111 1
11001110111001101 1
10110110111001101 1
11101111101001101 1
11101111001101111 2
11110111011000111 1
11101110011111110 1
11101111101111111 1
01111111011101111 1
11111011011111111 1
11100110011101100 1
11110110110111101 1
11011111011001110 1
11001110111111101 1
01011110011001111 1
11111110011111110 1
11100111011011111 1
11110111001111100 1
11000111111011111 1
11101011011111111 1
01111110111101010 1
11111111111011000 1
11101111111110110 1
11011110001111101 1
11011111011011111 1
11010110111101101 1
01111100011101110 1
11111111011110000 1
11011111111101100 1
11111011011111101 1
01110111111111110 1
11110110101001111 1
11001110011011101 1
11101111001110110 1
11100111011001110 1
11111111101101101 1
11001110011101101 1
11111110010001011 1
11100100111001111 1
11100111111001100 1
11011111011111110 1
10100110011111111 1
01101110111111111 1
11101111111010101 1
01100110011101101 1
11010110011101101 1
11101110101011111 1
11011111101001101 1
10111110011001111 1
