number of shots: 1024
more frequency result: 11111111111001101
11111110111001110 11
11111111111101110 6
11111110111011101 7
11110110011001100 4
11111111111001101 33
11111111011001110 7
11111110011101110 1
11110110011001110 7
11111110011001101 12
11111111111110100 2
11101111101001101 1
11111110111011100 4
11111111111001110 18
11111111111111111 22
11111111011010111 1
11101110111011111 2
11111110111001111 28
11111111111001100 10
11111110111101101 15
11110110011111101 5
11101111011001001 1
11110110111001101 10
11111111111111101 17
11110110011101101 6
11111111111001111 33
11111111111011110 5
11110110111101110 2
11011111111001111 4
11111110111111101 12
11111110011001111 16
11111111011111101 6
11111110111001101 20
11110111011001101 6
11101110111001101 8
11110111011111100 1
11110110011001101 10
10111111011001101 1
11001111111000100 1
11101111011101101 1
11111111011001101 15
11101111111111101 3
11110110111001110 6
11111111011001111 14
11111110011001110 6
11110110111011101 4
11111110111001100 6
11110111011111010 1
11010110001001101 1
11001111111001101 1
11110111111111110 3
11111111111101101 9
11111110111010100 1
11110111011111101 4
11111111011101111 6
11111110011101111 8
11111111111101111 14
11111110111111111 9
11111100111100100 1
11110111111001100 6
11111110011111101 11
11111110011111111 8
11010101111001100 1
11100110011111101 1
11101110111011110 1
11101110011001101 3
11111110111111110 8
11110111111001111 8
11111111111011101 17
11111110111101111 9
01101110111111111 1
11111111110111111 1
11110111011001001 1
11110111111011000 1
11110110111001111 16
11110111011100110 1
11010111111001111 1
11111110111101100 5
11101110111111111 5
11110111111001101 8
11110110111111101 5
11110000111111100 1
11101111111101111 2
11110111011101101 6
11110110111111111 7
11110110011001111 9
11101111111001111 5
11111110011000110 1
11111111111011111 6
11011110011101101 1
11111111111111110 5
11100110011001101 3
11111110111111100 7
11111110001001111 1
11101111111101101 2
11101111111001100 1
11110101011001111 1
11110110111101111 6
11110111111111111 9
11100110111001111 2
10101111011001101 2
11000111011101101 1
11101110111111101 2
11101110111101101 3
11110101111111110 1
11110110011011111 2
11110111010001111 1
11001011011101101 1
10100110111111110 1
11101111011011111 1
01100110111001111 1
11111110111011110 5
11101110111101111 2
11110111111001110 6
11110111011011110 2
11110110111011110 1
11101110011101111 2
11001010011101110 1
11110111010001101 1
11110111111011101 3
11110111111101101 4
11100111111101101 3
11110111111101111 4
11111110111111011 1
11110110111111100 2
11111010111001100 1
11110111111011111 2
11111101111111101 2
11111100111111010 1
11101110111001111 9
11111111011111111 6
11110110111001100 6
11111111111101100 8
11100111011001100 1
11111101111011110 1
11111110011101101 7
11110001111111111 1
11111011011001101 1
01101110011001100 1
11111111101001111 1
11111010111001110 1
11111111011011101 6
11011110011001101 2
11111110101011111 1
11111110011001100 4
11101110011111111 1
11111110011011111 1
11111110111101110 2
11111110110111111 1
11100111111001111 1
11111110011111110 2
11110110111011111 5
11101111111001101 5
11010110011101110 1
11101100111111110 1
11111110100101111 1
11111110011111100 2
11110110011000101 1
11111111111000111 2
11100110111111111 2
11110111011101111 4
11111101111001101 1
11110110011111111 5
11110110111101101 2
11110110011111110 1
11101110111001110 1
11101111011001111 2
11101110111001100 1
11001111111001111 3
11000111011001110 1
11101101111111101 1
11110111011001110 4
11111110010101101 1
11111111011001100 2
11110111011100111 1
11001111011001101 1
11111111011101110 1
11111100111001111 2
11100111111101111 1
11111110111000110 2
11110111011011101 1
11111111111111100 7
11110111011001111 7
11111011111001111 3
11011111111101100 1
11110111111111100 3
11110101111001110 1
11110111111101010 1
11001110111001101 3
11111110111011111 4
11111010111111101 1
11110011011001101 1
11001110111011100 1
11110010111111101 1
11111111011101100 1
11110111101011101 1
11101110011001100 1
11100111011001101 1
11111111011011111 2
11011111111111101 1
11101110011110001 1
11001101111001111 1
11110101011001110 1
11100111111011100 1
01100111111001111 1
10110111111011110 1
11110111011001100 2
11111111110001101 1
11110110011111100 1
11111111011111110 3
11110110011011110 1
11111110111000100 1
11111110101001101 1
11110110010001111 1
11110011011011111 1
11101111011001110 2
11110111011011100 2
11111100011011111 1
11111110011101100 3
11011110111011110 1
11100110111101111 1
11101111011001101 1
11111111111011100 1
11111111011000111 1
11101110011011100 1
11111101111101100 1
11001111011111111 1
11111100111001110 1
11101111011111111 1
11011111011101101 1
11111111110111101 1
11111111010100100 1
11111101011111101 1
11010110011111101 1
11100110111001101 3
11110011011101100 1
11111111011011110 1
01101111011101111 1
11110110001111100 1
11100110011011101 2
11110111011011111 1
11111110011011110 2
11100111110011110 1
10111010111011100 1
11100110111011110 1
11010111011111101 1
11111101011001101 1
01100101111101100 1
11110110111000110 1
11101110111111100 1
11100111110001101 1
11001111111001100 1
11001110111111111 1
11100011011111101 1
11011110111001101 1
11100111110001111 1
01101111011001111 1
11111111011111100 2
11111100111111111 2
11101111101011101 1
11110111110001111 1
11110111011101100 3
11010110111011110 1
11110111111011110 1
11110111111110100 1
11101111111011111 2
11000110111011111 1
11110110110001111 1
11110010111011100 1
11110110011011101 1
11101110011001111 1
11111011011011111 1
01101111111011110 1
11101111011001000 1
10101111111111110 1
11110110011101111 3
11010110111101111 1
11110110011011100 1
11010110011001100 1
10101111011110110 1
11101110101001101 1
11101111011101110 1
11110111111000111 1
11100111111111111 1
11110111111101110 2
11110111111111101 4
01100110011001111 1
11101111011000100 1
11111100111001101 1
11101110111011100 1
11101111011011100 1
11110110011110110 1
11000111111001101 1
11111111001001110 1
01000111011101110 1
11110110111111110 1
11111010111111111 1
11001111111101111 1
11111111101001100 1
11111101011011111 1
11101110011111101 2
11111010111001111 1
11111110111100100 1
11101110111011101 1
10100110011111110 1
11111110011011100 1
11100110111111101 1
11100100011111111 1
11111111111110110 1
11111111110001110 1
11101111111110100 1
11110111111101100 1
11101111111011101 1
11001110011111111 1
11111111110011101 1
11110111011111111 1
11100111111111100 1
11011111011001101 1
