number of shots: 1024
more frequency result: 11111111111001101
11100110011110100 1
11110110011011100 4
11110111111101000 1
11111111111011100 6
11100111111011101 4
11101111011111100 4
01101111011011111 1
11100110111011111 5
11110110011001100 8
11111110111111100 6
11111111011011100 5
11101110111011001 1
11110110011011101 4
11100110111111101 7
11100110111001100 8
11111110011101111 3
11000110011111101 2
11100110001001111 1
11111100111001011 1
11111110011011101 2
11101111011011100 5
11110110111011100 6
11100111111011111 4
11100111011011111 1
11100110111011110 4
11110110111111111 8
11100111011101101 4
11100111111111101 7
11100110011101101 5
11111111111001101 12
11111110111011100 6
11111110111101101 6
11100110111110111 1
11101111111001100 7
11100111011111101 2
11111111111011111 2
11110111111011110 4
11100110011101111 3
11101111011011110 2
11101111011111101 4
11110111011100101 2
11101111111011110 5
11101110011011110 1
11101111011011101 1
11101110111011100 4
11110110111111100 8
11101111111110010 1
11101111111111100 12
11100110111011101 7
11111110111111110 5
11111110011101110 3
11111110111001101 10
11101110111001101 7
11111111111100110 1
11100111011001101 5
11100111111011110 1
11110110111101001 1
11111111111101000 2
11101111111101110 6
11110110111101000 1
11101110111101111 4
11110111011000110 1
11101111011111110 3
11110110111111101 5
11110111011011101 2
11110110111011111 12
11110110111111110 6
11100110011011101 3
11110111101111100 1
11111111111111110 2
11110110111101101 9
11101110111001100 8
11101111111001101 3
11100110110111111 2
11111110011001111 2
11111111111111100 7
11110110111001101 10
11111111011011111 3
11100011111001111 1
11101110111011101 4
11110111111001101 4
11110110111001100 7
11110110101111101 1
11100111111011100 7
11100110111001111 9
11110110111101100 7
11101110111001111 3
11111110011001101 2
11111110111001100 3
11101111011011111 3
11111111111101101 7
11111111111001100 4
11101110011111110 2
11100111111111100 3
11110110111011101 9
11111110011101101 2
11111111111101111 3
11111110111001010 1
11101111111101101 5
11100110111001110 7
11111110111011101 2
11111111111001111 4
11100110111111100 5
11110110001111101 1
11110110011111100 4
11101111011001110 2
11101111111011101 6
11100110111100100 2
11101111110001101 1
11101111111001110 3
11100110111000101 1
11100110111001101 11
11100110111101101 7
11100110111101100 6
11110110011111101 7
11001110011001111 1
11111111011101110 1
11111010111111100 1
11110111111001100 5
11101110011101111 2
11101111011001101 2
11101110011101101 4
11001110111111101 1
11100111011011101 5
11100111101101110 1
11100110111111111 7
11110110011101101 6
11111111011001101 2
11111110111110111 1
11101111011101101 3
11111110011111101 4
11100110011001111 4
11100110011101110 2
11101110011110101 2
10101110111001111 1
11101110111101101 7
11110011111001111 1
11111111111111101 6
11100110011000100 1
11100111111101100 3
11110110011101111 3
11101111111001011 1
11101110111111111 3
11101111111001111 1
11110111011101110 1
11110111011001100 3
11111110111101100 4
11101111111111101 8
11101111111011100 5
11101110111111101 7
11100110011111111 4
11110111011111100 3
11100110111101110 3
11111111011101100 2
11111111011011110 1
11101110111101100 4
11100111011111100 5
11100010011010100 1
11110110111101110 4
11111111011111100 3
11110111111101100 4
11100111111111110 4
11101111011001111 4
11110110011111111 4
11101111111101100 4
01101111111011101 1
11110111111101110 3
11111110011001100 4
11110110111101111 4
11110110111001111 4
11111111011101111 4
11101110011011101 3
11100111011101111 5
11101110111011111 3
11001111111010110 1
11110111111111110 3
11110110111101010 1
11100110111101111 4
11110111011101100 1
11111110111101110 5
11111111111101110 2
11101111111111110 7
11111111111101100 5
11100111111001100 5
11101111110001111 1
11101111011111111 2
11110111111101111 4
11001111011101001 1
11101110011001101 4
11110110111011110 6
11001111011011101 1
11101110010001101 1
11100101111101111 1
11110110011101100 2
11100111011000111 1
11100111111000111 1
11101111111101111 3
11110110011011111 3
11110111011101101 1
11111111111001110 3
11111111011101101 5
11101110111001110 2
11110110011001101 3
11100111111001101 3
11101111111100101 1
11001110011101110 1
11101111011101111 3
11101111001011101 1
11101111011101100 1
11100011111111100 1
11100111111101111 2
11100110011111110 1
11110111011111101 3
11110111111011101 3
11110110110111100 2
11110111011101111 1
11110110011111110 2
11111110011111100 2
10101111011011101 1
11111111111011101 3
11101111111000110 1
01101111011111101 1
11110111011001001 1
11110111011001000 1
11100110111011100 3
11110111011111111 1
11110111111001011 1
11111110111000110 1
11001110011111111 1
11101110011011100 3
11100110011011111 4
11110111111101101 6
11110110111001110 4
11101110011111101 4
11101111111011111 4
11100110011001101 4
11100110111111110 5
11100110011111101 4
11111110011011100 1
11110111111111100 2
11100110111111000 1
11101110001111100 1
11111110111000100 1
11110110111100110 2
11101110111111110 4
11110111111111111 1
11101110111111000 1
11110010111101101 1
11101111111000101 1
11100111011111111 4
01101110111011100 1
11100111011101100 4
11101111111111111 3
11100111011101110 1
11100111111001111 1
11111111011111101 1
11100111111111010 1
01100110011001101 1
11110110011101110 4
11111110111001110 2
11110110011001110 3
11111111011011101 3
11100111011001100 2
11100110011011110 1
11111111011111010 1
11111111101111100 1
11100011111011110 1
11100111011101000 1
11100111111101110 2
11111111011110100 1
11100110011001100 1
11100111111001000 1
11110111111001110 1
11111110111111011 1
11100011011011111 1
11111110111001111 2
11110111011001101 4
11111110011101010 1
11111011011011101 1
11100111111000110 1
11100111111101101 6
11100011111001110 1
11111111111101010 1
11110111111011111 2
11100110011001110 4
11111111011111111 2
11110111011011100 1
11100010111101110 1
11110110011011110 2
11111111111111111 2
11110110011000011 1
11111110011111110 1
11101110011100111 1
11100010011011111 1
11111110111101111 1
11100110011111011 1
11100110111000110 1
11101110011011111 2
11000111011011100 1
11100110111001011 1
11110111111001111 1
11110111111111101 1
11110011111011101 1
11111101011111101 1
11110110111100100 1
11101111110001110 1
11101111111100100 1
11100101011101110 1
11101110011001111 1
11110110111000100 1
11111111101001101 1
11110011011101101 1
11111110111111111 2
11110110011101010 2
11001110111111100 1
11000110011101111 1
11101110111111100 1
11100110111110110 1
11100110011101100 1
11101110011101110 2
11111111011111110 1
11110111011111110 2
11000110011011111 1
11111110111011111 2
11100110111000100 1
11100110111101001 1
10101110011101111 1
11111110011011111 1
11111111111000110 1
11001110101111110 1
01100110011101101 1
01110111111011101 1
11110111111111010 1
11111111111011000 1
11010110110111111 1
11101111011010101 1
11100110110101110 1
11111111111100100 1
11110101011101100 1
11111111011001100 1
11101101111101100 1
11100110011111100 4
11111111111100111 1
11111110111111101 1
11100111111000101 1
11110011111111100 1
11110111111011100 1
11110110111010101 1
11101110011001100 2
11110110011000100 1
11110110101111110 1
11101110011101011 1
11001111110101111 1
11111110011001110 1
11111110011111111 1
11001111111001100 1
11111111111110101 1
11111010111011101 1
11000110111101101 1
11101110111101110 1
11111111101101100 1
10111111111111100 1
11110110101111111 1
11110111111100100 1
11101110011101100 2
11111111001011101 1
11111010111111101 1
11100111011111000 1
11100111011101001 1
11100111111001110 1
11111111011001111 1
11011111011111101 1
11111100111111111 1
10101111111111110 1
