number of shots: 1024
more frequency result: 11111111011111101
11111111111111111 12
11111111111101101 22
11101111011111100 3
11101110011011100 1
11101110011001101 5
11111111011111101 31
11101111011101101 6
11101110111101101 6
11111111111101111 12
11100111001001101 1
11111011011001101 1
11111111011101101 17
11110110111011101 4
11110111111111101 8
11110110111111101 13
11100101111111111 1
11101111011101111 5
11101110011101111 4
11100111011101101 2
11101111011111111 5
11110011111011101 1
01101111011001111 1
11110111101101101 2
10101110111011111 1
11111010111001101 1
11111111011001101 27
11110110011111101 10
11100110111011111 2
11111111111001010 1
11111111011101100 2
11111110001001111 1
11111110110011101 1
11100111111011101 1
11110111111111111 2
11111101111101101 1
11111111011001100 1
11111011011111101 1
11101110011111101 3
11111000111111101 1
11110110100001101 1
11111111111111101 16
11111110011111101 15
11111110011001100 1
11100111111001101 5
11111110011001101 19
11101110111111101 6
11111110111001110 3
11110110111001111 5
11111111111001111 10
11111111111001101 21
11111111111011111 11
11101111011001101 5
11100111101101100 1
10101110011001101 1
11111110011001111 11
11111111111011100 2
11111110011011101 12
11101110111001101 4
11111111011011111 11
01101111111011111 1
10101111011001111 1
11101111111111111 8
11111110111111100 4
11100110111111110 2
11101111011011101 7
10111110011011101 1
11101110011001111 2
11001110111011101 1
11110110011101110 1
11111110111001111 7
11111111101101101 1
11111110111101111 7
11110111011111101 4
11111110011101101 11
11110110011111111 4
11101110111011101 4
11111111111011101 15
11111110011101111 8
11111111011111111 9
11111101011101101 2
11101110011111111 2
11111110111111111 8
11001110111101101 1
11111110111111101 24
11110110111001101 10
11100110011001101 1
11111110111001101 16
11101010111111111 2
11111100111101111 1
11110111111001101 6
11101110111111111 4
11101111111101101 5
11110110111101111 4
11111110111011101 8
11111110011111111 10
11101111011111101 13
11100110111011100 1
11111100011011101 1
11111110111011111 6
11101111111001101 6
11110111111101101 1
11111111010101101 1
11100110111111101 3
11100111011001101 3
11111010111011100 1
11101111011001100 3
11101111111101111 7
11111100111111101 1
11111111011001111 6
11111111011001110 3
11111111101000110 1
11100111111011111 2
11100110111011101 2
11101001111111101 1
11101110010101111 1
11100111011111101 2
11101110011011101 3
11111111110110100 1
11111010011111001 1
11101110111001111 4
11101111011011111 3
11110111011011111 4
11111111111100110 1
11100110111001101 2
11100111011001111 4
11101110111001010 1
11101110011001100 1
11100010111011101 1
11101111111011100 2
11100110011001111 2
11100110111101101 1
11111111111101100 3
11110110011001101 8
11101110011001001 1
11101111111111100 1
11101111111111101 6
11101100111001101 1
11101111111101100 2
11111110011001011 1
11100111111001100 1
11101110111101110 1
11101111111001111 2
11101111110111100 1
11100100011011101 1
11100110011101100 1
11101010011111111 1
11111111111001110 2
11111111111111100 3
11110110011011101 6
11110110111011100 3
11111110011011100 3
11101111111011111 4
11110111011111110 1
01100110011001010 1
11111110111111010 1
11110011111001111 1
11110111011011101 3
11111110111101101 14
11111110111101110 2
11101100001011111 1
10111110011101101 1
01100110111011111 1
11000110011001101 1
11101110011111100 1
11110111011001111 6
11110101111101100 1
11101111111110111 1
11110010111111111 1
11111111011011100 3
11011110011011111 1
11101111111101110 1
11000110111101010 1
11100110111001111 1
11101110110001111 1
11100110011001100 1
11101110011001000 1
11100111011111111 1
11111011111001101 1
11101111111001100 1
11111101111011101 2
11111111011111100 7
10100111111101101 1
11111110010101111 1
11100110111000101 1
11111111011011101 14
11100111011001110 1
11100111011011111 1
11111100111001111 2
11110111011001101 5
11100100011111111 1
11101111011011100 1
11100111010001111 1
11111110111000100 1
11101110111011011 2
11110111111001110 2
11101111011001111 2
10100110011001110 1
11111110011011111 8
11001111101001101 1
01101110111111100 1
01101110111111101 1
11110110011011111 6
11111110011001110 1
11100111111111111 1
11111011111101101 2
11110110011001111 1
11110111011101101 4
11110111111001100 1
11101011111111101 1
10100011111011101 1
11101110011011111 4
11110110111101101 3
11110110111111110 2
11110110011101111 2
11010111111101110 1
11110111011011100 2
11110111111111100 1
11110110011101101 1
11110110011111110 1
11110111011000111 1
11111111011101111 4
01011110111101101 1
01100110011001100 1
11111100011111101 1
11111110111111110 1
10101110011101101 1
11111110011111110 1
11101110101101111 1
11100110111111100 1
11100110011111100 1
11111110011011110 2
11111111011111110 2
11001111011001101 1
11101110111001100 1
11111100111101101 1
11000110111111100 1
11101110111011111 1
11111010011001110 1
11111111011000110 1
11111100111111001 1
11110110111111111 1
10111011011111101 1
11111111001011101 1
11000110011101110 1
11101100111111111 1
11110111011111111 3
11111110011111010 1
11110111011111100 1
11111111011111000 1
11111010011001101 1
11111110001011100 1
11111111111001000 1
11111111001011111 2
11111110111011100 2
11111111010110101 1
11100111111011010 1
11111010011011101 1
11101111001011101 1
11111010011101111 1
11111111011110101 1
11110110010011101 1
11110111111001111 3
11101111111011101 1
11111110110001100 1
11110011011011100 1
11110110111011110 1
11110111111011101 2
11111011111011111 1
11100111111111101 1
11101111111011110 1
11001111111011101 1
01101011111011101 1
11111110011001001 1
11111110011110101 2
11110111111101111 2
10111110011101111 1
11100110011111111 1
11101111111101001 1
11111111111111110 1
11111010111111101 1
11100110111101110 1
11101111011111110 1
11111110111010101 2
11111110101001101 1
11111110111011110 1
11100110011000101 1
11110111110001101 1
11110111001111111 1
11111111101111101 1
11101110011101101 3
11101110011101110 1
11110110010101101 1
11111110101111111 1
11110110111110111 1
11111111111010101 1
11110110011011110 1
11100111111101111 2
11111010010011101 1
11111111110011101 1
10111111111011110 1
11111110011000110 1
11110111011101010 1
11110110110011111 1
11111111101001101 1
11111110111101100 1
11101101011011101 1
11111111011010101 1
11101111111111001 1
11100110101011101 1
11111010011001111 1
01101111111101111 2
11010111111011101 1
11111110111001100 3
11111111111101110 1
11111110111011010 1
11111111110001101 1
11111110110101101 1
11111111011011110 1
11110111011101110 1
01101111111111101 1
11111110111001011 1
11111110010001101 1
11101111100111101 1
11111110011101000 1
11101111011101110 1
11110011101111000 1
11111111101011101 1
11101101011111100 1
11101010111001101 1
01111111111001101 1
11111111011000111 1
11101110011101100 1
11111110010011101 2
11110110011001110 1
11010110011011111 1
11111110011010100 1
11111011111011101 1
11111011011111100 1
11100111011011110 1
11111111001101101 1
11100111111101101 1
11110111001111101 1
11110111111101110 1
11111110011111100 1
11111101011111111 1
11110101111001111 1
11110110110001101 1
11110011111111001 1
11111011111101111 1
11111110100011101 1
