number of shots: 1024
more frequency result: 11101110011101101
11111110111001111 2
11100111111101111 2
11101110111001100 3
11111110111011110 3
11110101111111100 1
10110111011001100 1
11101101111011101 2
11101111011001110 8
11110111011011100 2
11100111111001101 6
11100111011111101 4
11100101011001110 1
11101111111001110 3
11111111011001110 3
11100111111001111 2
11101110010101111 1
11101110011001111 8
11011111011001110 1
11100111011101101 2
11011100011101111 1
11101110011101101 12
11100111011001111 1
11001111111001101 2
11100111011011110 1
11100110011101111 4
11010111111011100 1
11111111111011101 10
11111111111001101 4
11111111111001111 8
11011110011011110 1
11101111111011101 5
11101110111111101 5
11100111111001110 2
11100111101111100 1
11001110111001111 1
11101111011111111 9
11101100011011110 1
11110110011001111 2
11111110111001101 5
11110110111111101 2
11111111111101110 2
11100111111111100 1
11101110011101111 5
10111111111101111 1
11101111011011101 9
11100110111001110 1
11101110100011111 1
11100110011011111 5
11101111111101100 5
11101111110001111 1
11110110111001101 2
11100110011011101 1
11101111111101110 5
11100110111011111 5
11101110011001101 12
11100110011001111 2
11101111111001101 8
11011111011001001 1
11111111111111110 5
11110111011101111 3
11101110111001110 3
11111110011001110 2
11111111111111111 4
11111110011001111 7
11110110011001101 3
11111110010101110 2
11110111111001110 3
10111110011101110 1
11100110111001100 4
11111110011011111 4
11100110111001101 9
10110101111011110 1
11010111111101111 1
11100111011101111 2
11101111011111101 8
11101111111101101 10
11110110001001110 1
11111110011101111 4
11110111011101110 1
11101111011111110 6
11101110111111100 6
11100110011101101 2
11111111011101111 8
11111111111101111 4
11111111011001111 5
11100111011100110 1
11100111111101110 1
11101110011011111 9
11101110011101110 3
11011111111001111 1
11001111111101110 1
11001111011011111 1
11101111111001111 9
11111111011011111 6
11110111111001111 1
11100111011011101 4
01101110011101100 1
11100110011111101 3
11101111111011111 7
11111111011101101 4
11100100111011111 1
11100100011001100 1
11101110011111100 3
11100101111111110 1
11010111111101110 2
11111101011101101 1
11111110011111100 1
11101111111011110 9
11101111011001101 6
11101110011001100 3
11111110111101110 7
11101110111101111 5
11100111111011111 6
11011111111101110 1
11111111111001100 3
11001110111001110 2
11101111011011110 4
11000110111011100 1
11111101011001110 1
11111110011011110 2
11111111111001110 2
11101010011011100 1
11100110111011100 1
11101110111001101 10
11111110111011101 5
11101110111101101 7
11110111111101111 2
11111110011101100 1
11110110111101111 2
11111110111001100 4
11101101011111110 1
11011111011101111 1
11111111111011110 1
11111110111100111 1
11100110111011101 4
11110111111001101 3
11111111111111101 5
11110111111101110 2
11101110010011101 1
10101111011111111 1
11010111111011001 1
11101111111111101 6
11001111111011111 2
11011010111111101 1
11111111111011111 5
11100110111111111 3
11101110011001110 2
11101111111101111 3
11110110011111111 1
11100110011001110 5
11011110111011111 3
11100110111101111 2
11100110011111111 4
10110111011011100 1
11101010111101100 1
11101110111011101 7
11101101111001111 1
11100110011001101 2
11001110011011100 1
11101110011011101 4
11001100111011110 1
11111110011111101 2
11011111111111111 1
11101010111011111 2
11101110111001111 7
11001110111011101 1
11111110111101101 1
10110110011011101 1
11111110011101110 1
10100100011011101 1
11100111111011101 6
11101110110101101 1
11101111011011100 2
11100111011111100 2
11101111111011100 3
11101111111100111 1
11101111011101100 3
11111111011111101 7
11101101111001110 1
11110111011001100 1
11101111011011111 5
11000110011111101 1
11110111011001010 1
11111111011101100 2
11011111111000101 1
11110111111111101 5
11111101011011100 1
11001111011011100 1
11001110011111101 3
11111111011011100 5
11110110011111100 2
11100111011001110 3
11111110011011101 6
10101110011101001 1
11101110011101100 4
11010110111011110 1
11101110011111111 4
01100101111011111 1
11110111011001111 1
11101110011011110 5
11100111111101101 3
10100110111001110 1
11001111011001101 3
11110110011011101 2
11110111001011101 1
11100111011001101 4
11101111011101101 4
11101111011101111 3
11101111111111110 6
11111111111101101 5
11111111111000001 1
11111110011101101 6
11100111111111110 1
11111110111101100 1
11010110011101100 1
11101110111101110 3
11101110110011100 1
11100100111011101 1
11111110111111111 4
11101111001011111 1
11001110011101100 1
11101110111111110 8
11110111111101101 2
11111111011111110 2
11111110011111110 1
11111111111101100 2
11100110001011100 1
11111110111011111 1
11110110011101101 4
11011110110111100 1
11100111111011110 2
11101111011001100 1
11001111011101111 1
11011111011101100 1
11101110011111101 2
11111111011001100 3
10101111011111101 1
11111110111101111 4
11111111011001101 5
11101101011001101 3
11111111011000111 1
11011110010111100 1
11100110111111100 2
10111110111011110 1
11111110011001101 4
11100111111011100 3
11100111110001111 1
11100111011111110 1
11101111011001111 11
11101110111101100 2
11001110011001101 1
11000111011111111 1
11111100111101101 1
11101101111001100 1
11001111111111101 1
11100110011011110 1
11111110011011100 4
10011111011101101 1
11101111101111101 1
11101110111111111 2
11110110111101110 1
01101111111001011 1
11111111011111100 2
11001111111101111 2
11001110111101111 2
11001010011111101 1
11100101011101100 1
11101110011101011 1
11111110011100100 1
11011111011011100 2
11111111110011100 1
11011111111111100 1
11110111011001101 2
11111110111011100 4
01111110111101101 1
11101100111111101 1
11111010111001111 2
11100111101001111 1
11100110111001111 4
11100111111111001 1
11100011111101101 1
11101110011111110 4
11011110111001101 1
11111111011111111 4
11110111111001100 2
11101010111111100 1
10110111111111101 1
11000111111011100 1
11001100011111110 1
11100110111111101 2
11001111111011101 1
11100011011111110 1
11011111011101101 1
11101110011011100 1
11101111111111111 5
11001110111101101 2
11001110011101111 1
11001111011011110 1
11110111110011100 1
11101101111101101 1
11111110111111100 2
11111111111111100 3
11101110111011110 3
11100111011001100 2
11000110011011111 1
11001111111001111 1
11100111011000111 1
11100111111001100 2
11111110111111110 2
11011110111111100 1
11101111111011011 1
11111100011101011 1
11101111010011110 1
11100110111101101 4
11100110011101100 1
11101111111000110 1
11100111111101100 3
11100111111111111 3
11100110011111001 1
11110111011111010 1
11110111011101100 1
11101111111111100 2
11101100011001101 1
11101101111101111 1
11010110111111100 1
11001110011101110 1
11110110111111111 1
11101110111011111 5
11011111011001100 1
10101110111101111 1
11101110111101011 1
11110111111011101 2
11111011011001100 1
11111110101001110 1
11111111011101110 4
11100101011001111 1
11100111011101100 4
11101101011011100 1
11100101011011110 1
11100111011011111 1
11110111111111111 3
11110110011011110 1
11011111111011110 1
11101111111001100 5
10010011011011101 1
11011111011001111 1
11101110011100101 1
11100111111111101 4
11110111111011110 1
11001111111111110 1
11000110011001100 1
11101011011101101 1
11101100011111100 1
11100110011001100 2
11011111111101111 1
11101100111001111 1
11111111111001001 1
11101111011111100 4
11101110111111011 1
11110100011101111 1
11101011111001111 1
11101010111011110 1
11001110011011101 1
00101110111001101 1
11010110011001110 1
11011111011111101 1
11111111111111001 1
11100010111101101 1
11111111011011101 3
01101110011111100 1
11100110011111110 1
11011111011011111 1
11001111011001111 1
11101010111101101 1
11001110011011110 1
11011111011001101 1
11101110111001011 1
11101100011011101 1
10011111011001101 1
11111110111111101 1
11011110011101111 1
01111110011011111 1
11101110110111101 1
11110100111101100 1
11101111111011000 1
11101110111011100 1
11111100011111100 1
11000101111001110 1
11101111011101011 1
11111011101111101 1
11000111111001101 1
11101101011111100 1
11111110010101010 1
11110110011011100 1
11001111111101101 1
11110111011101101 1
11000110011011101 1
11100110110011011 1
11110111011111110 2
11010111111111101 1
11101010011001100 1
11100110011111100 1
11110110111011001 1
11110110011111101 1
11010110111100110 1
11011110111001111 1
11111100011011100 1
11000111011011111 1
11111111011011110 2
11000111010011110 1
11110110111011100 1
11111110011001100 1
11000110111101110 1
11110111011011101 2
11100110011000011 1
11110101111011111 1
11001111011001110 1
11010111111011110 1
11111110010001101 1
11100111011111000 1
11110111111011111 1
11101110111110100 1
11111110111101001 1
11100111011111111 1
10111010011111100 1
11111011111011100 1
11101111110111101 1
11110111011111111 1
11001100011011111 1
01101110111011111 1
11101110001101101 1
11101111011111011 1
11000111111101111 1
11111111111011100 1
11100110111101110 1
11001101111001111 1
11000110111101111 1
11100110111011110 1
11101110101111110 1
11101110001011111 1
11110110101001110 1
10101111111001110 1
11000111111111111 1
11110100011011100 1
11111100011101110 1
11100110111101100 1
