number of shots: 1024
more frequency result: 11111111111111101
11110110111011101 12
11111111111001111 12
11111111111001100 4
11111111011101101 19
01100110111011101 1
11101111010111101 1
10000110011111101 1
11101111011011101 10
11011111011011101 2
11101111011111101 10
11100110011110101 1
11101110011011101 3
11111111011011101 22
01111111011011111 1
11111111101001101 4
11111111111011101 24
11100110111011110 1
11101111111101101 11
11110111111101111 2
11100111111010111 1
11111110111111101 10
10101111111011101 2
11101110111011101 5
11101111011001101 9
11111111011111101 13
10101111011011101 1
11111110111001110 3
11101111111011111 2
11111111011001101 17
11111111011001010 2
11100111011011101 1
11101110001011111 1
11110100111001111 1
11111111011001111 8
11110111011011101 3
11101111011111100 2
11100110111001111 2
11100110011011101 3
11101110110111100 1
11011110111011111 2
11111110011101101 7
11111110011011111 3
11100110111001101 5
11101111011111111 5
11011111011101101 1
11110110011111111 1
11111111111011111 17
11100110111101101 7
11111111111001101 19
11111111111101101 14
11110110111111101 10
11110110111001101 6
11101111111111101 10
11110110111101111 4
11111110111111010 1
11111111010001101 1
10101111111111101 1
01011111111111101 1
11101111111011101 10
11011111110001101 1
01101111111111111 1
11101111011101100 2
11111111011011110 3
11100111111111111 1
11010101111111101 1
11101110111011111 2
11111110111001101 7
11111111111100100 2
11101111011011000 1
11101110010101111 1
11111111111111101 25
11100110011001100 1
11100110111011101 5
11111111111111111 6
11111111001011111 1
11111111011011100 2
11101011011111111 1
11001111111001101 1
11101111011010110 1
10101111011001111 1
11101110011101111 3
11111111111010111 1
11111110111101101 11
01010110011111111 1
10010110011101101 1
11111110011011101 14
11111111111011010 1
11000110011111010 1
11101111011011001 1
11101110111111101 3
11100110011111111 1
11111111011101111 7
11001110011111111 1
11111111011101110 2
11101111111001100 1
01110111011101111 1
11101111011001001 1
11110110111101100 1
11110111101001111 1
11111010111111101 1
11101110111001111 4
01010110011001111 1
11111110111011101 13
11111100111101000 1
11111111001011101 2
10100111011101111 1
11101111011001111 6
11100110111101100 1
11001110111011101 1
11111111011111111 7
11101111110011101 1
11110111101011101 2
01100110111101101 2
11101111111110100 1
11110110011101101 5
11101110111111111 2
11101110011111010 1
11111111011010110 2
11110111111011111 1
11100110011111101 7
11100111011111111 1
11101011011011101 1
11100110011101101 3
11101111011111001 1
11110110011011111 2
11001111011001100 1
11011100010101101 1
11101110011001111 3
11110110011011010 2
11110110111101101 5
01101111011011111 1
11110110111011111 6
11111111011011111 6
11111111101111101 2
11011111011001110 1
11110110011001111 6
11101110111001101 1
11111110011100110 1
11111111101001111 1
11101111111001111 6
11110111011111101 3
11011111111101101 2
11111111111111100 1
11100110111111100 1
11111110011001101 7
11100110011001111 2
10101110011101100 1
11101111010101101 1
11101111111111111 2
11101111111011011 1
11110110011001101 12
11100111011001111 1
01110111111011110 1
11101100111111101 1
11110110011111101 11
11110110111011110 1
11101110111101111 4
11100111111001101 1
11110110001001101 2
11111110111011111 5
11101111011001100 3
01111111111101100 1
11111110011111110 4
11001111001011101 1
00101111011101100 1
11110110011101100 1
11101110011011111 2
11100110111001100 2
11110111111101101 5
11111111111011110 2
01111111011101101 1
01111111111011101 2
11111111111011100 5
11100111111011101 2
11111110011011110 1
10101111011101111 1
11000110011111101 1
11100111011011111 1
11101111101101101 1
11111110111001111 1
11001111011011101 3
11111111111101111 6
10101110111101101 2
11100110011011111 1
11010110001101101 1
10101111101001101 1
11000110011001101 1
11111111011011010 2
11110110011111110 2
11101110011101101 4
11011111111101100 1
11111111111111001 1
11101111011101101 9
11111011001001111 1
10101111011111101 1
11110110011000110 1
11101111111011110 1
11110110011000100 1
10001110111101101 1
11011110111101111 1
11100110111111101 2
11101111001101111 1
11000000011111111 1
11010110011101111 1
11100111001011111 1
11101111011111010 1
11110111011001111 3
11101110011001101 3
01101111011101100 1
11101111111011100 2
11100110011010110 2
11111111111101110 2
11110111111001101 3
01101110111101101 1
11111111101011101 3
11110110111001010 1
11100110011001101 3
11110111111011101 4
11011111011011111 1
11101111011011010 1
11111111111001110 2
11100111111011010 1
01101111011001101 2
11110111011101101 5
01101110011111110 1
11111111001111111 2
11001111011101101 1
01101111111111101 1
11101110011101110 1
10111110111101101 1
01101111010001101 1
11110111111111101 1
11110110011011100 4
10101111110011101 1
11110101011111100 1
11110110101101101 1
11101100111101100 1
11101110011111101 1
11110110001111111 1
11100110011001110 1
11101110010101101 1
11111110111101111 1
11101110011111100 2
11111110111011100 2
11110110011111100 3
10101111101101100 1
10111111101011101 1
01100110001001100 1
10111111011011101 1
01101111011111101 2
11100111111111101 4
11110110111111100 1
11111111011001100 1
11100111111101101 1
11110000011111101 1
10111110011001101 1
10100110111100110 1
01101111011011101 2
11111110011111101 6
11100110011101111 4
11101110111101101 2
11110110011001100 2
11110111011001101 1
11101111001011101 1
11101111110000110 1
11111110011101111 2
11111110011111111 3
11010110011111100 1
11110110011011101 10
11110110111001111 2
11110111111011100 1
11110110011001010 1
11100111001001101 1
11111111000011101 1
11110110011101110 1
11101111111001101 4
11111111101101101 1
11010110011111101 1
11111111011111011 1
10101110011011101 1
00110110111011101 1
11100111011011100 1
11110110111111111 3
11111111111111010 2
11101111111101110 2
01101110111101111 1
11110111011101111 2
11110110111011100 2
10110111111011100 1
11100111011001101 1
11011110011111101 1
11111110111101100 1
10011110111001101 1
11001110111001101 2
11101110111011000 1
11110111011111111 1
01111110011101101 1
11001111011001010 1
11111111011101100 4
11101110111100101 1
11111110110011101 1
11100110001101101 1
01101111111001111 1
11110110111001100 2
11111100011111101 1
11110110001101101 1
11110111111100111 1
11101110111101100 1
11111101111001111 1
11001111101111101 1
11111110111111100 1
10010010111101111 1
11110110011101111 2
11111110111000111 1
11110001111111101 1
11100010011111101 1
10101111111001111 1
11001110111001110 1
01110110011011101 1
11110110011100001 1
11111010011001101 1
10101111011001010 1
11111100101011111 1
10111111111011101 1
11100110111111111 1
11111111111100101 1
11110110001011101 1
11111111111001011 1
11100111001011101 1
11111111000101100 1
11111111111101010 1
10110110111111111 1
11011111111111110 1
11110110111010100 1
11011111111001111 1
10101111111111100 1
10110110011001101 1
01101111010011111 1
11100110111101111 1
11111110011101110 1
11101110001011101 1
11101111011011100 1
11101111111101111 1
11101111101011111 1
11111111001101111 1
11101110011000110 1
11101110111011100 1
11100111111011100 1
11110010011001111 1
11111111111001010 1
11001111011001101 1
11101110111001100 1
11111111111101100 2
10111110111111101 1
11111110111111111 1
11001111111101111 1
11001111111101101 2
01111010111111101 1
11100110101101101 1
11111110111011110 1
01111111011001111 1
11111110110111101 1
11011111011111101 1
11010111111011101 1
10101111111101111 1
11100011011011101 1
11100110001111101 1
11100111011111101 1
01110111010111101 1
11101111111001110 2
10101111111101101 1
11101100011101101 1
11111111111011001 1
11001110111101101 1
11011110011101100 1
11111010011011111 1
01000110011101100 1
11111111101011001 1
11110101011011100 1
01100110011111100 1
01101110011111011 1
11111110011001111 2
11001111001111110 1
11110101011111111 1
11011110111101101 1
11111111111000110 1
11001110011101111 1
11100110111101001 1
10110111011101101 1
11101111011101001 1
11111111111000100 1
01101111111011101 1
11101111101101111 1
11101111001101100 1
10101111011101100 1
11100110110011101 1
01101111111101100 1
11101110101011111 1
01101110110001100 1
11101111101111101 1
11111110011111100 1
11111110111001100 1
10100111011001110 1
01101110011111111 1
11110100011001111 1
11110111111111111 1
11111010111010110 1
11111111011100110 1
11110110010001101 1
11010111111101101 1
11111110001101101 1
11101111011011111 1
11001111011111111 1
11000111111001111 1
11101111011101111 1
11111111011001110 1
11110110101011100 1
11100110111111110 1
11111110011001100 1
11101111110101100 1
11011110111111111 1
01110111111001111 1
