number of shots: 1024
more frequency result: 11110111011001111
11111110011001111 8
01110111111001111 1
11101111111001111 4
11110111011011101 9
11110110011001100 1
11101110111001101 6
11110111111001111 16
11100110111111111 2
11111111111111101 2
11111001011001101 1
11110111111111101 12
11101101111111111 2
11110110111011101 3
11110111111101111 7
10110110011011111 1
11111111111111111 4
11110111111101101 11
11110111011111111 7
11111110111000100 2
11110110111101111 7
11110111111101110 4
11110110011101101 9
11111110011101111 5
11110110011111100 3
11110111011001101 7
11111111011001101 10
11100101111001101 3
11111111111101100 6
11111110011101101 3
11100110111101111 4
11110111011001100 9
11110110011111111 8
11101111001101100 1
11110111011101110 5
11110110111101101 6
11111111011101111 7
11101110111111111 2
11100111111111111 7
11111100011101111 1
11100110111011101 1
11110100011101111 2
11101101011001111 2
11011111111001101 2
11110110111000100 2
11100111011110111 1
11110111011111101 10
11110110111001111 9
01111111011101100 2
11110111011101101 7
11101111111101111 3
11110100111001101 1
11110111011001111 21
01100111011101010 1
11110110111011111 6
11111110011011111 4
11110110111001101 11
11111111011001111 10
11101110011001101 3
11110111111000110 1
11100111011001100 4
11111111011011111 4
11111110011000110 2
11101111011001111 5
11110111011000101 1
11111111011101100 5
11101110011001111 5
11100111101111101 1
11110110011001101 9
10101111111001100 1
11100110011100100 2
11111111111001110 3
11100111011011101 4
11110111011111100 9
11101100111111111 1
11100101111111111 2
11100110011001111 6
11110111001011111 1
11100110111001111 5
11110110011001111 14
11101111111001110 2
11110110111111110 2
11110111011011111 9
11100111110111111 1
11110111111101100 6
11100110011101101 3
11101110111000110 1
11110110011111110 3
11101111011101101 3
11111110111101101 5
11100100111101101 1
11111111011101101 5
10101110111011100 1
11110111011011100 3
11100100111101111 1
11110101011101000 1
11110110011101111 8
11100111111001101 9
11111110011001100 4
11111111111101101 3
11110110111111100 2
11111111011111101 2
11111111011001100 4
11100100011011101 1
11101111011111110 1
11110111011111001 1
11111110011111111 3
11110100111111111 1
11110111111111100 2
11101110111011111 1
10100111111001111 2
11100111011000110 1
11110111011101111 11
11111101111101111 1
11100111011001101 5
11100111011001111 6
11111110111001101 4
11111110011111100 2
11110111111001101 14
11111111111001100 3
11110111011001110 6
01110110011001101 1
11101110111101101 1
11111110011001110 3
11111110011001101 4
11000111111101101 1
10110110011001101 1
11111111011001110 4
11110110011011111 7
11100111011111111 2
11100110111001110 2
11100110111011100 4
11100110011101110 3
11111110011100101 2
11101101111111000 1
11110101011011111 1
11111111111111110 2
10001111011001100 1
11110110111001110 1
11100111011001000 1
11110100111001111 2
11110011011101111 1
11110111111111111 7
11101111011001101 2
11110110111111111 4
11101111011111101 1
11100111111101111 2
11111110111001111 6
11101110111001110 4
11110110011100100 1
11100111011101110 6
11100111011011111 2
10111111011001100 1
11100110011001110 2
11110110011010100 1
11100110011101100 1
11100100111001101 2
11110100011001101 2
11111110111011100 1
11111110111001100 4
11100110111100100 1
11110111111011100 2
11100111111111101 5
11111100111001101 1
11011110011001110 1
11000110111101111 1
11100100011001100 1
11111011011001111 1
10111110011011111 1
11111110011111110 2
11100110111100101 1
11110110111001100 2
11100111111001111 4
10101110011011111 1
11100111011001110 4
11110101111000100 1
11101111111011110 1
11111111011011110 1
11110101011101110 1
11110101111101111 1
11100110011001100 2
11111111111010110 1
11110111111011111 5
11100110011011111 1
11110111001001101 2
11100110111101110 2
01100111011001100 1
11110110011001110 5
11110110111101100 3
11100111111101110 2
11111111011111110 2
11100111011011100 2
11111110111001110 4
11100110011111100 1
11111111011111100 1
11110011111011100 1
01110111011101111 1
11101110011111100 1
10110111111001110 1
11100111001111110 1
11100111111101100 1
11101100011111101 2
11110111011011110 6
11101111011101110 2
01100111011011000 1
11111111111101111 3
11101110111001111 1
11111111011011101 3
11110111111011110 3
11110101011101100 1
11110100011101110 2
11100110111001101 2
11110111001001111 1
10110111111101111 1
11101110111011110 1
11111111111001111 2
11110110011111101 5
11110111011101100 6
11100111011111100 2
01110111011001100 2
11111111111011111 4
11001110111011111 1
11100110011001101 6
10101110011111101 1
11100100011011100 1
11111111011101110 3
10100110011001101 1
11101111111011111 1
11111111111001101 6
11101111011001110 2
11110101111001100 1
11110100011011110 1
11101110011101100 1
11111100011001101 2
01110111111010101 1
11011111111011110 1
11101111011011100 1
11110111111001110 4
11111110111011101 2
11101110011011101 3
11101111111111101 2
11100111111101101 2
10110110011101100 1
11100110111011110 1
11100111011101111 2
01111111011001111 1
11001110101001101 1
11101111011101111 2
11101111111010111 1
11111100011111111 1
11111110111111110 1
11100111011111101 2
11100110111011111 1
11100111111011100 1
10110110111001100 1
11010111011001101 1
01101110111111111 1
11101111011101100 2
11111111110111101 1
11110010111001101 2
11100111111011101 1
11101110011011111 2
11110100111011111 1
11111110011011100 3
11110110111011110 2
01111110111101101 1
11111110011011110 2
11100110011111111 2
11111111010101110 1
11101111011001100 1
11110111111001100 3
11100101011101111 1
11110110001101111 2
11001101111011100 1
11000111011111111 1
11110100011101100 1
11110110011101110 4
10111111111111110 1
01110111111001101 1
11110101111111111 1
11111110011011101 4
11110010111101101 1
11111111011111111 3
10110111011101111 2
11100111111001110 3
11111110111011111 3
11100110111111100 1
11110111111011101 1
11101100011001111 2
11101110111100110 1
11101110011101110 2
11110111011010101 1
10100110011101101 1
01100110111011111 1
11110101111001111 1
11110111111110100 1
01110111111111101 1
11111111011011001 1
10110111111101101 2
11110110111101110 3
11110111011000110 1
11011100011001111 1
11110111111111110 1
11111110011101011 1
11100111011011110 1
01110111011111011 1
11100111011101101 1
11100110011000110 2
11111110111101111 4
10101110111001101 1
11110110011101100 1
01101110011111111 1
11100110110001101 1
11110110001001100 1
11110100111100100 1
10110100111111101 1
11101110011101111 2
01111110011101101 1
11111100011011111 1
11100111111010110 1
11100100011101100 2
11100110011101111 3
11100110011111101 3
11111100011101110 1
11100000011001100 1
11111100111001110 1
11110110011000111 1
11011110011000111 1
01111111011001110 1
11101111111001101 1
11110100111101100 1
11111111011011100 1
11101110111111101 1
11110111110101101 1
11101111111001011 1
11010111011111101 1
11101111001001100 1
11100110011011110 1
11100111011110110 1
11110111111100100 1
11100100011001111 1
11100110111101101 2
11010111011100111 1
11111101111001101 1
11110110101001110 1
11100111011101100 1
11110111011111110 3
11111111111111100 1
11110111111000111 1
11100110111001100 1
11100101111000110 1
11111111111011101 1
11111110111111101 3
11001110011111101 1
11110011011001110 1
11110110001011101 1
10110111011101101 1
11101110011001110 1
10101110011101010 1
11111101011101110 1
11101111111101101 2
11110010011101101 1
11110111110001111 1
11101110011111101 2
11110110011110111 1
11110110111111101 2
11101100011011110 1
10111111011100101 1
11100111111001011 1
11111110011101110 1
11110110111001001 1
11110111101001100 1
11110011010011101 1
10101010111001111 1
11111111111100100 1
11100111111111110 1
11111110011100100 1
11101110111111110 1
11100111111111100 1
11111000111001110 1
10111111011011101 1
10101110110111101 1
11110110001011100 1
11111110111111100 1
01101110011001101 1
11101111111011101 2
11100111110001110 1
11111111011100111 1
11101100111000101 1
10110110011011101 1
01110110011101110 1
11111100011001111 1
11011111011001111 1
11110111011100111 1
11101111111001100 1
11111110111111111 1
00110111011100111 1
11110100011111111 1
11110110101001100 1
11101110111011101 1
10110111111111101 1
11110101011101101 1
11111110111111000 1
11110101011111111 1
11110110011011101 2
11110101011111100 1
11101111111111100 1
01110111101001101 1
11110111001111100 1
01100110011101111 1
11111110101001101 1
11101110011100110 1
11100110111101100 1
11110110011000100 1
11100000111001100 1
11111101111011111 1
10100111011001111 1
11110111011100101 1
11110101111111101 1
10110110011001111 1
01110111111011111 1
