number of shots: 1024
more frequency result: 11110111111001111
00110111111001110 1
10100110111011111 1
11111111111001110 9
11111111111111111 12
11110111011101101 4
11110110111001001 1
11101101011111111 1
11110110111101101 7
11110111011101000 1
11110111011001001 1
11101111111001111 5
11110111111001111 21
11110111011101110 1
11111111011011000 1
11111110111001000 1
11111110011011110 4
11110111111001101 15
11111110111101110 3
11110110011001101 9
10000111011111101 1
11101110111011111 1
11110111111101110 1
11111110011111110 3
11110111011011111 6
11110110111001111 17
11111010011101001 1
11111110011101101 2
11111111011001111 7
11111110011001101 6
11110111011001100 6
11100110011001010 2
11101111111101110 1
11100111111101000 1
11111110111001101 14
10101110111111101 1
11110110011111111 7
11100010011001000 1
11110101011011101 1
11111111011001101 10
11100111011001010 1
11110111111111110 4
11110111111111100 5
11110110011111100 4
11110111011001101 10
11111110011001111 11
11100111011001111 5
11100111011001101 3
11100111111101101 1
11110111111000101 1
11111110111001111 17
11101110111101110 1
11100110110001110 1
11100110111011100 3
11100111111011101 3
11110110111111110 2
11110111011111101 5
11111110111101101 6
11110111111001110 6
11110111011001111 10
11111111111011101 5
11111110111111111 10
11110111111101101 5
11111111011111011 1
11111110111001010 2
11110111011000110 1
11111110011111101 5
10110111111111111 1
11100111011101111 2
11110110111111101 3
11100101011001111 1
11111111111001100 7
11110111011001110 9
11111111011011001 1
11101111011001111 4
11110110111001110 13
11100110111101111 3
11100110111011111 4
11110010111001100 1
11110110111001101 9
11110110011101110 2
11100111011111101 2
11100110110101101 1
11111110011011101 3
11100111011011111 1
11111110111011101 3
11100111111101100 1
11111110111100100 1
11111111011011101 2
11010111111101111 1
11111111011001110 5
11111111111100110 1
11101110111101111 4
11101110011001111 6
11111110111001110 12
11110110111111011 1
11101111011111101 2
11111111011111101 4
11110101111101111 1
11111111111011111 3
11100011011101101 1
11111100111001111 1
11100110011001111 4
11111110111011100 1
11100110111111101 2
11111111111001111 11
11110110010001011 1
11110111111001011 2
11110110011001100 10
11110111111111101 3
11111111011101111 4
11111111111111010 1
11111110111101111 11
11101111111001101 5
01100110011001101 1
11100110111001101 4
11110011111111101 2
11101110111001100 5
11111111011001100 3
01111010011001011 1
11110110111001011 1
11111111111111101 9
11111110011001100 6
11110110111111111 8
11100111111001101 4
11110110011101111 7
11100111111111101 3
11111110011101111 4
11110111011111111 8
11111110011111100 1
11110101011001111 1
11110110011001111 5
11110110111101111 2
11101111011011001 1
11111010011111101 1
11110111111111010 1
11110110011001110 6
11111111111101101 7
11111111111111110 4
11110110111111100 3
11110110011011100 1
11101111111111111 2
11110110111001010 1
11101111011001101 8
11111110011111111 5
11110111011101111 5
11101111011001011 1
11111110110011101 1
11110111111111111 6
11111111111001101 11
11101111011111110 2
11101110111001110 1
11110101011001110 1
11100110011101111 1
11110111111001100 6
11101110011000101 1
11100110111110110 1
11110011111001111 1
11110111011111100 3
11111110111001011 1
11111111111101111 6
11100111111110110 1
11101110111001111 3
11111110110111101 1
11110111011011110 3
11111110011111001 2
11111111111011011 1
11110111011001011 1
11111111011111110 3
11111011011001110 1
11010110111001000 1
11101111111101111 4
11100111111111100 1
11111110011011011 1
11111111111001010 1
11111110111001100 6
10100111111001110 1
11100111111111110 3
11100110011111110 3
11111110110100101 1
11001111011011001 1
11110111111011010 1
11111011011111111 2
11111111011111100 4
11111101111101100 1
11110110111011111 2
11101111111111110 3
11101110111111110 1
11111011111111111 2
11100110011111100 1
11111111111101100 1
11111111111001011 1
11100111011111110 2
11111110111011010 1
11101111111001100 3
11110111011100111 1
11010110111011001 1
11101110111101100 1
11101110110111100 1
11111110111011111 4
11110110010001101 1
10100110111101101 1
11100111011011110 1
11110110011001010 2
11100111111011111 5
11100110111001100 2
11111010111001111 1
11111110011001110 5
01101111011001111 2
11100110111001111 4
11110110011001011 1
11110110011111101 5
11111110111111101 3
11110100111101101 1
11100111010101111 1
01101110111001111 1
11100110111001110 6
11100111011111111 1
11110111111101111 6
11101111111011101 1
11101110011011110 1
11101111011001110 2
11111111111101110 4
11101110111101101 2
11100101011011111 1
11111110110111110 1
11110111111011110 5
11111101011111110 1
01101111011111111 1
11100110111111111 3
11100111011001100 2
11101111111111101 3
11110110011111110 5
11110111111011101 3
11100111111001111 5
11111111011101110 1
11110110111101100 4
11110110111101110 4
11101110011101110 1
11000111111001110 1
11110111111011100 2
11111111011101100 1
11110110110111111 1
11110110011000110 1
11100110011011111 1
11110010011001100 1
11101111011111111 1
11111110010101111 1
11110011111111110 2
11110101111001100 1
11111110111011110 1
11110110111001100 7
11110110011101101 2
11111110001001111 1
11110110011011101 3
11101111011001100 2
11110111111011111 3
11100100111101101 1
11100111011101100 2
11111110011101110 2
11111111011110110 1
11100110111011110 1
11100110011101101 1
11100110011111101 1
11110110111011100 3
11111111110001111 1
11100110111111110 3
11111110111111110 5
11110111001011111 1
01111010011001100 1
11101110011001110 2
11101110111111111 3
11101111111101101 2
11101110011101101 2
11100111111001100 3
11111111010111100 1
11100110010001100 1
11110111001001110 1
11100111011011100 1
11101110011001100 1
11111110011101100 2
11101110111101000 1
11100110111011101 2
11101110111001101 3
11101110011111110 1
11110110010001110 2
11100110011001100 5
11111110111100011 1
11100110011011110 1
11101111011101101 5
11111110010001110 1
11100011110011111 1
11101111111101100 1
11110110011001001 1
11110011011001101 1
11110111011011100 1
11111110110001101 1
11100111111111111 2
11101110011111100 1
11110101011000101 1
11100111111011110 2
01101110011111110 1
11111110110011100 1
11100111011101101 2
11111110111001001 1
11110111010101101 1
11100110101101111 1
11101110011101100 1
11101111111001110 3
11101111111111100 2
11101100011001100 1
11101110111111101 2
11110110010101101 1
10100111011001111 1
11101111111011100 1
11101110011001101 1
11111101111111101 1
11110111010011111 1
11111111111011100 1
11110111110001110 1
11111111011111111 3
11110110011101001 1
11110110111011101 2
11100111111001110 1
11111110011011100 1
11111111011110111 1
01101110011001111 1
11100110011001110 2
11111111110101101 1
11110011011111100 1
11110100111111100 1
11101101111001111 1
11110111011111110 3
11110111011011101 2
11110111101101101 1
11111110010001111 2
11111111011011111 2
11111111111001001 1
11101110110001100 1
11111100011101111 1
11111111011101101 2
11101110110001111 1
11111111111111100 4
11110110011011110 1
11111110001011101 1
11100110011011100 1
11111110011001001 1
10101110111001110 1
11110111111101100 2
11111010111101111 1
11111110111101100 1
11110011011011110 1
11001111110011101 1
11110110010111111 1
11111111011111010 1
11100111111011100 1
11110111010001111 1
11100111110101111 1
10100111111111110 1
11111011111101110 1
11111100111101110 1
11111110111111100 2
11110110010111100 1
11100100111111100 1
11010111111111101 1
11101110111111100 1
11110111010110111 1
11101110011101111 1
11111100111000111 1
11111111111011110 1
11100111111101110 1
11111010111001110 1
11110110011101000 1
11111110011000101 1
11110110111011110 1
11110111011101100 1
11111111011101010 1
