number of shots: 1024
more frequency result: 11101111011111110
11101110111011110 4
11100110111001110 3
11111110011001101 1
11101111111001111 3
11101110111001110 7
11101110011011101 8
11101110111011100 1
11111111011101110 5
11100111011101000 1
11111111011011111 4
11100111011011100 2
11110111011111100 1
11111110011111110 2
11101111111001101 8
11101111110111111 3
11101110111101100 8
11101110111001101 7
11101111110101110 9
11101001111101110 1
11101111010101101 3
11101111111101101 4
11100110011011101 5
11101111011111111 7
11111111111001110 4
11101110011001110 4
11101111110101111 1
11101111010111100 6
11101110010011111 2
11100110110001110 1
10101111111011100 1
11111111111001101 2
11101110011111110 8
11110111110101101 1
11100110110001101 2
11111111111111111 3
11110110111101110 1
11101110111111111 6
11101110111101001 1
11101111110101100 4
11101110011111111 8
11110110111011100 1
11101110010111111 4
11111110111001100 4
11101110110111101 2
11101111011011101 4
11111110111111111 2
11111110111101100 2
10110011010101110 1
11101110110111110 5
11111111111001100 4
11101110101111110 1
11101110010001111 4
10101110011101110 1
11101100100011101 1
11111111011011100 1
11101110011111100 6
11111111111101110 4
11111110011001111 3
11111111011111101 3
11100110011111110 1
11101111011011110 4
11110111111011100 2
11101110011000101 1
11101110111111110 9
11100111111011101 2
11101011111111111 2
11101111111011110 7
11110111010011101 1
11111111111011101 5
11100111011011111 1
11101110011001111 8
11101110011111101 6
11110110011011110 1
11110110111100101 1
11111110010111100 1
11001110110101101 1
11101011011100000 1
11000111011111100 1
11101111011111110 13
11111111011011101 3
11101111111101110 4
11111111010001111 3
11101111111011101 6
11111111110111101 3
10100110111111110 1
11100110111101110 3
11101110110101111 2
11111110011011101 4
11100111011011101 3
11001111111111111 1
11111111111101101 4
11111110110100111 1
11110111011001101 3
11110111111111100 1
11101110010101110 2
11101110011011110 8
11101111011101101 5
11101111110111110 2
11110110011011100 2
11101110111110100 1
11110111011111101 2
11110111010011111 1
10111111111101110 1
11111110010011110 2
11111111001101111 1
11101101111011101 1
11111110010011111 3
11100111011101111 3
11111110111111101 2
11001110111001100 1
11101110011101110 3
11101110111111101 5
11111110110101101 1
11101111011001111 6
11101111111011111 4
11101111010101111 3
11110111010111111 2
11111110111011111 3
11100111111111101 1
11100010111001110 1
11111111110011101 3
11101110011111010 1
11110111111011110 2
11110111011111110 1
11101100100111110 1
11100110111101111 3
11111110110001100 2
11101110011001100 2
11110111110111100 1
11100111111001111 2
11101110010111110 2
11101011110101110 1
11101110011101101 6
11110111110101111 1
11111110111111100 4
11111110111101110 4
11111110110111110 2
11101111110011110 3
11101110111101110 7
01110111010011110 1
11100111010111100 1
11101110010011100 1
11101111011001110 5
11110110001001100 1
11100110011001100 2
11101111110001101 1
11111110011101100 4
11111111111101111 3
11101111111101010 1
11101110110101100 2
11101111010011111 1
11111110111111110 3
11111110011111111 3
11010110110111111 1
11110110010111101 2
11111110011101101 3
11101110110101110 6
11001111111101100 1
11111111011011110 4
11101111011011100 3
11111111010001110 1
11111111111011111 5
11101110111001100 4
11110111011101100 1
11111110010001111 2
11101111111101100 7
11111110111001101 3
11101111010111110 3
11110110111001101 1
11111110111011110 2
11111111110101101 2
11101110011011111 2
10101111111001111 1
11101100011011111 1
11111111110111100 1
11111111101011100 1
11101110111101101 8
11100111110111110 1
11110110011111101 2
10100110010011100 1
11111111010000110 1
11111110111001111 5
11111111001110111 1
10101110011111111 1
10111111011001110 1
01110110111111110 1
11111111011001100 5
11111111010011101 1
10101111111111110 1
11111111110101100 1
11111111111101100 1
10101111111001100 1
11111111110011111 2
11101110111111100 5
11101111111001100 4
11100111110101101 1
11101110010011101 1
11110110111011111 1
11110111011101110 1
11101110011100110 1
11100111110011100 1
11101110110101101 1
11101110011101111 3
11100111111011100 2
11100111110001100 2
11101111010001101 1
11101111010011110 1
11101111011101110 4
11100110011101100 3
11000110111001110 1
11001111111001101 1
11100111010011010 1
11101110111101111 4
11110110111111110 1
10101111011011111 1
11101111011111101 4
11101111011101100 6
11111111101111100 1
11111110111100111 1
11100110111011101 4
11100111111001101 2
11111110110101100 1
11101111111111101 5
11100111111101111 3
11111110111011100 3
11101111011001101 3
11101111001001111 1
11110110010001110 1
11110111111101111 2
11101110111011111 4
11100110011101101 2
11101110011101100 4
11100111111011110 2
11100110011001110 4
10101111010101111 1
11101111111011100 8
11101110011001101 4
11111111110001101 2
11011111011111110 2
11101111110100100 1
11100111011011110 1
11111110111101111 2
11110110011001101 2
11101111011001100 6
11101110111011101 5
11101011111111100 2
11101111110001000 1
10111101011111101 1
11101111010001100 2
11100111111111110 2
11101111011101111 6
11110110111001110 2
11111110110101010 1
11101111101101101 1
11111111010101101 2
11111110111001110 2
11111010011101111 1
10100110011101111 1
11110110011001111 2
11001111111101101 1
11101110110011100 2
11111111111111100 2
11110111110011100 1
11111111110001111 2
11101111111101111 7
11111111011001111 3
11100111110101110 1
11111111110101111 1
11000111011101111 1
11101111011111100 4
11110111011011111 1
11111111010111110 2
11111111011111010 1
10110110111101111 1
11001111011111100 1
11101111110011100 3
11111111010101110 1
11101111011011111 2
11110110011101111 1
10110110110111110 1
11111110111011101 4
11110111111101110 1
10111110011001111 1
11111111000111111 1
11000111010111101 1
11100111111011111 2
11111111011101101 1
11100111010011101 2
11110101011111100 2
11111110010001100 2
11110110011101101 1
11100110111101100 1
11110111011111111 1
01010111111001111 1
11101110010001110 3
11111110011011111 4
11110110111101100 1
11100110010011101 1
11101011111001100 1
01101110110111100 1
11110111110011101 1
11000111011001100 1
11100111011110110 1
11110111110111111 1
11100111010101110 2
11100110111111111 1
11100111111101100 2
11111011010101111 1
11111111111011110 2
11111110011011110 3
11101111111101000 1
11100110011111100 2
11101111111101011 1
11101111010011101 3
11100110110001100 1
11101110110111011 1
11111111111111110 4
11111111010001101 1
10111110011011100 1
11110110111111100 1
11101110001001101 1
11101110011011001 1
11001110111001111 1
11111110010101110 2
11110111010011100 1
11111110110001111 1
10111111111101111 1
11100110011011110 3
11100111011001111 3
11111111011111111 2
11100111010100101 1
11100110111001101 1
11111110011001100 2
11101111111111111 4
11111111110011100 1
11110110111011101 1
01111111011011111 1
11111110010101111 2
11101111110101101 4
11010111111001100 1
11101110010011110 2
11111111011001101 2
11001110011011100 1
11001110011011110 1
11111111011101111 3
10101111101001101 1
11100111011111101 1
11111110111101000 1
11110111111100100 1
01111111111101111 1
11111110010111110 1
11101110111001111 5
11101111111010101 1
11111110111101101 1
11111111010111111 1
10101111010011101 1
11101110010001101 1
11111111010111101 1
11111110101101111 1
11111111111001111 1
11111110101111100 1
11100111011001110 1
10100110010111101 1
11110111011011101 2
11111111110111111 1
01111110111011101 1
11111010011111110 1
10111110111101111 1
11101110011011000 1
11111101111001101 1
11110111111111101 1
11101010011111101 1
11111111010101111 1
10110110010011100 1
11100111010111101 1
11100110111001100 2
11101111111111100 4
11111110011111100 1
11101110111010101 1
11101110110001100 3
11111111110101110 1
11101111010011100 1
11101111110011111 1
11101110010111011 1
11111100110101110 1
11110111011001110 1
11100111010110110 1
10100110111011101 1
11101111010101100 2
11100110110111111 1
11111110011001110 2
11001111010001101 1
11111111000111100 1
11001111111101111 1
11101110110001111 1
11111101011101100 1
11111111010011111 1
11100111111100111 1
11111110110011110 1
11110111011101111 1
11101110110011111 5
11001110010001100 1
11100111011001100 1
11100111011111100 1
10111110111001111 1
11101111110001110 1
11111101111011111 1
11101110011101000 1
11100110110101110 1
11100110011111111 1
10000111111001101 1
11111111011111100 2
11100111110101111 1
11100011011101100 1
11101111111001110 2
11111110011100100 1
11100111111001100 1
11101110011011100 2
11110110111111101 1
11101110010111001 1
11100111010000110 1
11101111010001111 2
10111110110101101 1
10111110111011110 1
11111111010011110 2
11100110110001111 1
11111111011011000 1
01110110011101111 1
10110110111101110 1
11100110111011100 1
10101110011111110 1
11101111110111101 2
01111111010011110 1
01111110111101110 1
11101110110001000 1
11111111111001001 1
10101111111011101 1
11101111111111110 2
10100110011011101 1
11101111110111100 2
11100110110011100 2
11101110011111000 1
11001111111001110 1
11101111110011001 1
10100111011001001 1
11111111110111110 1
11101110010001100 1
11100111011101100 1
11111101110111100 1
11111110011011100 2
11110110011001000 1
10110110010011111 1
01101111011011111 1
10111111010111110 1
11100111011100100 1
11111111010111100 1
11101110110111100 3
11100110111111100 1
10111110110111100 1
11111010011101110 1
11100110111011111 1
10110110011101101 1
11100100111111100 1
11111111111111101 1
11101110110011110 1
11000111011111110 1
11111111111100111 1
11110111010011110 1
11101110010101111 1
11101110010101100 1
10100110111011111 1
11111110010011100 1
11110110110011111 1
11111100111101101 1
10100110111001110 1
10100110010111110 1
11110111111111111 1
11110111111011111 1
11000110111111110 1
11100110110111110 1
11111111011101100 1
11111110110001010 1
11111110110101111 1
11100111010101101 1
01101111011001111 1
11110010011010111 1
11101111010001110 1
11101100110111111 1
11110110110111101 1
11101110110001101 1
11111110110101000 1
11110110110001111 1
