number of jobs: 15
percentage of hits: 0.74%
more frequency result: 11111111111001101
bit a bit value most frequent result: 11111111111001101
11110110111001110 45
11111111011011111 91
11111100011001110 5
11111111111000110 5
11110110011001111 63
11100111111001101 46
11111110111011110 35
11110111111101111 46
11110110111101111 62
11110110011111101 56
11101110011011110 25
11101111011111101 58
11110110111111110 39
11100111111011100 22
11111110111111111 65
11110110111001111 94
11110111111111100 23
11101111011101101 60
11101111011001100 24
11011111011001111 5
11110110111011110 32
11101111011100100 2
11111111111011101 114
11111110111011101 78
11101111111001111 69
11100111111101100 18
11110110111011111 77
11110111011001110 34
11110111011011101 34
11110111011011110 17
11101111011001111 74
11110111111001100 36
11100110111111101 34
11110110011011110 14
11100111111011101 29
11101110111110111 2
11111110011011110 33
11101110111011101 44
11110110111011100 28
11110111111011110 32
11101111111101101 61
11101100111001100 2
11100110110101110 3
11111111110011111 4
11111111011011110 26
11110110010011101 3
11110110011101110 33
11101111111011101 55
11110111111001101 68
11111110011111101 65
11110110011011100 30
11110111111111110 27
11110111011111111 36
11101110011101110 20
11111110011011111 50
11101111111111111 50
11111111111011110 49
11110111011001101 57
11100110111101100 21
11101110011101101 51
11111111111001101 168
11111110011001101 71
01110111111111101 3
11101110110101110 7
11111110111101110 44
11101010111011110 3
11101111111101111 77
11110110011011111 38
01110110011011111 1
11100110011011101 21
11101110111011111 41
11100110111011110 18
11111110111011100 43
11100110011011111 23
11101110111011110 23
11111111011101110 36
11100111111011000 1
11110110111011001 2
11100110011101000 2
11111111111001111 160
11100110011101110 15
11100111110101101 2
11110110011001110 37
11100110111001100 26
11101111011011110 30
11111110111001101 118
11110110011011101 45
11101110011001111 71
11101111011011111 40
11100110011000100 3
11100110111111111 34
10101110111101100 3
11100111011011110 14
11110111111001111 77
11100110011001101 36
11110111111001110 38
11101110111011100 25
11101110011011101 32
11111110111101111 74
11010111111100101 1
11101110111001101 82
11100111011101111 31
11111110010011110 3
11111111011001101 124
11101110011111110 25
11110111111001001 2
11110110111001100 50
11110111111000111 4
11110111110101111 2
11111111011011100 36
11111110011101101 66
11110110011111100 28
11101111111001101 82
11110111011001001 5
11110111011011001 1
11110111111101110 22
11110110110111101 3
11110111011011111 37
11111111111111110 49
11111111111101101 111
11100110111101101 39
11100110011101101 30
11110111011001111 66
11110111010111101 2
01110110011011101 2
11100110111011101 44
01111111011011111 4
11100110111001101 49
11110111011001100 35
11111110011001110 43
11100110111111110 26
11111110111101101 86
11100111011111111 17
01101110111101110 1
11110110111101110 26
11110110111001101 89
11101110011101100 29
11110110011001100 47
01110110111101111 3
11110111111011100 24
11110111111011111 36
11110111111011001 3
11110110011001101 88
01100111111111101 2
11101111011001001 3
11100110111010100 1
11111111011001111 106
11101111011001110 40
11110111100011101 1
11100111011001100 18
11001101111101111 1
11110110010011110 1
11111110110101100 2
11101110111010111 2
11110111011111100 28
11101110011011111 44
01100111011111110 1
11100111011001111 35
11110110111101100 29
11101110111001100 35
11110011011111101 1
11100110111001110 27
11111110011101010 2
11111111111011100 50
11111111011111111 71
11110111101011100 1
11111110110111111 2
11111111111101100 53
11110110101011110 1
11111111111101001 1
11101110011101001 1
11110111111011101 35
11110010010101100 1
11000110111111101 2
11110111011101101 48
11101110011001100 22
11111110011101100 26
10111110111011111 1
11110110111101101 50
11100111111001100 26
11111110111001111 102
11100111001001111 1
11110111111101101 50
11111111011111101 104
11100111011111100 17
11110110111011101 58
11111110111101100 30
11110111001011111 4
11100111011101101 27
11110110011111111 56
11101110011001101 59
11000110011111100 1
11110111011101111 42
11110110011101000 4
11100110111100100 5
11111111111101111 97
11111110111111101 73
11110110011111110 27
11111110011011101 62
11110011111011111 2
11110111111010101 1
11111110111001100 56
11101110111001111 71
11100011111111101 1
11110110111111101 61
11111010111111111 2
01110111011101101 2
11110111011011100 18
11110111111111111 40
11110101111001110 3
11110110111001010 3
11100111011011101 27
11110110011101111 45
11111110011101111 64
11101111111111101 69
11110110010101111 2
10111111111011110 2
11111111011101111 74
11100111111001111 38
11101110011111100 23
11111111011011001 3
11100110111011011 1
01101111011011101 4
11100111111111001 2
11111111111101110 46
11100110011101100 16
11100110111100110 1
11101111111011100 38
11110111011101110 19
11100110011111100 14
11111111111111111 113
11101111101011000 1
11100111011101100 18
11111111011011101 78
11111110111111011 3
11110111111111101 51
11111111111011111 91
11110110111111100 26
11110010111111110 1
10111110111011101 1
10101111011101111 4
11101110111111110 37
11110111011111101 48
11100111001011100 1
01110110011011100 1
11011110111001100 1
11111111111001100 65
11101111011001101 59
11110111110111100 2
11111110011001100 49
11100110011001111 36
01110111011011100 1
11101110111111000 2
11101111111011111 56
11111110011111110 29
11100110111001011 2
11110110011100110 2
10110110011011100 1
11110111011101011 3
11100111111011110 13
11110111011111110 19
11101111011011101 58
11111110110111101 5
01110111011001111 2
11111111011111100 40
11001110111011110 5
11110111011100101 4
11111111001001110 2
11001111011111111 9
01101110111001101 2
11100111011011100 18
11100110111011100 22
11110110101101111 1
11100111111011111 33
11101111111011110 46
11111110111011000 1
11111110011101110 22
11110100011001101 3
11101111001111100 1
10101111111011111 3
11100110011101111 41
11100110011001110 25
11100110111101110 23
11100111110001111 3
11110110010101100 1
11100111011001101 38
11101111111101100 28
11100110111011111 36
11001111011001110 3
11110110111111111 52
11101110011101111 38
11110110010001100 1
11101110011000101 3
11111111011101100 34
11110101011101100 4
11101110011111101 39
11100111110001110 2
11001110111111110 1
11100110111111001 1
11111110011011100 28
11110110010001110 4
11100111111111101 37
11111110011001111 90
11111111011001100 51
01101111011101111 3
10101111011011101 3
11000111111001111 4
11110110110101101 1
11110110011101100 14
10100110011011111 1
10111110011101101 2
10101110011011110 1
01100111011001100 2
11101110111111111 49
11111110111001011 3
11111110111011111 64
11111110111001110 59
11100110011011100 14
11111111110001110 3
01100111011001110 1
11100110010101111 1
11100110011011110 14
11100111111101010 3
01111110111011110 1
11101111100001001 1
11101110101101111 5
11100010011001100 1
11111111110001100 2
01100111011101101 2
11101110111101100 24
10111111011011110 1
11111011110001111 1
11101111011011000 2
11100111101001110 1
11010111111111110 3
10110110111011101 2
11101110011010100 2
11101110101111101 1
11100110011111101 32
11111110111111100 46
11100111101011110 1
11101110011001110 23
11101010011111110 1
11100111010101100 1
10110110101101101 1
11111110111111110 41
11111111011111011 4
11011110001111100 1
11101110111111100 29
11101110111101101 56
11111111011111110 32
11100111011011111 18
11111110011010110 1
11111111101101101 4
11111110011010101 1
11110110011011000 2
11101111011111100 28
11100111110101110 2
11100111111111100 17
11111111011001110 53
11100111011101110 16
11110111011010100 2
11011111011001101 6
10101110011011111 2
01110111111011100 1
11101111110111100 4
10101111111011110 2
11110111110011101 2
11101111111101110 37
11100111111101101 36
11111111011101101 83
11110111011110111 2
01100111111101111 1
01111110011101111 3
11101111011011100 24
11110100111011100 2
11100110111101111 39
11001110011011111 4
01110111011101110 1
11110110011000110 4
11111110011111111 57
01100110111001101 2
11101110111101111 52
11110111011101000 3
11111011111101101 3
11101110010011111 4
11110111111010100 1
11101111111111110 30
11101110111010110 2
11111110010011010 1
10111111111001101 2
11110111001111101 2
11111111001011111 5
10110110111011111 1
11111101011001111 3
11101110011011100 16
01100110010111111 1
11100110100100100 1
11110010111101010 1
11100111111111111 27
11110111111101100 27
10111110111001100 1
01100111111111111 1
11101111011101111 55
11111111111001110 93
11100110111111100 19
11110111101011110 1
11001111010111101 1
10101111011001101 3
10101111110101110 1
11101111101101101 3
11001110111011101 5
11100111011000111 3
01111111011110111 1
01111110111011111 2
11111111111111101 115
01110111011111110 1
00110110111011010 1
11100111011011000 2
11110010111101101 4
11111111010111111 4
11001111111101110 8
11001111011011101 9
11001110011011101 4
11001111111111110 4
11001110111001111 7
11011111111101110 5
11011110011011101 2
11001110011011100 3
11010110101111111 1
11001111011101111 2
11011110111111101 6
11001111011001101 9
11011110111101111 6
11110110111000101 2
11010110010101111 1
11011110111001111 5
11101101111011111 5
11000110111101100 2
01111110111001110 2
10011110111111111 1
11001111111101101 12
11001111111111100 2
11011111011001110 7
11110111101001111 4
11011111111110110 1
11011111011111111 1
11111100101001101 1
11010111111111111 3
11011110011101100 2
11000111111101110 2
01001111111111100 1
11100111111101111 25
11000110111001100 2
11101111011111111 46
11000110011100101 1
11010111111101100 3
11010111111001110 3
11001000111001101 1
11011111011111100 1
11010110011011111 4
11001111011101101 4
11010111011001101 2
11001110111011111 3
11001111111011111 6
11110111011010110 1
11110101111001111 4
11011110111011100 1
11001111111001101 11
11011110111111100 2
11111111110011101 7
11001111111011101 6
11001110111101110 3
11010110111111111 2
11010110011111111 3
11011111011101101 8
11010110011111101 4
11001110111001110 6
11101110111101110 25
10101111111111101 2
11111110110011110 2
11000111011101110 1
11011111111101011 1
11001111001111100 1
11001111111001100 7
11011110101111101 1
11101110111011001 2
11011111111011111 4
11010111111111100 1
11010010111011111 1
11111111110111110 3
11001101011111110 1
11011110101011111 2
01010111111101100 1
11011111111001101 6
11101100111011100 4
11000111111111101 4
11111101011001101 3
11111110011111100 23
11000110011111011 1
11101100011111100 4
11011111111001110 2
11001111011001100 4
11010110111101110 3
11101111011101100 26
11100110110011110 1
11001011111101111 1
11001111111101111 14
11001111111101100 3
11011111011101111 2
11100111011111101 21
11011111001011100 2
11010110101011110 1
10011010111101111 1
11000111011001110 3
11101111011101110 17
11001110011101110 7
11010111111001101 2
11011110011011100 1
11010111111001100 2
11000110111101101 2
10010111111011111 1
11011010111111101 2
11010111111101111 8
11011111111001111 15
11011111011011111 6
11000111111111111 3
11000111011011100 2
11001110011111111 5
11001111011101011 2
11010110011001110 2
11010111011111111 2
11000110111001110 6
11101010011001111 2
11111111111111100 43
11001110011101101 3
11010111101101111 1
11000100111111101 2
11001111111110111 1
11111111101100101 1
11101111111001110 34
11001110011101100 4
11011110111101101 4
11011111111001100 2
11010110111101001 2
11000111111101101 3
11111100111111101 6
11011110011001101 4
11111100111101111 6
11011111111101111 9
11011111101101110 1
11010111011101100 1
11000111010111101 2
11111111101001101 8
01010111111111101 1
11010110111111101 2
11010111011001100 1
11001110111101101 10
11011110111111111 3
11010110111101101 5
11001111110001101 1
11001110111001101 10
11011111010011110 1
11101110011111111 24
11000110110001111 1
11000110011011101 4
11110111011101100 28
11010110011101111 3
11010111111011111 4
11010011111101001 1
11101110001101111 1
11010111011101101 2
11011111111111100 4
11000110111011111 5
11011110111011111 6
11011111111111111 7
11010111101001110 1
11001110111101011 1
11011110011011111 3
11111111011111001 1
11001111111001110 3
11000111001011101 1
11010110011101110 3
11010110111111110 3
11010111111001111 4
01001110111101111 1
11011110101001100 1
11001111011111110 3
11000111011111111 4
11100111111000111 3
11101110011101010 1
11011101011001110 1
11101010111111101 2
11011111111111101 5
11010110011001100 2
11001110111011100 3
11101110111111101 54
11101110011000110 2
11011111011011100 3
11101111011110111 1
11011111101001111 1
11000110111011101 1
11001111111111101 9
11000111011101101 2
11000111011101100 2
10101110111001111 2
11011110111111110 3
10100111111101101 4
01010111111111111 1
11110110111111000 1
11110111111111011 1
11001111111100100 1
11101101011101110 3
11001111001101111 1
11001111110011110 1
11001111111101001 1
11000110111011100 3
11011111111101101 5
11000110001101101 2
11101101111111101 3
10110110011001101 4
11000110011001111 2
11010110011101101 3
11010110111100100 1
11000111111001110 3
11110110001001111 1
11010110111011101 2
11101110001011111 4
11000110111101111 5
01111111111011101 3
11101110101011110 1
11111111101111111 2
11110101111101110 3
11010110011101100 2
01100110111111101 1
11001101001101110 1
11001111011011111 7
11101111111001011 5
11011111111111110 3
11101110001001101 2
11001110111001100 2
11110011111001101 1
11001111011011100 4
11001110011011110 3
11011110111101110 2
11100111011100101 2
11011111111011110 4
11010110111101111 3
11000111011001100 3
11111100111001101 6
11101000111101101 1
11100110001111101 2
10011111011001111 1
11001010111101111 1
11001110111101111 9
11000101111011101 1
11000111011111101 1
11110010111001111 1
11010111111111101 5
11010110111001111 3
11011110010011111 1
11001110011111101 7
11000110111101110 2
11101110111001110 33
11001110011111110 2
11000111011001111 4
11001111011001111 3
10100110111001111 2
11010111011101111 1
10101111111001101 2
11001111111111111 5
11011110011001000 1
11011111001101111 1
11100100111111101 1
11001110011001110 1
11000111011010111 1
11011111011101100 3
11110111111111001 3
11011110111001110 1
11101111111111100 30
11010111111101110 4
11100111111001110 14
11011110101101101 1
11011111011011101 4
11101011011101101 2
11001110111101100 2
11111110111111000 3
10011111111001100 1
11010111011011111 3
11001110111111111 4
11111101111101100 5
11011110111001101 3
11001111111100111 1
11010101011111100 1
11100011011111101 2
11001111101011111 1
11011110111011101 2
11111101111111101 7
11000110111111100 2
11001100011011101 1
11010110011011100 1
11010111011111101 5
11111110111101001 2
10000110011011100 1
01001111111011100 1
11010101011011011 1
11010111111101101 4
11100111110011110 2
10100111011001110 2
10011110011101111 1
11100111101001111 2
11000111111001101 4
11100111101111101 3
11001100111101100 1
10010111011101110 1
11010101111001111 1
01001111011001111 1
11001110101101100 1
11101111110001100 1
11001110011001111 3
11000110111001101 1
11000110111001111 3
11011101111101101 3
11010110111001100 1
11001111111011011 1
01000111011111111 1
11001110111111100 2
11011110011001111 2
11000111110011100 1
11010110111101100 1
11011110011101111 3
11111111101001111 5
11011110101001111 1
11101111110001110 4
10011111011001101 2
10101110111011100 2
11001111011101110 3
11010110111001101 1
10001110011101110 1
11000110011101111 2
11101110110011111 6
11001110111111101 3
11000110011111111 1
11100101111001111 4
11011110111100111 1
11011110011001100 1
11111110001101101 3
11011111111001000 1
11000110011111110 2
11000110011101101 1
11000101111111111 1
11100111111111110 15
11111111010001100 2
10101110011101101 3
11000110011011111 3
11101110110101111 3
11011101011111101 1
11010110111001110 2
11011111010001101 1
11011111011101110 1
11100111011001110 19
11001110101111101 1
11011110011111110 2
11010110011101001 1
11101111010001111 3
11100100111101101 3
11010100111101111 1
11011110111101100 1
11111101111011111 6
11101101111101101 3
11001110011001101 3
11011010011101110 1
11010111110001101 1
11011111011011110 1
11010110111111011 1
11110110011110101 1
11100011101001100 1
11101110011010111 1
11101111101111101 5
11000111111101111 3
11011111111011101 1
11001100111101101 1
11101101111101111 6
11001101111001111 3
11110110110101100 1
11101111111001100 40
11110101111011110 2
11100110011111110 12
11111110010111100 2
11010110011001101 2
11111110010101111 6
11111101011111111 4
11101011011101111 1
11111111110001111 4
11110100111111111 3
11101111011111110 41
11110110111100100 3
11111110001011100 2
11101111111000101 3
11110110011110110 3
11101100111111111 5
11111111101011110 2
11111111111111011 3
10101111011111111 2
11111111111011011 3
01111111111001110 1
11101010011011110 1
10100110101001101 1
11100110111001111 45
11100110011000110 3
11110110110111111 2
11111111111011010 2
01111111011101101 3
11110101111111111 4
11111111011011011 2
11111111010011110 3
01101111111011101 5
11110110001011111 1
01101111011111111 2
01110110101011110 1
11110110011101101 49
11000010111111101 1
01101111011001001 1
11101111110101111 2
01101111011011111 4
11111100011001111 6
11111111111110101 2
11111110111011010 3
11111111111101011 2
01101111111101111 4
01111110111101111 5
11100110101111111 1
11101011011011100 1
11111110001111111 2
11111100011111111 4
11100110011110110 1
11111111111100110 4
11101011111001110 1
11110111101101010 1
11111010011011111 2
11111110001111110 1
11101110111100110 2
11111111111111010 4
11111111011001011 2
11111111111001000 3
11111111111000111 5
11100110010101100 1
11111111101011101 5
11111110010010111 1
11111110110111100 1
10111111111011111 1
11100010111000100 1
01110111110001111 1
10101111011011110 2
01101111111111110 3
11101111011101010 2
11100110101111101 2
11110111111001010 2
11111111001111110 1
11111110001011110 1
01101011011111110 1
11110110011011011 3
11111011010111111 1
11111111011110110 2
11111111111110110 4
11110110111001011 4
11110100101010110 1
01100110111011101 2
11011111111010110 1
01111101111111111 1
11100110111000101 3
11100110111110111 2
11101110111111010 2
11110110110001111 3
11110110111111001 1
11111100011011111 5
11111111101111100 5
01100110111101110 2
01010111011001110 1
11111111001111111 3
11100111111101110 10
01101111111001110 1
11111101111001111 6
10110110111010110 1
11111101011101111 2
01100110011101110 2
01100110000011100 1
10110110111001111 1
11111101111001100 1
11111111011101011 3
11101010111011111 4
11110110111011010 1
11110110011100101 2
11111100111010110 1
11101110110111101 4
11101111101011100 1
11101111111100110 2
11101110010011110 3
11110100111101111 2
11110110011111000 1
11011111011001100 2
01111100011111111 2
11001110011100110 1
01111110011111101 1
11111010011101110 3
11100011111011111 1
11100111111000100 1
11101111101011101 2
11100101011111111 3
01101110011001010 1
11100010011111111 1
01111111101111110 1
11111110111110101 1
11100101011111110 2
11110110001010110 1
10101111011111110 1
11101010111111111 4
11100110011001100 20
11110010011111111 1
11111010011111111 1
11101111110101110 10
10100110111001101 2
01111111111111111 2
11010110111011111 1
11111111110101101 4
11110110010111100 4
01101111111111101 4
11110010111011111 1
11101111101101110 1
10111010011111111 1
11111111011000110 2
01101110011001111 2
01110110111001101 1
01101110111101101 3
11101111111000100 2
11100101111101111 4
11111111001101111 4
01010110111111101 1
11101111111110110 2
11110110101101110 1
11110111111110000 1
11100110011100110 1
01111111111011111 1
11010100011101110 1
11101011111011111 1
01101110111011101 2
11111010111011111 1
01011111111101110 1
11100110101100100 1
11101100001101111 1
11110100111111100 5
11101101011011101 4
11111111011000100 3
11111100111111110 4
11111011011001110 5
11101100011101100 3
11101100011111110 3
11111100111101101 5
11110101111011111 3
11111110011011000 1
11100100111001100 2
11111111001001100 2
11100101011011101 1
11111100111011100 4
10111110011011100 2
11111111011101001 2
10101100011001110 1
11111111011011000 4
11101111000101101 1
11111100011011110 5
11101101111111100 3
11111101011101110 4
11111101011011110 5
11100101011011100 1
11111011011101111 2
11110111011011010 1
11111101111101101 4
11101100111011111 4
11111100011011100 5
11100110011101001 1
11111001011001110 2
11111111011110001 1
11111101111001110 5
10110110111101111 2
11101100011011100 3
11101101011111110 2
11110110010101110 1
11100111101101110 2
11111110001011111 1
11101101011001100 2
10111110011111101 1
11110100111111110 2
11100100011011100 3
11111100011001100 4
11111110101001100 1
11110100111001110 1
10110110111111111 2
11100101011101111 2
11110011011101101 2
11101101011001111 5
11110100011011111 1
11100101011001100 1
11101101111001111 5
11111111011101000 1
11110100111001101 3
01111101111111101 1
11110110011101011 1
11110101011011110 1
11101010011001110 1
11100101111011110 1
11111101011111100 4
11111100111011110 5
11101100111011101 3
10101110111011111 2
11101100111101101 3
11110101011001100 2
10111110011101111 2
11100100111011100 2
01111101011101100 1
01101100111011100 1
10110111011111100 1
11101100111101100 2
10111110111111101 2
11111100111111100 2
11101100111101000 1
11110101111001101 1
01111110111111111 2
11101101011001101 5
11101100011101111 3
11101111111101001 2
11000111011101111 2
11101101111001101 2
11100100011001101 1
11111100111011111 3
11111101111011101 5
11110111111110101 1
11101101011101100 3
10111110011001111 4
11101110111001000 1
11111100111110110 1
11100111011111110 7
11101100001001110 1
11101110001111101 1
11111110101101111 2
11111110011001011 2
11111101010111110 1
11111100011101110 5
11101101111111111 4
11110010011101100 2
11111111011001000 2
11111100111001111 12
01111110011101101 4
11101100111111100 2
11111001011011100 1
10111100111111101 1
01101100011011111 1
11110100011111111 4
11101101011111100 4
11100100011111100 2
11110101111111110 4
11111101111111111 2
11110111000011111 1
11100111111010111 2
11110101011101111 2
11111111101001110 3
11100100111111100 3
10110111111011111 1
11111100110001110 1
11101101111111110 4
11111100011011101 4
11101100111001110 3
11111100111101011 1
11101100111011110 2
11100110011111111 18
10110111011001101 1
11111101011101100 3
11111101111011100 2
11101111010001101 2
11111101111011110 4
11111111011001001 1
11111010111001101 2
11101101101101100 1
10111110111001111 3
11101100111101110 2
11110100011101100 2
11101110011101011 4
11111011011111101 3
11101101011001110 2
11101110010111101 1
01101111111111100 1
11111100011111101 4
11111101111111110 2
10111101001111100 1
11110100111011110 1
11111000011010100 1
10111110111011100 1
11101100111111110 2
11101100011101110 1
11111101101101100 1
11100100111101011 1
11101100001111101 1
11101100111001111 3
11110111001011110 1
11111111010101101 5
11101101111101001 1
11111100001101101 2
10111110011111111 1
11110010011111100 1
11111110011001010 2
11110100011001100 1
11111100011101101 3
10111101111011110 1
11110101111111101 2
11111100011101111 3
11100101111011100 1
11110100011011110 2
11111100111001110 6
11111010011111100 1
11111101111100100 1
11101111001101111 4
11111101111010100 1
11111010111001111 5
11110101111111100 2
11111100111011101 2
11110101011001101 1
11101101011111101 1
11111111101010101 1
11110101011111111 5
11111100011111110 4
10110111011001111 1
11111101111111011 1
11101111101110110 1
11110101011001111 4
10110111111111100 2
11111111001101100 2
01101000011101101 1
11101110111110100 4
11111101011101101 6
11110111111100111 2
11111110010101110 5
11101110010101100 2
11101111101011111 4
11101100011101011 1
11101101000101111 1
11111101011111101 4
11110101011001110 6
01100101111001100 1
11111011011001100 3
11101101111011101 7
11111100101101100 1
11101011111001100 2
11110101001011101 1
10100111011011100 1
11101011111101111 1
11111100110111100 1
11100100011011101 3
11111101011111110 2
11111101011011101 2
11101100011001101 2
11111110101111110 1
11101110110001110 2
01111100111001111 1
10110110011001110 1
11100100111101110 1
11101111101111110 1
11111101001101111 1
11110110001101100 1
11100101111101100 2
11001111111111000 1
11111010011001110 5
11111100111001100 2
11100100011111111 3
11111110111101000 2
11110100111100110 1
01111111111111101 2
11111100011001101 7
01110111111111110 2
11101111001011111 3
11101100111111101 5
11101101111011110 2
11111101111101111 3
10101110011101100 2
11110100111001111 6
11110100111001011 1
10101111011011111 3
11101101010001101 1
11111111001101101 2
11111101011011111 6
11101110111101000 2
11111110101001110 2
11111100011111100 3
11101101111001110 3
11110101111100101 1
01101110011111101 1
11111110010011111 5
11111100110011111 1
11100100011101101 2
11101101001101111 1
11110100111101110 1
11100100101001110 1
01111101011011101 1
11111111111001010 4
10111101111101110 1
11110100011111110 1
11111100111000100 1
11111101010010100 1
11111101111001101 6
10110101111001101 1
11101101101011111 1
11101111001111000 1
10101101011001100 1
11101010111101111 1
11100110110101101 2
11111110001111100 1
11111101111101110 1
11110100111111101 1
11111101001011101 1
11101100011111111 1
11100100111001111 3
01111111111001101 3
11101111111000111 1
11111110111000101 1
01101111111001100 1
01110110111001011 1
11110110111011000 1
01101111011101010 1
01100111111101101 1
01101110111001100 1
11111110111110111 2
11101111110101101 5
11110111011001010 2
11101110011001001 2
11110111111101000 2
01111111111101111 3
11111110011111000 1
01101111011101100 2
11101101010101111 1
01111110011001101 1
11110111111011011 1
01110111011001101 2
11101110111000101 1
01110110111111100 1
01111110011101100 1
10101101111101110 1
11110111111101011 3
01100111111001001 1
10101110011101110 2
11101111111101000 2
01100111111101110 2
11110111111101001 1
10100111111101111 1
11110111011001000 2
11101100110001101 1
11110111011100110 4
11111011111011111 3
01110111111001111 4
11100110101101110 1
11111010010001110 1
11100101011001101 3
11100010111101111 1
11111011111001100 1
11101010111101100 3
10100111011001000 1
11110110110111010 1
11110011011001110 2
10101111011001110 1
11111110011100100 4
11110100011001111 3
11010110011001111 1
11111010011100101 1
10101110011011101 2
01111111011111110 1
11110111010101101 2
11100111111001010 1
11101011011111111 3
11110110011001011 3
11100011111101100 1
01110111111001100 1
11111110111011001 1
01111111011101111 2
11101000111110111 1
11110100011001011 1
11110110011101001 3
11100110111110100 1
01101110111101001 1
11100110011001000 1
11100111001001100 1
11100111111000110 2
01100110011011110 1
01110101011001111 1
11100100111101100 1
10100100011101100 1
11111011111111010 1
11111111011010101 3
01100111011111011 1
11110011011101001 1
11100111011110100 1
11110110011001000 2
10111111111001110 2
11100011011101100 2
11110101011001011 1
01110110011101101 1
11110100111001001 1
11101111011101001 2
00101111011101101 1
01111111011001111 6
11101100011001011 1
01000110011101100 2
00110110111101001 1
11100101111001101 4
01110111111001101 2
11100111110011101 1
01110011011101110 1
11110100111001100 1
10110110011111111 1
11110111011101010 5
11101111011111000 1
11110101111101111 3
01110110001001101 1
11101111011000101 2
11111011111101100 1
10110111111101100 1
11100110010001110 1
11100111001001001 1
01111110011001100 2
11100010111101110 2
01110111011111101 1
10111111111001100 1
11100111011111001 1
11110111011101001 1
01100111011100110 2
01100110111101111 1
11111011110101111 1
01101110011101101 1
10111111011101110 1
01101110011101111 2
11101101111101100 2
01100100011101111 1
10101110111101110 1
01110110111111111 2
11111111111001011 3
10100110111011101 2
11100010011101110 1
11100111011001001 1
10110101011001110 1
11011111111101100 4
11100110101001100 1
11100100011101001 1
11110110010011100 1
10111100011111111 1
01101111011100111 1
11101011111101100 1
11110011011111110 1
11101100011111101 4
11110111111110100 3
01110111111101110 1
11110100011111101 2
10111111111011101 2
01110100011001100 1
10110111011111110 1
11101100011001111 4
11100011011001101 1
01110110011101011 1
10100110111001100 1
01100111011101100 1
11100111111100111 4
11111110011110111 1
11100110110111111 4
11101011111101110 1
11100110011101010 1
11100110111101001 3
11101110111101011 2
01111111111101110 1
10101111111101110 1
01100110011011111 2
11100010011101100 1
11111111011100100 1
11100111111100101 1
10101111111001110 2
11000011111111101 1
10111110011001101 2
11110100111011111 2
10100111111001101 3
01101110011001101 2
11100110011001001 1
11111111011100110 2
11100110110100101 1
01110110111101011 1
01110111011001110 2
11111110011000100 1
11100110111101011 1
01101111111101100 2
10110111111101111 2
11100100011100100 1
11110011011001101 4
11100101111111101 2
01111111011011101 2
10101110011011011 1
11110100011111100 1
11100111111111010 2
11111111111100100 5
10110111111001110 2
11101110011011000 3
11100101111011111 1
11100110111001001 1
11110110111101001 2
01110111011101111 4
01100111011111111 2
10100100011011100 1
11100111011101001 2
11100110001001111 2
11110010111101110 1
01110111010111111 1
11100111011001011 1
11111111010000111 1
01100111010101111 1
11110110010011111 1
11100110010101101 1
11111100111101110 3
11100111111001000 2
11100010011101111 1
01110111111111111 1
01110110111101101 1
01101110010001010 1
01111111110011101 1
11100100011001001 1
01100010010001110 1
10100110011101110 1
11111111011101010 2
10101100111011100 1
01111100111001101 1
01111111111101101 1
11100110111000111 1
01100111011101111 1
01111110011111111 1
11110111111001000 1
10110111111101101 3
10110111111101010 1
11101110011100111 2
10111111011001100 2
10110110011101100 2
01110010111101101 1
11110011111101101 1
11111110011101011 2
01100101111101110 1
11111011011001101 5
10101011011101111 1
11101111011000111 1
11001110011101111 3
01110110111001111 1
11101010111001111 1
11100110101101100 1
11110111111000101 2
11110111011010111 1
11111101011001110 4
11111010011011101 3
11111011111001111 5
11010111110111111 1
11110110001011000 1
11111110110001101 2
11101111011000100 2
11100101110001101 1
11111010011001101 4
11111111111011001 3
01111111011011100 1
11110101011100110 1
11111011011001111 2
11111011111011110 1
11111101111000100 1
11101111111001000 1
01111101011001101 2
11000100011101101 1
11101000011011100 1
10110110011011101 3
11111100110111110 1
11101011111011100 1
01100111111011110 1
01101110111001111 2
11100010011011101 1
10111110011001110 1
11101111101001101 5
10101101011101111 1
11111011011101100 1
01111111111011100 1
11111011111111110 1
11111111010001101 3
11111011111111100 2
11001111111001111 6
10110011011011100 1
11100010011001101 1
11101100111001101 2
11111010101110110 1
11111100011101100 1
10101111011101100 2
01100110111001111 2
11100101011101100 2
10101111101001010 1
11111110011110110 1
11101101011101111 1
11101101010101101 1
10101111111101111 2
01100111001101101 1
11110110111001000 1
11101110011100101 2
11111111011010111 2
01101111011111101 5
11111100010011101 1
11111111101101110 2
11111010011011110 1
11101111010011100 2
11111110001111101 2
01110110011111101 1
11110101011011111 2
11111011111001110 2
11111100111101100 1
11101010011011100 2
11111100111001011 3
11111011111001101 2
01110111111001110 1
11101100111101111 1
01110110011001110 1
01101111011011100 2
10110110111011110 1
11110101110011101 1
01111100111111101 1
11110111101001101 1
11111101010001111 1
01111111111001000 1
11111111011000101 1
10111111011001101 2
11111110010111111 1
11110100011011100 2
01001111111101111 1
11001100111001111 1
11110100010011110 1
11100101011101101 1
11111111111000100 3
11101110111111011 3
11101111010011110 3
10101100111001100 1
01101111011001110 1
01111110111001100 1
01111100011001101 1
11110110011100111 1
11111100010001101 1
11110110111100111 1
11111010111011110 1
11101011011001100 1
01001110111001110 1
11100101111010110 1
11110110001111100 2
11101110101001111 2
11111111111000101 1
11100101011011110 2
11111111011111000 3
11111111110111100 2
11111010011011100 1
11111011011011100 1
10101110111111101 2
11101111001001110 1
11110100111101101 2
11111110011000111 1
11111111010101110 4
11110101011000010 1
11101010111011001 1
11111110001101100 1
11111101011001100 1
11111110111001001 2
11101110011110100 1
11111011111011100 2
11110110001011101 3
11110111011000101 2
11110100101001101 1
11110010111001101 3
11110111011000110 4
11110110101101101 2
01110111011111111 1
11111111110111101 6
11111111011010100 1
11111111001111100 1
11100111111010100 1
11100111010001110 1
11010111011011101 1
10101111011001111 3
01101111000101111 1
10111111011101101 1
11101111011000110 2
11011111011111101 4
01110110011101110 2
11111111011111010 4
11111110111101010 1
11111110001011101 2
11111010111101111 2
11110110101011101 1
10101110010001101 1
10110111010011101 1
11101111111111001 2
01011110111111111 1
11101110011010110 2
11101111010111101 2
11110101111011101 1
11100010100101101 1
11101110011110110 1
11101110101111111 1
11110111101101101 4
11111111010001110 2
10101110111101111 2
01111110111011100 2
11100110011110100 2
11100111101101111 2
11101110111010100 2
11011110111011000 1
11110110001101111 3
01101110111001110 1
11100101111111111 4
11110111111101010 2
10111110111111100 1
11110110110101111 1
11101111001011101 5
11101111111100100 3
11111110011000110 5
01101111111101110 1
01101110111101100 1
11101111111000110 3
01111110111011101 2
01101111111001111 2
11110011110011111 1
11111110101111101 1
01101111010101110 1
11110110111101010 2
11110111001001100 1
11011110011101110 1
10101111111101101 2
11110110101111101 3
11110100001111111 1
11101110011011010 1
11011110001101101 1
11101110011111001 1
11000110110111111 1
11100110111001010 1
11101011111111100 3
10101110111001100 1
11010110111011100 1
11101110011001010 1
11101111011001011 2
11111111110101111 2
11110011011101111 2
11101111010011101 4
11100100111111111 1
11100110010111101 1
10101110011101111 2
11011111111101001 1
11101110101001110 1
11111110101101100 1
01111111101010100 1
11000110111011000 1
11001110001101111 1
11011110011111111 1
11111110111000111 2
01100110111011110 1
11101110010001111 5
11101110111100100 1
11100111010101101 2
11010100111011100 1
11110010011111101 1
11101111110010110 1
11100110111011010 1
11111111010111101 2
11100110111111000 2
01111110011011101 1
01100110011101111 2
01111111010001111 1
11000111111011110 1
11101110001101101 2
11100111001111101 1
11010110011011101 1
11110110110011111 3
11111111001101110 1
11101110111011011 3
11101111111110111 2
01111111111011010 1
11101011011001101 1
11111110011011001 1
11101110101110100 1
11100110001011100 2
01110110001011101 1
11100100111101111 2
11101111011010011 1
11100111101011100 1
01001110001111111 1
10110110111001101 1
11110111011000111 2
11101111101111111 1
11111011011111111 3
01011110011001111 1
11110111001111100 2
11000111111011111 1
01111110111101010 1
11111111111011000 2
11011110001111101 1
01111100011101110 1
11111111011110000 1
11110110101001111 1
11101111001110110 1
11111110010001011 1
11011111011111110 3
10100110011111111 1
01101110111111111 3
11101111111010101 2
01100110011101101 2
11101110101011111 2
11011111101001101 1
11111111111110100 2
11001111111000100 1
11110111011111010 2
11010110001001101 1
11111110111010100 1
11111100111100100 1
11010101111001100 1
11111111110111111 2
11110111111011000 1
11110000111111100 1
11011110011101101 1
11111110001001111 3
11110111010001111 2
11001011011101101 1
10100110111111110 2
11001010011101110 1
11110111010001101 1
11111010111001100 1
11111100111111010 1
11110001111111111 1
01101110011001100 1
11111010111001110 2
11111110101011111 1
11111110100101111 1
11110110011000101 1
11111110010101101 1
11110111011100111 3
11111110111000110 3
11111010111111101 4
11110010111111101 1
11110111101011101 3
11101110011110001 1
01100111111001111 1
10110111111011110 1
11111111110001101 4
11111110111000100 5
11111110101001101 3
11110110010001111 1
11110011011011111 1
11011110111011110 1
11111111011000111 3
11111111010100100 1
11110011011101100 1
10111010111011100 1
01100101111101100 1
11110110111000110 1
11100111110001101 1
01101111011001111 5
11111100111111111 3
11110111110001111 2
11010110111011110 2
11110010111011100 1
11111011011011111 1
01101111111011110 1
11101111011001000 1
10101111111111110 3
10101111011110110 1
11101110101001101 1
01100110011001111 1
01000111011101110 1
11111111101001100 1
11111110111100100 2
10100110011111110 1
11101111111110100 2
11000110011111101 4
11101111111110010 1
11111111111101000 2
11110110111101000 1
11110111101111100 1
11100011111001111 1
11111110111001010 3
11110110001111101 1
11101111110001101 2
11111010111111100 1
11101110011110101 2
11110011111001111 3
11100010011010100 1
11001111111010110 1
11101111110001111 2
11001111011101001 1
11101110010001101 2
11101111111100101 1
11100011111111100 1
11110110110111100 2
11110111111001011 3
11101110001111100 1
11110110111100110 2
01101110111011100 1
01100110011001101 2
11100011111011110 1
11100111011101000 2
11111111011110100 1
11100011011011111 1
11111011011011101 1
11100011111001110 1
11111111111101010 2
11110110011000011 1
11100010011011111 1
11100110011111011 1
11100110111000110 1
11110011111011101 2
11100101011101110 1
11110110111000100 3
11110110011101010 2
11100110111110110 2
11100110111000100 1
11001110101111110 1
01110111111011101 1
11110111111111010 2
11010110110111111 2
11101111011010101 1
11111111111100111 2
11100111111000101 1
11110011111111100 1
11110110111010101 1
11110110011000100 3
11110110101111110 1
11001111110101111 1
11111010111011101 1
11111111101101100 1
10111111111111100 1
11110110101111111 1
11110111111100100 3
11111111001011101 4
11100111011111000 2
11100111001001101 2
11111110110011101 3
11111000111111101 1
11110110100001101 1
11100111101101100 1
10101110011001101 1
01101111111011111 1
10111110011011101 1
11111010111011100 1
11111111101000110 1
11101001111111101 1
11101110010101111 4
11111111110110100 1
11111010011111001 1
11101110111001010 1
11100010111011101 1
11101010011111111 1
01100110011001010 1
11111110111111010 2
11101100001011111 1
01100110111011111 2
11000110011001101 2
11110101111101100 1
11110010111111111 1
11000110111101010 1
11101110110001111 3
11101110011001000 1
11100111010001111 1
10100110011001110 1
11001111101001101 1
01101110111111100 1
01101110111111101 1
11101011111111101 1
10100011111011101 1
01011110111101101 1
01100110011001100 1
11111100111111001 1
10111011011111101 1
11000110011101110 1
11111110011111010 1
11111111010110101 1
11100111111011010 2
11111010011101111 2
11111111011110101 1
11111110110001100 3
11110011011011100 1
01101011111011101 1
11111110011001001 2
11111110011110101 2
11111110111010101 2
11100110011000101 1
11110111110001101 1
11110111001111111 1
11111111101111101 3
11110110010101101 2
11111110101111111 1
11110110111110111 1
11111111111010101 1
11111010010011101 1
11100110101011101 1
11111010011001111 1
11010111111011101 2
11111110110101101 2
11111110010001101 2
11101111100111101 1
11111110011101000 1
11110011101111000 1
11101010111001101 1
11111110010011101 2
11111110011010100 1
11111011111011101 1
11111011011111100 1
11110110110001101 1
11110011111111001 1
11111011111101111 1
11111110100011101 1
00110111111001110 1
10100110111011111 2
11110110111001001 2
11101101011111111 1
11111110111001000 1
10000111011111101 1
11111010011101001 1
11100110011001010 2
11100111111101000 1
11100010011001000 1
11110101011011101 1
11100111011001010 1
11100110110001110 2
10110111111111111 1
11100101011001111 2
11110010111001100 1
11110110111111011 1
11100011011101101 1
11110110010001011 1
11110011111111101 2
01111010011001011 1
11101111011011001 2
11111010011111101 1
11100111111110110 1
11111110011111001 2
11110111011001011 1
11010110111001000 1
11111110011011011 1
10100111111001110 1
11111110110100101 1
11001111011011001 1
11110111111011010 1
11111011111111111 2
11010110111011001 1
11101110110111100 5
11110110010001101 2
10100110111101101 1
11110110011001010 3
11100111010101111 1
11100101011011111 1
11111110110111110 3
11110010011001100 1
11110011111111110 2
11110101111001100 2
01111010011001100 1
11111111010111100 2
11100110010001100 1
11110111001001110 1
11111110111100011 1
11111110010001110 1
11100011110011111 1
11110110011001001 1
11110101011000101 1
01101110011111110 2
11111110110011100 1
11100110101101111 1
11101100011001100 1
10100111011001111 2
11110111010011111 2
11110111110001110 1
11111111011110111 1
11110011011111100 1
11111110010001111 4
11111111111001001 3
11101110110001100 4
10101110111001110 1
11110011011011110 1
11001111110011101 1
11110110010111111 1
11100111110101111 2
10100111111111110 1
11111011111101110 1
11110111010110111 1
11111100111000111 1
11111110011000101 1
11101111110111111 3
11101001111101110 1
11101111010101101 4
11101111010111100 6
10101111111011100 1
11110111110101101 2
11100110110001101 3
11101110111101001 1
11101111110101100 5
11101110010111111 4
10110011010101110 1
11101110110111110 5
11101110101111110 2
11101100100011101 1
11101011111111111 2
11110111010011101 1
11110110111100101 1
11001110110101101 1
11101011011100000 1
11000111011111100 1
11111111010001111 3
11111110110100111 1
11101110010101110 2
11101111110111110 2
10111111111101110 1
11101111010101111 3
11110111010111111 2
11100010111001110 1
11101110011111010 2
11101100100111110 1
11101110010111110 2
11101011110101110 1
11101111110011110 3
01110111010011110 1
11100111010111100 1
11101110010011100 1
11110110001001100 2
11101111111101010 1
11101110110101100 2
11101111010011111 1
11110110010111101 2
11101111010111110 3
10101111111001111 2
11101100011011111 1
11111111101011100 1
11100111110111110 1
10100110010011100 1
11111111010000110 1
11111111001110111 1
10101110011111111 1
10111111011001110 1
01110110111111110 1
11111111010011101 1
11111111110101100 1
10101111111001100 2
11101110010011101 2
11101110011100110 2
11100111110011100 1
11101110110101101 2
11100111110001100 2
11100111010011010 1
11111110111100111 2
11101111001001111 1
10101111010101111 1
11101111110100100 1
11101111110001000 1
10111101011111101 1
11101111010001100 2
11111110110101010 1
10100110011101111 1
11101110110011100 3
11110111110011100 2
11111111010111110 2
11001111011111100 1
11101111110011100 3
10110110110111110 1
11111111000111111 1
11100111010011101 2
11110101011111100 4
11111110010001100 2
01010111111001111 1
11101110010001110 3
11100110010011101 1
01101110110111100 1
11100111011110110 2
11110111110111111 1
11100111010101110 2
11111011010101111 1
11101111111101011 1
11100110110001100 1
11101110110111011 1
11101110011011001 1
11110111010011100 1
11111110110001111 1
10111111111101111 2
11100111010100101 1
11111111110011100 2
10101111101001101 2
11111110010111110 1
10101111010011101 1
11111110101111100 1
10100110010111101 1
11111010011111110 1
10111110111101111 1
11101010011111101 1
11111111010101111 1
10110110010011100 1
11100111010111101 1
11101110111010101 1
11111111110101110 1
11101111110011111 1
11101110010111011 1
11111100110101110 1
11100111010110110 1
11101111010101100 2
11001111010001101 1
11111111000111100 1
11111111010011111 1
11001110010001100 1
11101110011101000 1
10000111111001101 1
11101110010111001 1
11100111010000110 1
10111110110101101 1
10111110111011110 2
11100110110001111 1
01110110011101111 1
10110110111101110 1
10101110011111110 1
11101111110111101 3
01111111010011110 1
01111110111101110 1
11101110110001000 1
10101111111011101 3
10100110011011101 1
11100110110011100 2
11101110011111000 1
11101111110011001 1
10100111011001001 1
11101110010001100 1
11111101110111100 1
10110110010011111 1
10111111010111110 1
11100111011100100 1
10111110110111100 1
10110110011101101 1
11101110110011110 1
11000111011111110 1
11110111010011110 1
11111110010011100 1
10100110111001110 2
10100110010111110 1
11000110111111110 1
11100110110111110 1
11111110110001010 1
11111110110101111 1
11110010011010111 1
11101111010001110 1
11101100110111111 1
11101110110001101 1
11111110110101000 1
10000110011111101 1
11100110011110101 1
11111111011001010 2
01011111111111101 1
11011111110001101 1
01101111111111111 1
11010101111111101 1
11101111011010110 1
11111111111010111 1
01010110011111111 1
10010110011101101 1
11000110011111010 1
01010110011001111 1
11111100111101000 1
10100111011101111 1
11101111110011101 1
01100110111101101 2
11111111011010110 2
11101011011011101 1
11101111011111001 1
11011100010101101 1
11110110011011010 2
11111110011100110 1
11101111111011011 2
01110111111011110 1
11110110001001101 2
01111111111101100 1
11001111001011101 1
00101111011101100 1
10101110111101101 2
11010110001101101 1
11111111011011010 2
11111111111111001 2
11111011001001111 1
10101111011111101 2
10001110111101101 1
11000000011111111 1
11100111001011111 1
11101111011111010 1
11100110011010110 2
11101111011011010 1
01101111011001101 2
10111110111101101 1
01101111010001101 1
10101111110011101 1
11110110001111111 1
11101110010101101 1
10101111101101100 1
10111111101011101 1
01100110001001100 1
10111111011011101 2
11110000011111101 1
10100110111100110 1
11101111110000110 1
11010110011111100 1
11111111000011101 1
00110110111011101 1
01101110111101111 1
10110111111011100 1
11011110011111101 1
10011110111001101 1
11101110111011000 1
11001111011001010 1
11101110111100101 1
11100110001101101 1
11110110001101101 1
11001111101111101 1
10010010111101111 1
11110001111111101 1
11100010011111101 1
11110110011100001 1
10101111011001010 1
11111100101011111 1
11111111111100101 1
11100111001011101 1
11111111000101100 1
11110110111010100 1
10101111111111100 1
01101111010011111 1
11101110001011101 1
11110010011001111 1
01111010111111101 1
11100110101101101 1
11100011011011101 1
01110111010111101 1
11101100011101101 1
11111111101011001 1
11110101011011100 1
01100110011111100 1
01101110011111011 1
11001111001111110 1
10110111011101101 2
11101111101101111 1
11101111001101100 2
11100110110011101 1
01101110110001100 1
01101110011111111 2
11111010111010110 1
11110110101011100 1
10110111011001100 1
11100101011001110 1
11011100011101111 1
11010111111011100 1
11011110011011110 1
11100111101111100 1
11101100011011110 2
11101110100011111 1
11011111011001001 1
10111110011101110 1
10110101111011110 1
11110110001001110 1
11100111011100110 1
01101110011101100 1
11100100111011111 1
11100100011001100 2
11100101111111110 1
11010111111011001 1
10110111011011100 1
11001100111011110 1
10100100011011101 1
11101111111100111 1
11011111111000101 1
11111101011011100 1
10101110011101001 1
01100101111011111 1
11110111001011101 1
11111111111000001 1
11100100111011101 1
11011110110111100 1
11011110010111100 1
11101101111001100 1
10011111011101101 1
01101111111001011 1
11001010011111101 1
01111110111101101 2
11100011111101101 1
11101010111111100 1
10110111111111101 2
11000111111011100 1
11001100011111110 1
11100011011111110 1
11001111011011110 1
11111100011101011 1
11100110011111001 1
11010110111111100 1
11101101011011100 1
10010011011011101 1
11000110011001100 1
11110100011101111 3
11101011111001111 1
00101110111001101 1
11100010111101101 1
01101110011111100 1
11101010111101101 1
11101110111001011 1
11101100011011101 1
01111110011011111 1
11110100111101100 2
11101111111011000 1
11000101111001110 1
11101111011101011 1
11111011101111101 1
11111110010101010 1
11100110110011011 1
11101010011001100 1
11010110111100110 1
11000111011011111 1
11000111010011110 1
11100110011000011 1
11010111111011110 1
10111010011111100 1
11001100011011111 1
01101110111011111 1
11101111011111011 1
11110110101001110 2
11111001011001101 1
10110110011011111 1
11100111011110111 1
01111111011101100 2
01100111011101010 1
11110111111000110 1
11100110011100100 2
11100111110111111 1
11101110111000110 1
11110101011101000 1
11110111011111001 1
10100111111001111 2
11100111011000110 1
01110110011001101 1
11111110011100101 2
11101101111111000 1
10001111011001100 1
11100111011001000 1
11110110011100100 1
11110110011010100 1
11100100111001101 2
11011110011001110 1
10111110011011111 1
11100110111100101 1
11110101111000100 1
11110101011101110 1
11111111111010110 1
11110111001001101 2
11110011111011100 1
11100111001111110 1
01100111011011000 1
11110100011101110 2
11110111001001111 1
01110111011001100 2
10101110011111101 1
10100110011001101 1
01110111111010101 1
11001110101001101 1
11101111111010111 1
10110110111001100 1
11001101111011100 1
10111111111111110 1
10110111011101111 2
11110111011010101 1
10100110011101101 1
11011100011001111 1
01110111011111011 1
10101110111001101 1
11110100111100100 1
10110100111111101 1
11100111111010110 1
11100100011101100 2
11100000011001100 1
11110110011000111 1
11011110011000111 1
01111111011001110 1
11101111001001100 1
11100100011001111 1
11010111011100111 1
11100101111000110 1
10101110011101010 1
11110010011101101 1
11110110011110111 1
10111111011100101 1
11100111111001011 1
11110111101001100 1
11110011010011101 1
10101010111001111 1
11111000111001110 1
10101110110111101 1
11110110001011100 1
11111111011100111 1
11101100111000101 1
00110111011100111 1
11110110101001100 1
11110101011101101 1
01110111101001101 1
11100000111001100 1
10110110011001111 1
01110111111011111 1
