number of shots: 1024
more frequency result: 1111111011100
1111111111111 23
1111011011110 9
1111011101100 11
1110111011100 43
1111111011100 52
1110011011100 23
1111011011100 16
1111111011101 28
1110111101110 11
1111111001111 16
0110111011101 1
1111111011110 23
1110011111100 18
1110011001101 6
1111111111100 49
1111111010100 2
1111111001100 25
1110111111100 44
1011111011110 1
1110111101101 15
1110111101100 23
1110111001100 27
1111111101100 27
1110011101110 8
1111011011111 6
1110111111101 27
1111111101101 10
1101011101101 1
1110111111110 22
1010011111111 1
1111011111100 16
1011111111100 1
1110011011110 7
1111111101110 14
1111111111101 26
1111111101111 13
1111011001101 5
1110111001111 18
1110011001110 5
1111110101111 1
1011011011100 2
1110111011111 22
1110011111101 11
1111011111101 11
1110111001101 19
1111111111110 23
1111111001110 11
1111111011111 24
1110111101111 10
1111011001100 4
1110111111111 17
1111110001101 1
1111101101100 2
1110111011101 30
1110111011010 1
1110011101100 2
1101011011101 1
1110011001100 4
1110011101111 2
1111110011100 2
1110111001110 6
1110111011110 18
1010011011100 1
0110111111111 1
1111111111000 2
1111011101110 4
1111110111100 1
1111111001101 14
1111011111111 8
1111011011000 1
0110111011111 1
0110111111110 1
1110011011111 7
1110011110100 1
1011111011101 2
1111011101101 4
1111001101100 1
0111111111100 1
1110111000101 2
1111111011010 1
1111011011101 6
1110011111110 8
1111110111110 1
1110011100101 1
1110011001111 3
1110111111001 1
1111110001110 1
1111111100110 1
1010111111101 1
1111011101111 4
1110111011011 1
1111110001100 1
1111011001111 2
1110001011100 1
0111111011100 1
1110011101101 3
1111111011001 1
1110011111111 6
1110111110101 1
1101011111101 1
1110011011101 4
1111011111110 6
1110010111111 1
1110110101110 1
1110111001000 1
1110111111011 1
1010111011110 1
1111111000100 1
1110011010111 1
1110110101100 1
0110011111101 1
1110011111011 1
1111110001111 1
1111011001110 2
0110011011100 1
1111010011111 1
1111010101100 1
1110111010100 1
1110111110100 1
1111111000110 1
