number of shots: 1024
more frequency result: 1111011011100
1111111111111 10
0110111101100 1
1111111111101 16
1111011011100 194
1110011111100 35
1111011111101 10
1110111111100 51
1110011001111 2
1110111011110 3
1010011111100 3
1111111011100 64
1111011011011 2
1011011001110 1
1111110111101 1
1111011001111 1
1111011111111 8
1110111011100 47
1111011101100 23
1111111101110 2
1111011111110 8
1111111111100 74
1111011101111 3
1111011001100 27
1110111111101 5
1110011001100 9
1111011111100 109
1111011001110 2
1110011011100 73
1010111111100 1
1111111111110 9
1110011001101 3
1110111001100 12
1110111011111 4
1111011011111 10
1110111111111 9
1111011011110 13
1110111111110 7
1111001011100 1
1111010011100 3
1101111011100 3
1110111101100 7
1111011101101 1
1110011011110 5
1110011011111 2
1101011011100 2
1110011101101 1
1111011011101 13
1110011101100 6
1101111111110 1
1010011011100 2
1111111111000 1
1111111011110 10
1111011001101 5
1111011101110 3
1101111111100 5
1111111111011 1
1011111111100 4
1111011010100 2
1111011111011 1
1011011011101 1
1101011111100 2
1011011011100 3
1111111001100 13
1111011010111 2
1110111011101 1
1100111111110 1
1111011011010 1
1111111110100 1
1011011111100 2
1110111001111 1
1110110011101 1
1111111011111 7
1110011011011 3
0110011011100 1
1110111101111 1
1110001101010 1
1111011110100 3
1110011111010 1
0110111011100 1
1111010001100 1
0111111111100 2
1111010011111 1
1111111011101 3
1111111011010 1
1111111101100 6
1111110111100 1
1100011011100 2
1011011111101 1
1101011011101 1
1111111001111 1
1010111011000 1
0111111011100 1
0110011001100 1
1111111010100 1
1110011101110 1
0110111111100 1
1110111101101 1
1111111110111 1
1111101001101 1
1111001011110 1
1111110001100 1
1111111010110 1
1111111011000 1
1011111011100 1
1110111101110 1
1110010111100 1
1111111101101 1
1110111001101 1
1011111111110 1
1110011011101 2
1110011010111 1
1111101011100 1
1110111010111 1
1001011111100 1
1010111011110 1
