number of shots: 1024
more frequency result: 1111111111100
1111111001111 28
1111101001100 2
1111011011101 28
1110011101110 2
1111011001110 15
1111111011100 26
1111111101111 19
1111011111101 19
1111011111111 16
1111011001100 21
1110111111101 8
1111111101100 30
1111011011110 16
1111011101110 29
1111111101110 31
1111111101101 26
1111011111100 24
1100111001100 1
1111011110101 1
1111111111111 18
1111111111101 31
1110111111100 7
1111011101100 26
1111111001100 28
1100111101110 2
1111011001101 36
1111001011100 2
1111011011111 20
1111111111110 21
1111111001110 29
1110011011100 1
1110011101101 3
1111011101111 23
1111111011101 31
0110011101100 2
1110111101101 13
1111011011100 21
1111011111110 16
1111111001101 31
1001011111111 1
1111111111100 37
1111011001111 16
1111011100101 1
1100111011101 1
0111111011111 1
1110111001101 4
1110011111110 1
1111111011111 29
1111111011110 25
0111011101111 1
1110111011110 6
1110111111110 7
1111011100111 3
1011111001100 1
1110111001110 4
1110111101100 11
0110111001110 1
1111011101101 27
1110111111111 3
1111111001011 2
1111111010110 1
1110011101100 4
1101011001101 1
0110111101100 1
1110011001101 3
1110111001100 10
1100111101010 1
1110111011100 10
1101111101100 1
1110011111111 5
1110111000100 1
1110111010111 1
1110101111100 1
1101011011101 2
1010011001100 1
0111011001111 1
1110111001111 5
1111111110111 1
1110111101110 3
0110111101110 1
1110111011111 5
1111101101111 1
0110011111101 2
1110111101111 9
1110011011111 1
1100111111110 1
1111110001100 1
1101111000111 1
1110111011101 2
0111111101100 1
1010111011101 1
1011011011100 1
1110111100111 2
1100111001110 1
1111111010100 2
0111111111101 1
0110011001100 1
1110011111101 4
1110011001100 2
0111111111111 1
0111111111110 1
1111111110101 1
0111111011100 1
1111101101101 1
1101111001101 1
1111101001101 1
1011111101100 1
1101111111101 1
1110101001110 1
1111011101010 2
1111111101000 1
1101111111110 2
1100111001101 1
1100011001100 2
0110011011100 1
1101011111110 1
1101111011110 1
1101011101100 1
1100111011110 1
0110111011110 1
1110011001110 1
1101011011100 1
1010011111110 1
1100111101100 1
1100011101101 1
1100011111100 1
1110101111110 1
1101111111111 1
1110111101001 1
1111111111001 1
1101111101101 1
1101111001100 1
0111011101100 1
1110011111100 1
1100111111100 1
1100111111101 1
1111111011010 1
1101011001111 1
1100111101111 1
1111101111100 1
1011111011101 1
1110011011110 1
