1111011001100 85
1111011101100 54
1111011111111 12
1110011011000 1
1111111011100 31
1110011011100 40
1110111001100 20
1111011111100 41
1110111111100 14
1111111111100 28
1111111001100 46
1111111111110 4
1111111111101 12
1111011011100 61
1110011101100 29
1111111001111 12
1111111011110 2
1111111011101 6
1111011011110 16
1110011001100 44
1111011101110 15
1111011111101 10
1111011001110 16
1110011011111 11
1110111101100 16
1111111001101 10
1110111101110 3
1111011011101 12
1110011111101 4
1111111001110 17
1111011001101 22
1110111101111 2
1011111101101 1
1110011011110 7
1111111101111 10
1110011111100 17
1110111011100 17
1110011101101 3
1110111111110 3
1110011111111 3
1111111111111 9
1110111111111 7
1110011111110 6
1110111001110 3
1111011001111 22
1111111101101 7
1111111101110 5
1110011001101 8
1110011011101 4
1110011001111 16
1111111101100 34
1110111001101 6
1110111001111 4
1110111011010 1
1111011100101 2
1111011011111 13
1111011101111 19
1111111100101 2
1110011101111 5
1110111011110 3
1110111011101 5
1111011101011 1
1111111101000 2
1111011011000 2
1111111001000 3
1111011101101 10
1110011011010 3
1111111011111 7
1010011111100 1
1100111001100 1
1110011101110 5
1111110011111 1
1010011001100 1
1110011001110 6
1111110001010 1
1101111011100 1
1101011011100 2
0111011011100 1
1111010111100 1
1110110101100 1
1110010111100 1
1010011011101 1
1111011001000 1
1110111111101 2
1110111011111 4
1111111011010 1
1010111011100 1
1110111101101 2
1110010011100 1
1111111000111 1
1110101101100 1
1111011111110 7
1100111111100 1
1100011101100 2
1101011001110 1
1110001101101 1
1100111011111 1
1110011101010 1
1111010001100 1
1111001001110 1
1110010001100 1
1111001101101 1
1111001101111 1
1111010011100 1
