1110111111100 27
1111011111101 11
1110011011100 12
1111011011111 51
1111111011110 26
1110011111110 8
1111111111101 38
1111111101100 12
1111111101111 16
1111111111111 62
1110111111101 12
1010011011101 2
1111011011100 49
1111111011100 28
1110111111111 17
1110011011111 11
1111011011110 61
1111111111100 76
1110111000100 1
1111011111110 22
1011011011100 10
1110111001110 2
1110011011101 12
1110111011110 6
1110011111111 6
1111111111110 80
1010111111110 3
1111111001110 6
1110011111100 6
1111111001100 5
1110111011111 8
1010011001110 2
1111111101101 8
1111111101110 14
1111011101100 2
1110011011110 12
1111011011101 34
1111011001111 6
1111011010111 3
1111011111111 18
1111111011101 8
1110011101101 2
1011011011111 2
1011111101110 2
1110111101111 3
1111111110100 4
1100111101111 1
1110011111101 3
1110011001101 2
1111011001100 4
1111011111100 12
1110111011100 9
1011111011101 2
1110111111110 16
0111111111110 2
1100011011110 2
1010011011110 1
1110011001111 4
1110011001110 2
1011011001111 1
1010111011101 1
1100011011100 2
1111011001101 4
1111111011111 19
1111010101111 1
1111111010101 1
1110111011101 3
1111011011011 1
1010111011100 1
1110111101101 1
1111111001101 3
1111011001110 7
1111010011110 1
1011111101100 1
1111111110101 1
1111011010110 2
1011011011110 7
1110111110110 1
1111010101101 1
1110111101100 5
1010011011100 3
1111011010101 1
1111011011010 1
1111011010100 2
1111111110111 1
1111001011100 1
1110101001110 1
1111111111010 1
1111011110110 1
1110111001100 1
1111111111011 1
1100111111110 2
1110011100110 1
1010111001100 1
1110111101110 5
1111111001011 1
1011111111110 4
1111011011001 1
1110011101111 3
1111111111000 1
1111001111100 1
1111001011110 1
0110111011110 1
1011111101111 2
1111110111111 1
1010111101110 1
1110111110101 1
1111111010100 1
1010111111101 3
1111111010110 2
1111101001110 1
1111011101110 2
1101111111110 1
1111111001111 3
1110110111100 1
1100111111111 2
1010011111111 1
1111011101101 1
1011111111111 6
1111001011101 1
1111010011100 1
1110011001100 2
1100011001100 1
1110011101100 2
1010111011110 1
1110111110111 1
1111011000110 1
0110011011111 1
1111010001101 1
1011111011111 3
1011011111110 2
1011111111101 2
1011011001101 1
1011111111100 1
1011011001110 1
1011111011100 2
1011111011110 1
1010011011111 1
1011011001100 2
1010011111100 1
