number of shots: 1024
more frequency result: 1111111111100
1111111011101 24
1111111111101 22
1111111111110 83
1110111011110 11
1111111111111 52
1111111011100 87
1111111111100 92
1111011011100 31
1111111001100 28
1111011111110 26
1111011011111 13
1110111011111 2
1111011001110 6
1111011011110 18
1111111101100 20
1110011111100 7
1111111011110 80
1111011111100 18
1110111111100 9
1111111001111 20
1111111101101 11
1111110111100 1
1111111101111 22
1110011011110 6
1110111111110 12
1110111111111 6
1110111111101 2
1111011001100 5
1111111011111 45
1111011101111 9
1101011011110 2
1111101101100 1
1111011111111 15
1110011111110 7
1111011101110 9
0110111011110 1
1111011101101 3
1110011011101 1
1111111001101 14
0110111111100 2
1111111101110 29
1111111001001 2
1111011101100 9
1110110001101 1
1110010001110 1
1100111001110 1
1111111100101 1
1111110101100 1
1111111001110 25
1110011011100 3
1110110101110 2
1110011111111 2
0100111111111 1
1101111101100 1
1111011001101 4
1111111110111 2
0110111011100 2
1100011001111 1
1110011011111 2
1110111101111 2
0110011111101 1
1110111011100 2
1111111010100 2
1111001111111 1
1110111001111 1
1111111011010 1
1110111001101 3
1101011111111 1
1100011001100 1
1101111111111 3
1110011101111 1
1110111001110 3
1111101101101 1
1111001011110 1
1111011011101 11
1111001001110 1
1110111010110 1
1101111011111 4
0110111111111 2
1111111011000 1
1101111011100 2
0111111011110 1
1101111011101 1
1111110011001 1
1110110101111 2
1110011101110 2
1110111101100 1
1101111111110 2
1110111011010 2
1101111111100 2
0110111111110 1
0110011111100 1
1110111001100 4
0110011111110 1
0110111101110 1
1011111111101 1
1111011111101 3
1111101011100 1
1111011011000 1
0110111011111 1
1111011100110 1
1111111111000 1
1111011001111 3
1111101001111 1
1100111011010 1
1110110111110 1
1110111100100 1
1111011111011 2
0111111011111 1
0111111011100 1
1101011111100 1
1110111100110 1
1101111011110 2
1110011001110 1
1110111101101 1
1110011101100 1
1100011111100 1
0111011111100 1
1111111110100 2
1111011011011 1
1111111010110 1
1010111011110 1
1111101011111 1
1100011011100 1
1110110001110 1
0111111101101 1
1111011110110 1
1111101101110 1
1111111111011 1
1101011011101 1
1111101011110 1
