1110111011110 41
1110011111100 31
1110011111110 28
1111111111100 25
1111111111111 24
1110111111100 58
1111010011111 1
1110111011111 45
1111011111100 11
1111011111111 11
1110111101111 12
1110111000100 1
1110111111110 59
1110111101110 15
1110011001110 10
1100011011111 1
1110011011111 22
1111111011111 27
1100111011100 5
1111111111110 12
1111011011111 5
1101111101101 3
1110111011100 46
1110111101100 17
1110111001111 12
1111011101101 2
1111111001110 4
1111011011101 5
1111111011110 18
1111111111101 1
1110011101100 17
1111111101110 11
1110011011110 16
1110111111111 44
1110011001100 9
0111011111101 1
1111111010110 1
1110011000110 1
1111111011100 25
1111011111110 13
1110011110100 2
1111011011110 7
1101011011111 1
1110010111110 1
0111111011101 1
1110111001100 16
1110111001101 3
1101111111100 5
1111011101100 4
1110111101101 6
1110011001101 2
1110011111111 19
1110110011100 4
1111110011110 1
1101011111100 2
1110111111101 12
1110001001110 1
1111100011111 1
1111111110110 1
1110111001110 16
1110011111010 1
1110011011101 6
1111111001111 3
1111111101111 4
0110111011110 4
1110011011100 23
1101111111101 1
1111011101111 3
1011111111111 1
1110110011110 1
1100111111100 2
1011011011110 1
1111111000100 1
1110011101110 7
1111111101100 8
1110011110110 1
1111111011010 2
1111111001100 8
1111111000110 1
1011111011110 2
1101011111111 3
1100011111100 2
1111011001111 2
1100011001101 1
1110111011101 10
1101110111111 1
1100011101110 1
1111111011101 3
1110101111110 1
1000111111100 1
0110011111111 1
1110110111100 1
1110011001111 5
0100011111111 1
1101111111110 2
1111110111100 1
0111111011110 1
1111010011100 2
1100111111110 2
1110011000100 1
1111011001100 4
0111111011111 1
1110111111000 3
1110111110111 1
1111010010111 1
1111011011100 5
1111010001110 1
1111110111111 1
0110011101100 2
1111011001101 1
1101111111010 1
1110111010110 1
1110111011000 2
1111011101110 2
1110010101111 2
1111110001101 1
1100111011110 1
1111111001010 1
1111110111110 1
1110011001010 1
0110111101110 1
1101111011100 4
1110110001111 1
1111011001110 3
1111111000101 1
1101111011110 2
1111110001100 1
1111110101111 1
1110111010111 1
1110011101000 1
1101011001111 1
1110110111110 2
1101011001110 1
1110011101111 5
1111011111101 1
1110011111101 2
1110011010110 1
1110110011101 2
1111011111001 1
1111101001110 1
1110101011111 1
1110111001010 1
1110011000101 1
1111111101101 1
1111011011001 1
1100111111000 1
1100001011100 1
1101111011111 1
0110111101101 1
1011011011111 1
1111110101100 1
0110111111110 1
1110011111000 1
1101111101111 1
1100111011111 2
0110111111100 1
1101011011110 2
1111111101010 1
1100111001110 3
1110011101101 2
1110010001110 1
1110010111100 1
1101111001111 1
1100011101101 1
1110111110110 2
1110111000110 1
1110111100110 1
0111111111100 1
1111110011100 1
1111001001110 1
0110011111110 1
1101111111111 1
1110110111111 1
1110110011111 1
0111101111111 1
