1111111011100 13
1110111011110 9
1111111101110 45
1111111001101 20
1110011011110 12
1110111101111 22
1111111101111 35
1110111001100 13
1110111101110 29
1111011001110 39
1110111001111 10
1111111011101 8
1110111101100 39
1110111001110 25
1110011001110 13
1111011001111 19
1110111111100 15
1111011111100 8
1010111101111 1
1111011011111 8
1111011011110 12
1111011001100 33
1111111111101 11
1010111101100 1
1111111111110 24
1111011101100 14
1111011101110 23
1110011001100 15
1110011001111 16
1111111101100 51
1110011111100 5
1111111011110 10
1110011111110 4
1110011011100 7
1111111101101 37
1111111001100 23
1111111001110 33
1110011001101 10
1110011011111 6
1111011101111 8
1110001011101 1
1111111001111 18
1111110111110 1
1101011011111 1
1110111111110 13
1111011101101 4
1110011101110 8
1111101011100 1
1110111111111 7
1110111001101 5
1110111011100 9
1101011001111 1
1110111101101 16
1111111111100 17
1111001001110 1
1111011111101 4
1111011001101 15
1110111111101 9
1111001011111 1
1101111101111 1
1110011101100 10
1110011011101 3
1111101111101 1
1101111001101 1
0111011001110 1
1111011111110 4
1111011011100 10
1111111111111 9
1111111111011 1
1111111001000 1
1110111011111 3
1111111101011 1
1101011011100 1
1111011011101 7
1010111101110 1
1111101101110 1
1111001011101 1
0110111101110 1
1110011111111 2
1110111001000 1
1100111101110 2
1111101011110 1
1011111011010 1
1111111001010 1
1100011001111 1
1111111101001 1
1110111011101 4
1101111001111 1
0111111111110 1
1101111001110 1
1111111011111 5
1110111111000 1
1101011101000 1
1111011000101 1
1111111000110 1
1110110011110 1
1101111011111 1
1111011000111 1
1100001111110 1
1101011001101 1
0111111101110 1
1101011001110 2
1010011111110 1
1111011000011 1
1110001111110 1
1111110011111 1
1110111100111 1
1100111001100 1
1111111100111 2
1111111010100 1
1101111101011 1
1111110001100 2
1111101101111 1
1111001001100 2
1010111001100 1
1110011101111 3
1110011101101 5
1111011101000 2
1111011100100 1
0110011001101 1
1111010111100 1
1100111001110 1
1111001001111 1
1110010001101 1
1010011011111 1
1101011101001 1
1100111111111 1
1100111101100 1
1101111101110 3
1100011101111 1
1110001001100 1
1111111110100 1
1011111101101 1
1100111011100 1
1111011111111 3
1111011101001 1
1111101001101 1
1101111111110 1
1111111000101 1
1111110011110 1
1100011011110 1
1101111011100 1
1111010111111 1
1110101001111 1
1111011011010 2
1110111001011 1
1110001001111 1
1111101101100 1
1111011110110 1
1111001011110 2
1111010111110 1
1110111001001 1
1110011111101 1
1110001101100 1
1101011101110 1
1111111100110 1
1111111000100 1
1110010001100 1
1010011001100 1
1111011001001 1
