number of shots: 1024
more frequency result: 1111011101101
1111011101111 52
1111011101110 38
1111011001100 11
1110111000111 1
1111111101100 8
1111011111110 30
1110111001110 9
1101111011100 2
1111011011111 17
1110111001101 8
1111011111100 39
1111011011100 18
1110011001110 5
1111011001111 21
1101011111101 5
1110011101101 14
1110111111110 6
1110111110111 1
1111111001111 12
1111011101100 38
1010111001111 2
1111111111101 10
1111111011100 24
1111011111111 43
1011111011100 3
1101111010110 1
1111011001110 13
1111011111101 47
1111011101101 59
1111111101110 4
1101011111110 4
1111011110101 4
1101111011101 5
1111111011111 22
1110111111101 7
1111111011101 29
1111011011101 26
1101110111111 1
1110011111100 6
1101011011101 1
1101011001100 1
1011011101110 2
1110111001100 1
1110111001111 9
1110011101100 7
1100011011100 1
1101011111000 1
1110011111110 3
1110011011111 3
1110111011111 9
1111111011110 18
1111010011110 1
1111111111111 8
1111011011110 19
1110011001100 3
1110111101111 3
1110111101110 3
1110111101101 5
1110111111100 3
1111111111110 15
1110111011101 15
1111111001110 12
1111111111100 7
1101011101111 3
1011011101111 2
1110111001000 1
1111111101101 10
1111011001101 13
1110111011110 8
1111111001101 14
1101111111100 1
1111011010110 1
1110111100100 1
1111111110100 1
1100111001111 2
1111111001100 9
1110011001101 6
1101011111111 4
1101011011111 1
1100111001100 1
1111111101111 4
1111010111100 1
1011011011111 1
1100011001101 1
1110111111111 4
1111001011111 2
1100011111100 1
1110111011100 8
1011111011111 1
1111101001101 1
1110011111101 4
1010011101110 1
0110011001100 1
1110011000100 1
1111001011101 2
1111011111000 2
1101111011110 1
1101111001101 1
1101011101101 2
1011111101101 1
1110011111111 2
1111011110110 2
1011011001101 2
1111001111111 2
1111011010101 1
1101011111100 2
1110110011111 1
1100111101100 1
1111011110100 2
1101011101110 2
1101111000100 1
1111110111111 1
1101111111101 2
1110011101111 4
1110011011110 5
1101011100111 1
1110011011100 2
1110001111001 1
1110011010101 1
1111111001001 1
1010111101110 2
1011011101101 2
1111111110110 1
1010011011111 1
1011111001100 1
1011111001110 1
1111011100101 2
1100111001110 2
1000011111110 1
1011111111101 1
1000110001111 1
1110010001111 1
1110011011101 3
1111011100110 2
1110011101110 5
1111011011001 1
1110010111100 1
1101111001110 2
1111111010111 2
1000111011100 1
1010111011101 1
1100111011111 1
1110011100111 1
1100111111111 1
1111011101010 2
1101001011100 1
1110111101100 1
1010111011110 1
1111111100110 1
1101011011100 1
1010011101111 1
1010111011100 1
1011011110111 1
1011011111111 1
1111110111101 1
1111011100111 1
1111011010100 1
1011011001100 1
1010111001100 1
1101111101111 1
1011011011100 1
1111001011110 1
1101111001100 1
0111111111101 1
1011111001111 1
1111101101101 1
1001111011111 1
1011111101110 1
1011011111110 1
1110011001111 1
1111111110111 1
1010111001101 1
1011110111110 1
1101111101100 1
0110011101100 1
1100011011110 1
1101011110100 1
1101111011111 1
1111110111100 1
1010111111100 1
1001111011100 1
