number of shots: 1024
more frequency result: 1111011011100
1111011011110 38
1111011001100 21
1111011111100 40
1111011011100 46
1111111011110 26
0111111011110 1
1111011001110 20
1101011001100 1
1111111001100 16
1011011011100 1
1110011111110 7
1110111011101 6
1111011011111 33
1111011111101 31
1110101111110 1
1100011111110 1
1111011001111 19
1110011001101 2
1111011101110 15
1111011111111 40
1111011101111 23
1111111101111 6
1111001001100 3
1111111001111 7
1110111011110 16
1110111111110 9
1111011000100 1
1111111011111 23
1111011111110 41
1111011011101 24
1111111111100 30
1110111011100 8
1111111111110 35
1110111111111 12
1110111011111 8
1110111111101 8
1110011101111 5
1111111011010 1
1111111001110 15
1101011011111 2
1110111010100 1
1111011001101 17
1110111101100 8
1111111011100 23
1111011010110 3
1111111111111 26
1110111001101 5
1110111110100 1
1111111001101 5
1111011101101 17
1111011101100 30
1110001101101 1
1110101101100 1
1110111001100 9
1111111011101 15
1110111111100 11
1110111001111 12
1111101011110 1
1111101111111 2
1111111101100 13
1110011101100 4
1110011001111 4
1110111101111 5
1111001111110 2
1111111101110 14
1111111111101 17
1110101101110 1
1110101011101 1
1111111101101 12
1111001111100 2
1111011011001 1
1110111001110 7
1111111110110 1
1111001101110 4
1101011111100 1
1110111101110 5
1111111000100 1
1111011110111 1
1100111001101 1
1111111111001 3
1111101001100 1
1111001011100 2
0110111101101 1
0111011001100 1
1010111011101 1
1111101111100 1
1110011111111 4
1111001001101 2
1110011001100 4
1111101101111 1
1010111101110 1
1111011001011 2
0111111101000 1
1110011011101 1
1110011101110 2
1111101101101 1
1111111101001 1
1111011110101 1
1111011011011 2
1110011011110 4
1101011001111 1
1111111000110 1
1100011101111 1
1111001001110 1
1110111101101 4
1110101111111 2
1111101111110 1
1101011111110 2
1110011111100 2
1111101011111 2
1110111010101 1
1111111111010 1
1111001101100 1
1111111101010 1
1110011011100 2
1111111010100 1
1010111101111 1
1100111111110 1
1111101011100 1
1111111100111 1
1110011101101 1
1111111011000 1
1110111110110 1
1010111101101 1
1111111111000 1
1111011001010 1
1100111111111 1
1111011111011 1
1110001111110 1
1111011110100 2
1110011101001 1
1111011010111 1
1111101101100 1
1111011001001 1
1101111111100 1
1110001101111 1
1110011111101 1
1110111100101 1
1111111100100 1
1111001011010 1
1100111001110 1
1111011011000 1
0111011111100 1
1111001111101 1
1111001000100 1
1111101001110 1
1111001001111 1
1111011100100 1
1101011101111 1
1111011101010 1
1111111100110 1
