number of shots: 1024
more frequency result: 1111111011111
1111111101100 20
1111111111111 52
1111111111101 27
1111011111100 12
1111111001101 23
1111001111110 2
1111111011100 27
1110001111101 1
1111111101101 18
1111111011101 31
1111101110111 1
1111011101100 7
1111011100110 1
1111011001100 15
1111011011100 15
1111001001101 1
1111110001100 2
1111011011110 21
1111111001100 25
1111011101111 15
1111011111111 26
1111111101111 40
1111111111100 28
1111011101110 22
1111111011110 56
1111111111110 46
1010011001110 1
1110111111100 3
1111011011111 26
1111101001111 1
1101111101110 1
1111111011111 57
1111111001110 34
1111101101111 2
1111011111110 24
1111011001110 23
1111111001111 36
1110111111110 5
1110111001111 11
1111011001111 23
1100111101111 2
1111111101010 1
1101111001101 1
1011111001101 1
1011111101111 1
1111011011101 6
1111111000111 2
1111011011011 1
1110011011101 4
1010011001111 2
1110011101110 3
1110011001100 2
1110011101101 4
1111111101110 28
1111101101110 2
1111011110111 1
1111101011111 3
1110111001010 1
1011011111110 1
1110111111111 9
1110111101111 9
1010111001100 1
1110011011111 2
1111101111111 1
1110111001101 3
1010111011110 2
1110111101101 3
1110011011110 4
1110111011111 1
1100111011110 1
1111111100101 1
1110111011100 7
1100101011111 1
1110111001110 4
1111011001011 1
1111111010100 1
1010011101101 2
1110011111111 1
1110111011101 1
1010111011111 2
1010111001111 2
1110111101110 4
1010001101100 1
1111011111000 1
1111101001110 1
1101111011100 1
1010011111110 2
1110011111110 3
0111011111111 1
1110011001110 3
1111011111101 5
1110011101001 1
1111110001101 1
1110101001110 1
1110011101111 3
1111010101100 1
1110111011110 4
1111111011000 1
1010011101110 1
1110111101100 6
1111011101101 8
1111111111010 3
1111011001000 1
1111111010110 1
1111011001101 10
1111101011110 1
1111111101000 1
1111101001011 1
1111001111101 1
1111011101011 1
1111011010101 1
1110111111101 4
1111110111101 1
1111111001000 1
1110011001111 2
1111001001110 1
1011011111100 1
1111111001011 2
1110101001101 1
1111001011101 2
1111101101101 1
1111011100101 1
1111101111100 1
1110011101000 1
1110011111101 1
1111011010111 1
0110111001100 1
1111001011100 1
1111001101100 1
1111011001001 1
1110111101000 1
1011111011101 1
1110111111011 1
1011011111111 1
1111111110100 2
1010111001101 1
0110011001110 1
1110101011111 1
1110111100101 1
1111001111111 1
1111111011001 2
1110011101100 1
1111111101001 1
1010011001101 1
1100111101110 1
1010111000110 1
1100111111110 1
1111010111110 1
1011111111110 1
1111011010100 1
1100011101101 1
