number of shots: 1024
more frequency result: 1111111011100
1110111011100 88
1110011011111 18
1110011101100 8
1111011111100 32
1110111111100 60
1111011011101 10
1110011011100 56
1111111111100 82
1110111011101 38
1110111011111 14
1110111111111 15
1110001111100 2
1111011011100 36
1111111111101 24
1111111011100 91
1111111011110 16
1110011111100 25
1110011001110 2
0111011111100 1
1010111111101 2
1111011011110 11
1111111111110 13
1111011001101 2
1111111010101 1
1111011111110 7
1110111111110 21
1110011101111 3
1101111011110 1
1110011011101 11
1110011111101 11
1100111111101 3
1110111011110 13
1110011001100 10
1101011011100 2
1110111101100 12
1111011011111 10
1111111011001 1
1111111011111 16
1111111011101 17
1111111111011 2
1111111101100 3
1110011101110 3
1111111111111 12
1111011110001 1
1111111101101 2
1111011111101 11
1110011111110 9
1110111111101 11
1111111110100 1
1111011001111 3
1100111111100 5
1110111101111 2
1111011111001 1
1111011101111 1
1111011101100 9
1111111011011 2
1110011101011 1
1111001111100 2
1110011010100 1
1110011011110 4
1111111101110 4
1110011111111 7
1111011101101 1
1111111001110 4
1011101101111 1
1011111011100 2
1110011111000 3
1111111001101 2
1110111011001 1
1110011110111 1
1111011001100 5
1111111001100 12
1110111111000 1
1111110011100 3
1111111110101 1
1010111011100 2
0111011001100 1
1111111001010 1
1110111101110 2
1110111001101 5
1101011011101 1
1110011110110 1
1110111001100 9
1110111110111 3
1111111101010 1
1111110101100 1
1110111101010 1
1111001011100 1
1011111111100 3
1111111010000 2
0110011001111 1
1110011011011 1
1100111011101 2
1110011001101 2
0111011011100 1
1111111010110 1
1110001101111 1
1101111111100 2
1111110001101 1
1111111101111 1
1111111111000 1
1110001011111 1
1111111111010 1
1110111001111 2
1101111010101 1
1110111110110 2
1110111101101 2
1011011111111 1
1110001011100 1
1110011101101 1
0111111011101 1
1100011011100 1
1111111011000 4
1111111011010 2
1111011111111 3
1111011101110 1
1111010111100 1
1100111011100 2
1110110001111 1
1110110111100 1
1110111011011 1
1011011101100 1
1110111001110 1
1111011011000 1
1110101101111 1
1011111101100 1
1111101011100 1
1110011010111 1
1110110011100 1
1110101111110 1
1110011011000 1
1101110011111 1
1111011001110 1
1111111110111 1
1111011010111 1
1110111010110 1
1101011111101 1
1110111001000 1
1110110111011 1
0111111111100 1
1101011111110 1
1010011111101 1
0101111111110 1
1111111001111 2
1101011011111 1
0110111011100 1
1110111011000 1
