number of shots: 1024
more frequency result: 1111111111111
1111011011101 9
1111111011110 42
1111111111101 52
1110111001100 6
1111111001111 38
1111111001110 29
1111111011111 49
1111111011101 46
1111011101110 10
1010111011111 2
1111111111111 60
1110111011111 17
1110111111110 12
0111111111111 1
1111111010111 3
1111011011111 13
1111111111110 46
1111111001100 23
1111111111100 52
1111111100111 4
1110111001110 6
1110111111101 7
1111111101110 31
1111111011100 54
0111011111110 1
1111011011110 7
1010011011110 1
1111111101111 39
1111111000100 1
1110111011110 8
1110101001110 1
1111011111111 10
1111101101100 1
1111111101101 22
1111110011110 1
1111000101110 1
1110111101100 4
1111111001101 18
1111111010101 1
1111110011100 4
1111111110100 3
1111111101100 31
1010011111111 1
1110111011100 5
1111011101101 4
1111011011100 11
1111111000110 1
1010111101111 1
1111110111111 3
1110111010110 1
1110011001101 1
1111110011111 3
1111010011110 1
1011111111101 1
1111011101111 9
1110111111111 10
1110111001111 7
1110011111111 1
0111111111100 2
1111111110111 1
1010111101100 1
1110011111110 2
1110111101101 6
1111011101100 1
1111011001101 5
0110111111110 1
1110111011101 10
1011111001111 1
1010111111111 1
1110111001101 5
1111011111101 9
1111011001111 3
1110111111100 6
1111011000111 1
1100111000100 1
1011111101110 1
1110011101010 1
1110011011111 1
1111110001110 2
1111111110101 3
1011011101101 1
1100110111100 1
1010011001100 1
1010111011110 3
1011110011111 1
1111111110110 3
1110110111111 1
1110111010111 1
1011111011100 1
1111111010100 3
1110111101110 4
1111011110100 1
1110010101101 1
1110011000101 1
1110111010101 1
1110011101101 1
1011111111100 1
1111011001100 6
1111011111100 6
0111111011110 2
1110100011100 1
1111110101100 1
1011011011100 1
1111110011101 1
1110111110111 1
1110011111100 4
1111011001110 4
1011011011111 2
1110111101111 9
1110011111010 1
1111101111110 1
1110011001100 3
1111011111110 9
1011111111111 5
1111111010110 1
1110011011110 3
1110011011100 2
1110011101000 1
0111011001110 1
1010111111101 2
1111111111011 1
1111111011001 2
1111110111101 1
1111011010110 1
1111111100100 2
1011110111110 1
1011111011101 1
1111110001100 1
1111111011000 1
1110011001000 1
1111011110111 1
1111111101011 1
1111111001000 3
0110111111111 1
1010111001100 1
1110011101111 1
1011011001111 1
1010111011100 3
1110011011101 1
1111110111100 1
0111111001100 1
1111111001011 1
1111011110101 1
1110011101110 1
0110111011101 1
1110111010100 1
1111111011011 1
1111111100110 1
1111101011101 1
1011111101111 1
1111111111000 1
1111110101111 1
0110111011111 1
1111011111011 1
1111111000101 1
