number of shots: 1024
more frequency result: 1111111111100
1111111001110 26
1110011001110 8
1110111111100 23
1110111011110 22
1110011011111 6
1110111101110 13
1111111011101 25
1110011111101 5
1110111101100 25
1110111111110 30
1110111011101 17
1110111111101 22
1111111101100 31
1111011111101 4
1111111011110 33
1110111100100 3
1111111011010 1
1111111100111 4
1111111001111 22
1111111101110 27
1110111011111 14
1111011101101 7
1011111101111 1
1110011111110 4
1011111011110 1
1011011011100 1
1111011011110 13
1111011101100 10
1110111011100 26
1111111101101 19
1010011011111 1
1110111001100 21
1111111001100 38
1110111101101 15
1111111001101 13
1111111101111 14
1111111111111 28
1111011001100 11
1111111111110 37
1110111101111 15
1110011000111 1
1111011011100 11
1111111110101 3
1110111001110 20
1010011101110 1
1110011001100 12
1110111010111 1
1111111111100 39
1111011001110 11
1110111010101 1
1111110101110 1
1010111000111 1
1110011001010 1
1110011111111 4
1111111111101 26
1111110101100 1
1110011011100 6
1110011001111 3
1111011101110 7
1111011111110 5
1110011101100 4
1011011111100 2
1110011001101 5
1111011100110 1
1111011111100 10
1111111100101 2
1111011001101 5
1110111001111 7
1110111101010 1
1110011011101 8
1111111011100 37
1110011111100 6
1111011101111 5
1110011101110 4
1110011101101 3
1111111011111 19
1110111100101 1
1110011011110 8
1110111001101 9
1110111111111 9
1111111000111 2
1111111010111 1
1100011011111 1
1110101111100 1
1110011101111 1
1100111111111 1
1111011001111 6
1110111110011 1
1010011110100 1
1110110001100 1
1110110111111 1
1111110011101 1
1011111001100 1
1011111110101 1
0111111111100 1
1011111011100 2
1111110111100 1
1110110111011 1
1111111000100 3
1111011010110 2
1111111111001 1
1011010001110 1
1111111110110 1
1111011011111 3
1010111101100 1
1111011010111 1
1110111110100 2
1110011011001 1
1110011110110 1
1110111110110 1
1111011000101 1
1110111100110 1
1010111011101 1
1101111101110 1
1111110011110 1
1111111111000 1
1011111101100 1
1111111001010 1
1111011011101 5
1011011101100 1
1011111111101 1
1110001101101 1
0110111001111 1
1010111011100 1
1010111001010 1
1111011101010 1
1101111011100 1
1100111001100 2
1100111011110 1
1011111001110 2
1111111110111 1
1110111000100 2
1111101001100 1
1111111111011 1
1111111010100 1
0110111111110 1
1011111001101 1
1011111111110 1
1111111011000 1
1111101001101 1
1110111000110 1
1011011001100 1
1111011110100 1
1110111010100 1
1110110111110 1
1110011010110 1
0111111010101 1
