number of shots: 1024
more frequency result: 1110111111100
1111111111110 23
1111111101110 6
1110011011111 14
1110111111111 19
1110111001101 6
1110011011100 31
1111111010100 2
1111111111100 28
1110111001100 19
1111111001101 5
1110111011111 25
1110111011110 46
1110011111101 12
1111111101101 6
1110010011100 1
1110111111110 46
1110011101100 13
1110111111101 19
1111011111100 25
1111011101111 4
1110001001100 1
1111111011100 28
1011111101110 1
1110111111100 53
1110011111100 34
1110111001110 12
1110011111110 35
1110111101100 23
1110111011100 40
1110011001100 18
1111111001110 6
1111011111110 11
1110111011000 1
1110111101111 2
1111111111101 2
1111011011110 14
1110011110100 6
1111011001000 2
1111011111101 4
1111111001100 12
1110011111000 2
1110111001111 6
1110011001101 6
1110111101110 12
1110111110110 3
1110011111010 1
1110011001110 11
1111011111111 7
1110011011101 17
1110011010101 2
1110011011110 39
1011111011110 2
1110011111111 21
0110111101110 1
1111111011110 24
1111111110100 3
1110011101110 14
1111011001111 3
1111111011111 6
1110111101101 2
1111011011100 14
1111111101100 8
1110111010110 4
1110110111111 1
1110111100110 1
1111011000100 1
1111011101110 6
1110011110110 3
1111011011111 4
1111001001111 1
1111011101100 7
1110011000100 1
1111011011101 4
1111111011101 9
1110011011000 1
1011111111110 1
1110111000101 1
1110011010100 3
1110010101110 1
1111111100101 1
1110011101101 4
1110111011101 15
1110011110101 1
1011111101100 1
1111101011110 1
1110001011110 1
1110111010100 3
1110011101111 3
1110110011101 1
0111011111101 1
1111111001111 6
1111111111000 1
1110111101000 1
0111011011111 1
1110011001111 7
1110010011110 1
1111011001110 5
1110110001110 1
1100011110101 1
1111011011010 1
1110011101010 2
1111111101111 1
1110111110111 1
1111011110111 1
0111111111110 1
1111011001100 5
1111011010100 1
1110010111100 1
1111110111110 1
0110011101100 1
1110111100101 1
1111111111111 3
1111011110110 1
1110111111001 1
1111011001101 1
1111011000101 1
1110011100100 1
1110011010110 2
1011111001110 1
1111111010111 2
1010011001110 1
1110011100110 1
0110011111110 1
1110011000101 1
1110111110100 1
1110111010101 1
1111011100110 1
1111011000110 1
1111011100101 1
1100111110100 1
1111011101101 1
1110011100101 1
1111011010111 1
1111111110110 2
1100111011100 1
1110111100100 1
1110111000111 1
1110011011010 1
1111011010110 1
1110011001001 1
1110011110111 2
1110111011001 1
1110011111011 1
0110111111110 1
1110111011011 1
0111011111100 1
1011111011100 1
1101111011111 1
