number of jobs: 10
percentage of hits: 2.169273410418984e-11
more frequency result: 1111011011100
1111111111111 241
0110111101100 2
1111111111101 184
1111011011100 451
1110011111100 128
1111011111101 147
1110111111100 239
1110011001111 51
1110111011110 121
1010011111100 5
1111111011100 373
1111011011011 6
1011011001110 2
1111110111101 2
1111011001111 111
1111011111111 174
1110111011100 199
1111011101100 211
1111111101110 169
1111011111110 173
1111111111100 435
1111011101111 144
1111011001100 215
1110111111101 92
1110011001100 92
1111011111100 318
1111011001110 123
1110011011100 186
1010111111100 2
1111111111110 306
1110011001101 42
1110111001100 113
1110111011111 110
1111011011111 176
1110111111111 126
1111011011110 209
1110111111110 154
1111001011100 6
1111010011100 7
1101111011100 13
1110111101100 128
1111011101101 128
1110011011110 75
1110011011111 65
1101011011100 7
1110011101101 34
1111011011101 166
1110011101100 82
1101111111110 9
1010011011100 6
1111111111000 6
1111111011110 238
1111011001101 122
1111011101110 140
1101111111100 14
1111111111011 4
1011111111100 6
1111011010100 5
1111011111011 4
1011011011101 1
1101011111100 8
1011011011100 18
1111111001100 201
1111011010111 6
1110111011101 76
1100111111110 7
1111011011010 4
1111111110100 9
1011011111100 2
1110111001111 72
1110110011101 3
1111111011111 208
1110011011011 3
0110011011100 3
1110111101111 69
1110001101010 1
1111011110100 7
1110011111010 2
0110111011100 3
1111010001100 2
0111111111100 4
1111010011111 3
1111111011101 155
1111111011010 8
1111111101100 209
1111110111100 5
1100011011100 6
1011011111101 1
1101011011101 6
1111111001111 120
1010111011000 1
0111111011100 4
0110011001100 3
1111111010100 10
1110011101110 40
0110111111100 4
1110111101101 64
1111111110111 6
1111101001101 4
1111001011110 6
1111110001100 6
1111111010110 6
1111111011000 3
1011111011100 6
1110111101110 75
1110010111100 4
1111111101101 123
1110111001101 54
1011111111110 5
1110011011101 36
1110011010111 2
1111101011100 4
1110111010111 3
1001011111100 1
1010111011110 5
0110111011101 1
1011111011110 4
1101011101101 3
1010011111111 2
1111111101111 129
1110011001110 43
1111110101111 2
1110011111101 30
1111111001110 152
1111110001101 2
1111101101100 5
1110111011010 4
1110011101111 28
1111110011100 3
1110111001110 75
0110111111111 3
1111111001101 111
1111011011000 5
0110111011111 2
0110111111110 3
1110011110100 3
1011111011101 5
1111001101100 2
1110111000101 2
1110011111110 72
1111110111110 3
1110011100101 1
1110111111001 1
1111110001110 1
1111111100110 4
1010111111101 4
1110111011011 1
1110001011100 1
1111111011001 1
1110011111111 49
1110111110101 2
1101011111101 6
1110010111111 1
1110110101110 3
1110111001000 3
1110111111011 1
1111111000100 4
1110110101100 2
0110011111101 4
1110011111011 1
1111110001111 1
1111010101100 1
1110111010100 2
1110111110100 2
1111111000110 4
1111101001100 3
1100111001100 4
1111011110101 6
1100111101110 4
0110011101100 5
1001011111111 1
1111011100101 5
1100111011101 1
0111111011111 3
0111011101111 1
1111011100111 4
1011111001100 2
0110111001110 1
1111111001011 3
1101011001101 2
1100111101010 1
1101111101100 3
1110111000100 3
1110101111100 1
1010011001100 3
0111011001111 1
0110111101110 4
1111101101111 3
1101111000111 1
0111111101100 1
1010111011101 4
1110111100111 3
1100111001110 9
0111111111101 2
0111111111111 1
0111111111110 4
1111111110101 2
1111101101101 4
1101111001101 3
1011111101100 2
1101111111101 4
1110101001110 2
1111011101010 5
1111111101000 3
1100111001101 2
1100011001100 4
1101011111110 7
1101111011110 6
1101011101100 1
1100111011110 2
0110111011110 7
1010011111110 2
1100111101100 3
1100011101101 2
1100011111100 5
1110101111110 3
1101111111111 5
1110111101001 1
1111111111001 4
1101111101101 4
1101111001100 2
0111011101100 1
1100111111100 4
1100111111101 1
1101011001111 4
1100111101111 2
1111101111100 2
1101011011110 4
1111111001001 3
1110110001101 1
1110010001110 2
1111111100101 3
1111110101100 2
0100111111111 1
1100011001111 2
1111001111111 3
1101011111111 8
1111001001110 5
1110111010110 2
1101111011111 7
0111111011110 3
1101111011101 6
1111110011001 1
1110110101111 2
0110011111100 1
0110011111110 2
1011111111101 4
1111011100110 3
1111101001111 1
1100111011010 1
1110110111110 3
1110111100100 2
1110111100110 2
0111011111100 2
1111101011111 3
1110110001110 1
0111111101101 1
1111011110110 5
1111101101110 2
1111101011110 3
1110011011000 1
1011111101101 3
1111011101011 1
1111111001000 4
1110011011010 3
1111110011111 2
1111110001010 1
0111011011100 1
1111010111100 3
1010011011101 3
1111011001000 1
1010111011100 3
1110010011100 1
1111111000111 1
1110101101100 2
1100011101100 2
1101011001110 4
1110001101101 2
1100111011111 4
1110011101010 1
1110010001100 2
1111001101101 1
1111001101111 1
1010111111110 3
1010011001110 2
1011011011111 4
1011111101110 3
1100011011110 4
1010011011110 1
1011011001111 1
1111010101111 1
1111111010101 1
1111010011110 2
1111011010110 6
1011011011110 8
1110111110110 4
1111010101101 1
1111011010101 2
1111111111010 2
1110011100110 1
1010111001100 3
1111011011001 4
1111001111100 3
1011111101111 2
1111110111111 3
1010111101110 5
1111101001110 3
1110110111100 2
1100111111111 5
1011111111111 7
1111001011101 4
1110111110111 3
1111011000110 1
0110011011111 1
1111010001101 1
1011111011111 4
1011011111110 3
1011011001101 3
1010011011111 3
1011011001100 3
1100011011111 1
1100111011100 6
0111011111101 1
1110011000110 1
1101011011111 5
1110010111110 1
0111111011101 1
1110110011100 4
1111110011110 2
1110001001110 1
1111100011111 1
1111111110110 3
1110110011110 2
1110011110110 1
1100011001101 2
1101110111111 2
1100011101110 1
1000111111100 1
0110011111111 1
0100011111111 1
1110011000100 2
1110111111000 4
1111010010111 1
1111010001110 1
1101111111010 1
1110111011000 2
1110010101111 2
1111111001010 2
1110011001010 1
1110110001111 1
1111111000101 2
1110011101000 1
1110011010110 1
1111011111001 1
1110101011111 1
1110111001010 1
1110011000101 1
1100111111000 1
1100001011100 1
0110111101101 2
1110011111000 1
1101111101111 3
1111111101010 2
1101111001111 2
1110111000110 1
1110110111111 1
1110110011111 2
0111101111111 1
1010111101111 2
1010111101100 1
1110001011101 1
1111001011111 3
1111101111101 1
0111011001110 1
1111111101011 1
1011111011010 1
1111111101001 2
1101111001110 3
1101011101000 1
1111011000101 1
1111011000111 1
1100001111110 1
0111111101110 1
1111011000011 1
1110001111110 2
1111111100111 3
1101111101011 1
1111001001100 5
1111011101000 2
1111011100100 2
0110011001101 1
1111001001111 2
1110010001101 1
1101011101001 1
1101111101110 3
1100011101111 2
1110001001100 1
1111011101001 1
1111010111111 1
1110101001111 1
1110111001011 1
1110001001111 1
1111010111110 1
1110111001001 1
1110001101100 1
1101011101110 3
1111011001001 2
1110111000111 1
1010111001111 2
1101111010110 1
1101011001100 2
1011011101110 2
1101011111000 1
1101011101111 4
1011011101111 2
1100111001111 2
1010011101110 1
1111011111000 2
1101111000100 1
1101011100111 1
1110001111001 1
1110011010101 1
1011011101101 2
1011111001110 1
1000011111110 1
1000110001111 1
1110010001111 1
1111111010111 2
1000111011100 1
1110011100111 1
1101001011100 1
1010011101111 1
1011011110111 1
1011011111111 1
1011111001111 1
1001111011111 1
1010111001101 1
1011110111110 1
1101011110100 1
1001111011100 1
1100011111110 1
1111011000100 1
1111101111111 2
1111001111110 2
1110101101110 1
1110101011101 1
1111001101110 4
1111011110111 1
0111011001100 1
1111001001101 2
1111011001011 2
0111111101000 1
1110101111111 2
1111101111110 1
1110111010101 1
1010111101101 1
1111011001010 1
1110011101001 1
1110001101111 1
1110111100101 1
1111111100100 1
1111001011010 1
1111001111101 1
1111001000100 1
