number of shots: 4096
more frequency result: 1011101111111
0011001101111 31
1111011111111 66
0011111111111 118
1011111111111 139
1111011101111 85
1111111111111 124
1011101111111 198
1011101101111 146
0011101101111 131
0011101110111 48
0111111110111 25
1011011111111 34
1111111101111 110
0011111101111 106
0011110110111 2
1011111011111 6
1011101110111 65
0011101111111 132
0011011110011 1
1011111110111 44
1011001110111 8
0011101101011 10
1011001100111 13
1111101111111 162
0111011110011 5
1111101100111 35
0011111100111 31
1011111101111 149
0111111111111 84
1111011100111 21
0111001101111 54
0111001000111 1
1111001111111 42
1111101110111 41
0111011111111 55
0111101111111 115
0111101101111 101
0111011101111 56
0111000101111 5
0011101011111 2
0011101100111 41
0111111101111 94
0111011110111 15
1011101110010 1
1011011110111 16
1111111101011 8
1011001101111 27
1111101101111 114
0111011001111 1
1011101100111 32
1011101110101 2
0011101111011 12
1111001101111 56
0011111100101 1
1111011101011 5
0111111100111 28
1010101111111 4
1011101110011 6
0011111110011 3
1011010110111 2
0011111110111 29
0111111110110 1
0011011111111 33
1011001111111 36
0111001110111 11
1111111110111 24
0111001100111 13
0101011111111 1
0111101110111 34
1111111100111 30
0011001111111 22
1111101100000 1
0011111111011 5
1111001110111 14
1111001100111 15
1011101101011 10
1111011110011 1
0111001101011 2
0011111111110 1
0111101100111 29
1101111111111 3
0011111101011 4
0111001110110 5
1111011100110 1
1011011100111 12
0111010101111 3
1011101101110 1
1011011101111 42
1011111100110 4
1111101111101 1
1011111100111 38
0111001100110 2
0111001111111 42
1011101001111 5
0101101101111 1
1011001110011 2
0111100111111 4
0001111101111 1
1111101111011 4
0111011100011 2
0011001111101 1
0011001100111 8
0011010111111 1
0111011100111 16
0011011100111 15
0011011101111 47
0011001111011 2
1111111110110 3
0010111101111 1
0101001101111 1
0111011110110 5
0110101111111 1
1011110111111 4
1111111100011 2
0110111101111 4
0011001110111 5
1101001110111 1
1111111111011 7
0011100111111 4
0111101100110 2
1011111110110 3
0011101001111 3
0011001001111 2
1011100111111 6
1111100101111 8
1011101111011 9
0111101110110 1
1111011110111 16
1111101110011 4
0101011100111 1
1011110101111 4
0001001100111 1
0111101001111 1
0101111110111 1
1111110110111 1
0011011101101 1
1111110111111 3
1001011101111 1
1111011110101 2
0111001110011 2
0011101110011 9
0111011011111 1
1011101011111 2
0111101100011 4
0001111111111 1
1011111110011 5
1111011001111 2
1111101011111 1
1011000000111 1
1111111111010 1
1111111111110 1
1111000100111 1
0111101111101 1
1110011111111 1
1011111111011 8
1011111100101 1
0011011100110 1
1011111001111 4
0111111100110 1
0111110101011 1
1111001110110 3
0011001110011 1
0011110101111 2
1010101100111 2
0101001100111 1
0111111111011 2
1001111111011 1
1011011100011 1
1111101100011 3
1111010100011 1
1111000101111 1
1111101101011 10
0111101101011 3
1111111001111 3
1111001001111 2
0101111111111 2
1111011101101 1
1011101111101 1
1011111100011 2
1001011111111 2
0011110111111 3
1011101100011 2
0111111100011 7
1111011111011 4
0011101100011 2
0011100101111 3
1011100101111 3
1011000111111 1
0111111101011 3
1111001100101 1
1111101010111 1
1101101101111 1
1011100100111 1
0111100100111 1
0011011111011 2
1011111000111 3
1111101001111 4
1010001100111 1
1111001011111 2
1011111101011 3
0011101010111 1
0011101100101 1
0011111110110 2
1111111110101 1
0111011101011 2
1011110110111 1
1010011111111 2
0011011110111 10
1111111110011 5
0101111101111 1
0110101101111 2
0111100101111 3
1110101111111 3
1101101100111 1
1001111110111 1
1011000111011 1
1111001101011 4
0011010101111 1
0111010111111 2
1101011101111 3
0110101100111 1
1011001110110 1
0111110110101 1
0011010100111 1
1111111100110 3
0111110110111 1
0110011110111 1
1110101101111 3
1110101100111 1
0011100111011 1
1111100111111 4
0010111111111 1
1111001100011 1
1011111101110 2
1001001101111 1
0111110100111 2
1001101101111 1
0001101111111 1
1010101110111 1
0101111100111 1
1011110100110 1
0001001111111 1
0111101110011 3
0011001100110 1
0010100101111 1
1110111111111 3
1111101001011 1
0111110111111 2
0111101101110 1
1111100110011 1
1111001111011 1
0111101111011 3
0011000101111 2
1111100110111 3
1001101101011 1
0111000111111 2
1011001011111 1
1011010101111 1
1011111111110 1
1010111110011 1
1111101110110 1
1001111101111 2
1111011100011 2
0011111100010 1
1011101110110 1
1111001100110 1
1111101010110 1
0111111110011 1
0111110101111 1
0010011111111 1
1111111101110 1
0011101110110 1
0111001011111 1
1011111110101 1
0011010110111 1
0011110111011 1
1111101000110 1
1011111010111 1
1111111110010 1
1101100101111 1
0011111100110 1
1111110011111 1
1011010111111 2
1111101000111 1
0011100110111 2
1101011111111 2
1011011011111 2
0001101101111 1
0111111101110 2
0011101011101 1
0011011101011 3
0011111011111 2
0010001111111 1
1010001101111 1
1011001011011 1
1010111101111 1
1111010111111 2
1011011100110 1
0011001101011 3
0111111110101 1
1101001101011 1
1011001001111 1
0111000101011 1
0111001100011 1
1011001101110 1
1110101111011 1
1111000110011 1
1011001111011 1
0111001110010 1
0011101111110 1
0111000110111 1
1011011110110 1
0011000111111 1
1111100101110 1
0111001111011 2
1111000111111 1
0111101000111 1
0111001110101 1
1111101110101 1
1111010110111 1
1001101111111 1
0111100110111 1
1110100110111 1
1011011101011 1
0110010111111 1
1011101100110 1
0101101100011 1
0001011001111 1
1101101111111 1
0010101101111 1
0011111101110 1
0101101110111 1
0111010101011 1
1011111010011 1
0011111100011 1
0011011111110 1
1011011110011 1
0011001110110 1
