1111011011110 42
1110011011111 22
1110011011110 24
1111011111101 28
1111011101100 26
1111011011100 32
1111111101001 1
1101111011110 1
1111011001101 22
1111111111110 13
1110011011101 13
1111111011111 19
1111111101110 6
1110011111100 18
1011111111111 1
1110011111110 19
1111011011111 43
1101011111110 1
1111011110111 1
1011111001110 2
1111011111111 25
1110111001110 5
1110011001111 13
1111111111100 11
1110111001100 4
1110011001110 7
1100011011110 1
1111111101101 7
1110111011111 4
1111011001100 30
1110111111100 2
1110111111111 8
1111011001001 1
1111011101101 20
1111011001111 17
1111011011101 41
1111011001110 12
1111111011110 12
1110111101101 5
1110011101111 11
1110011011100 14
1111011111100 27
1111111011101 17
1110011101110 11
1101111001100 1
1111111111111 16
1110001111110 1
1110111011100 10
1111111101111 5
1110011101101 9
1111111001111 5
1110111101100 3
1111011101110 17
1111111001101 9
1110011111111 24
1111111101100 7
1100011001101 1
1111111111101 13
1110011111101 14
1110010111111 2
1110011001100 7
1101011111111 1
1101011111101 2
1111111001110 10
1011011011100 2
0110111111111 1
1110010101111 1
1010011111110 1
1110111011101 3
1110011101100 11
1100011011101 1
1110111000100 1
1111011101111 13
1110001101111 1
1111011111110 48
1110111001111 2
1010011111111 2
1111111011100 5
1110110111100 1
1100111101111 1
1111111110100 1
1110111111101 5
1101010001100 1
0110111001111 1
1111111001100 5
1110111101111 8
1110011010110 1
1111000001111 1
1110011001101 5
1111011101000 1
1110011011001 1
1110111101110 8
1110001111111 1
0111011001100 1
1011011001100 1
1100111011101 1
1111110101111 1
1110111111110 4
1111010001101 2
1100111111111 2
1111010111111 1
1010011001100 1
1110111011110 9
1111011110100 1
1010111001101 1
1101011011110 1
1110001101101 1
1110001101100 1
1111110001101 3
1110111001101 5
0110011001110 1
1111001001100 1
1110010111101 1
1110011010111 2
1010011011110 1
1101011001100 1
1100111101101 1
1111101101110 1
1101011001110 1
1111111001000 1
1111011011000 2
1111010101111 1
1111001101100 1
1111010111100 1
1111011010100 1
1010111011110 1
1011111011100 1
1110110111110 1
1111111111010 1
1110011101010 1
1110110001100 1
1110110101111 1
1101011011100 2
1111010111110 1
1110001001100 1
1111101001101 1
1110001011111 1
0110011001101 1
1100111111100 1
1111011001010 1
1111011101001 1
1111011000101 1
1101011011101 1
1100011111110 1
1011111111101 1
0110010011111 1
1111111101000 1
1110011111010 1
1010011011111 1
1111001111111 1
1110011100101 2
1111111111011 1
1110010011110 1
1100011111000 1
1101111111100 1
1111101011100 1
1111010001111 1
1111111011000 1
1011011101100 1
1101111101111 1
1110101101100 1
1111010011110 1
1110011010100 1
1110101111101 1
1110111100100 1
