number of shots: 1024
more frequency result: 1111011111100
1100011001101 1
1111011011110 22
1111011101100 32
1111111101100 29
1111111001110 16
1110011001100 27
1110110111110 1
1110111011111 13
1110111011110 18
1110111101111 11
1110111101100 21
1111111100100 1
1111111101111 11
1111111101110 17
1111111010110 1
0111111011110 1
1111111111111 13
1110010001110 1
1110011101110 18
1111111011111 13
1011111001111 2
1110111001100 17
1110011001111 10
1110011111111 13
1110111001110 17
1110111111110 14
1110111011100 29
1110011011111 15
1110111111100 26
1111111111000 1
1101111111111 1
1111111001111 11
1110011101111 17
1110110001110 1
1111111011100 32
1111111011110 12
1110111111000 1
1111011111100 41
1111111001000 1
1110111111111 8
1110011001110 16
1111111111001 1
1111111001100 25
1111011001110 19
1111111111110 16
1111011101111 11
1111111111100 25
1111011011100 28
1111011111101 6
1110011011100 29
1111011001100 22
1110111101110 14
1110011101100 18
1110101100110 1
1111011111110 19
1100101001100 2
1110111001101 3
1111111101101 4
1110111111101 3
1110011111100 29
1111111001101 3
1011111101101 1
1110111011101 2
1110111101101 4
1111011111111 8
1111011101110 13
1110111000100 1
1111111010100 1
1110111010110 1
1111011101101 5
0111011011111 1
1101111111100 2
0111111111110 1
1111111101010 1
1110011111101 3
1111101001100 1
1011011011101 1
1111110010100 1
1111011001111 8
1110011101000 1
1110110111100 1
0110011011100 1
1110011111110 19
1101111111110 1
1111111111101 1
1011111111111 1
1110011110110 1
1110111001111 9
1111011000111 1
1111111011101 3
1110011101101 6
1110011001101 7
1110110101111 1
1100011101100 1
1111011101000 1
1100001011101 1
1110101111100 1
1110011011110 18
1111011011111 8
1110011000111 1
1101111111101 1
1110111100101 1
1110011110100 1
1100011011110 2
1111111110110 2
1110001111100 1
1111110011110 1
1111011111000 1
1110010111111 1
1011011101100 1
1101011111100 1
1011111111110 2
1110111110111 1
0110011001100 1
1110011011101 3
1111011001101 5
1111001011100 1
1110101001110 1
1010111111100 1
1111101101110 1
1110011000100 1
1110001111111 1
1100111101100 1
1110011011011 1
1111011010100 1
1111011110110 1
1110010111100 1
1110010101100 1
1011111011110 1
1111011100100 1
0110111101111 1
1111011010110 1
1111011001011 1
1111011011101 4
1111101111100 1
1010111111101 1
1100011101111 1
1111011000100 1
1101111101111 1
1110011111000 1
1100111001110 1
1110011111010 1
1100011011100 1
