1111111111110 40
1111011111100 25
1110111111110 6
1110011111110 4
1111011111111 14
1111111011111 37
1111111011110 58
1111011111010 4
1111111111111 40
1111011011111 14
1100111101110 1
1110111111111 4
1111011011110 13
1111111111100 53
1110011111111 8
1111011101110 9
1111011001111 5
1110011101111 6
1111111011101 35
1110111111100 10
1111111001110 14
1111011101111 6
1111111101110 36
1110111011110 7
1111011001110 4
1111111101111 14
1100011111101 2
1111011111000 4
1100111111110 4
1110011011111 6
1111111111001 4
1111011001011 1
1111111001111 10
0110111001110 1
1110111011111 3
1111011111110 16
1011111101110 1
1110111001100 3
1111011001010 1
1100111011110 2
1110111011100 11
1111011011100 32
1110111010000 1
1111111101100 36
1111111111011 4
1101111011101 1
1100011001110 1
1111111011100 57
1111111011011 3
1101111011111 2
1110011001000 1
1100111001100 1
1110011101110 5
0111111111111 1
0110011001110 1
1111111001101 11
1110011111011 1
1110011011110 4
1111111011001 3
1111101111011 1
1111111011000 4
1100111101111 2
1110111101111 2
1111110101111 1
1110111001110 1
1111111101101 24
1111111111101 38
1111011101010 3
1111111101011 4
1110111001111 2
1110010001110 1
0111111111001 1
1111011111101 21
1110011111100 7
1111111111010 1
1111110111110 2
1100011111100 2
1110011111000 1
1010111111110 2
1111011111011 1
1111110011111 1
1111111000101 1
1111111101001 2
1010011001000 1
1111011101011 1
1011111111100 1
1110011111101 6
1111011011101 13
1111011001101 8
1111111011010 2
1111011101000 1
1111011101100 9
1110111011101 10
1010011001101 1
1100111101101 1
1111011101001 1
1100111011100 1
1110011101100 6
1111111001100 16
1111111111000 6
1001111111100 1
1111111101010 3
1111011011001 2
1110111101110 4
0111111011101 1
1111111110100 1
0110111011100 1
1100111011111 1
1111011001100 9
1110011001101 4
1100011011101 1
1110111101000 1
1110111101010 1
1111111001000 1
1000111101111 1
1100011011100 1
1011111011110 1
1100111011101 1
1100011001101 2
1111101011100 1
1010111001101 1
1100111011010 1
1110011011000 1
1110011001100 3
1111011101101 9
1110111101101 4
1100111111100 2
1110111111101 3
1111001011100 1
1110111001101 1
1100011011111 1
1110011001111 2
0111011001100 1
1111110111100 1
1110011011101 2
1110011011100 4
1011011111101 1
1100111101100 2
1101111111101 1
1110011101000 1
1110011101101 2
1110111111000 2
1110010011100 1
1111011110000 1
1111011011011 2
0111111111100 1
1110011101011 1
1111110011101 1
1110111011000 1
1111011011010 1
1111001111100 1
1010011111010 1
1101011111101 1
1110111111010 1
1100011001111 1
1111111001001 1
1011111101111 1
1110111011010 1
1111111101000 1
1010011011100 1
1101011001100 1
1110011001110 2
1110011001010 1
0110011111100 1
0110011101110 1
1111110011011 1
1011111111111 1
1111110001101 1
1111110011100 1
1010011111100 1
