1111111101100 66
1111111111110 8
1110111111100 22
1101111111110 1
1111011001111 2
1111111001100 123
1110111101111 4
1011011011100 1
1111111011110 9
1110010101110 1
1111111111100 27
1111011001110 3
1110111011100 41
1110111001100 113
1110111001111 11
1110011001100 13
1110111001110 12
1111111101101 10
1110011111100 12
0110011011100 1
1111111011100 49
1110111011110 7
1110111101100 44
0111111001011 1
1110011101100 30
1011111101101 1
1110111111101 3
1110011101110 9
1111111101110 14
0010111011100 1
1111011111100 11
1111011101100 36
1110011011110 1
0111111101100 4
1111101011100 2
0110011001110 1
1111011101111 3
0110111001110 1
1110011011100 7
0110111101010 1
0110011001100 1
1111011001100 11
1110111111110 4
1011001111100 1
1111111001111 14
0110111001111 2
0111011101100 1
1111101101110 1
1110011111101 1
1111011001101 1
1110110011101 1
1111011101101 4
0110011110110 1
1110101001111 1
1110111001101 18
1110111101110 4
1111110111100 1
1010111001101 1
1111101001100 3
1111111011000 1
1101111101100 1
1110111111111 2
1011111001100 4
1110111000111 1
1110101101100 2
1110001011111 1
1111111011101 5
1010111101100 2
0111111001100 6
0111111111100 3
1110001001100 2
1010111110110 1
1111111001110 19
1111111101000 2
1111011011110 2
1110111001000 3
1011111111110 1
1110011101111 4
1011011010100 1
1111111100111 2
1111111001101 18
0111011111100 1
1011111011100 1
1111001001100 2
1011111001111 1
1111101111101 1
0110111001100 7
1110111011011 1
1100111011100 1
1110111101101 11
1111011011100 6
1110110101100 1
0111111001101 1
1111101101100 2
0110111111100 2
1110011001110 2
1101111011110 1
1111011111101 2
1110111100100 1
1110110111100 2
1010111011100 1
1101111101110 1
1111011101110 7
1111111011111 6
1111111101111 7
1111101001101 1
1111011110110 1
1111101011101 1
1111111111111 3
1111001101100 1
1111111010111 1
1111111111101 4
0110111101100 3
1111111001001 1
1110111000100 2
1111001011100 1
1011111101100 1
1110011101101 5
1111011111110 2
0110011101111 1
0110111011111 1
1110111011101 3
1011111001110 1
1111111110111 1
1111110101100 1
1111111100100 1
1101101011110 1
0111111011101 2
1101011101100 2
1111010011100 1
1100111001100 1
0111111011100 1
1110111011010 1
1111101111100 1
1111011101010 1
1111110001100 1
1111101011110 1
0110111001101 2
1110110001101 1
1110101001100 3
0110011101101 2
1111111001011 2
1111111000100 1
0111111001111 2
1110011111111 1
1011011001100 1
1111011111111 1
1010111001100 3
1111011000100 1
1111011011101 1
1110101011100 5
1010011011100 1
0111111101111 1
1011011101100 1
0111111001110 1
1110011011111 1
0110111101110 1
0110011101100 1
1110101111111 1
1010111001111 1
0111111011110 1
1110011001101 1
1111111001010 1
1110101101110 1
1101111001100 1
1111111000111 1
1101011101111 1
1110111001011 1
1100111101100 1
1110101001101 1
1101111001010 1
1110111010111 1
