1111011101110 3
1110111101100 33
1111011111100 19
1111011101100 31
1110111111100 61
1110111001100 44
1111011101000 4
1110110011100 4
1111111011100 62
1111111101100 38
1110111011100 77
1111011111111 4
1110011101111 7
1110011101100 35
1110010101100 3
1110011101101 4
1111111111100 48
1110111011111 13
1110011011100 19
1110011011110 3
1111111111111 8
1110011111100 25
1111111111110 5
1111111011111 8
1111011001111 6
1110110011000 1
1111011011100 18
1111011111110 8
1111011101101 6
1101011001100 1
1111111101101 5
1110011111111 9
1110011001100 28
1111111001111 12
1111111001110 4
1111111001101 1
1110111111111 15
1110011101001 1
1110011011101 5
1110111001010 1
1110111001111 14
1111111001100 21
1110010011100 2
1010011111100 1
1111110111100 2
1111011001100 27
1111111011000 2
1110111101111 9
1110111111101 5
1111111011110 10
1111111101110 8
1110111001110 8
1111001101111 1
1110111011110 12
1100111011101 1
1111011011110 8
1110111101110 5
1111011001101 3
1111111101111 14
1111111101011 1
1111011011101 4
1111110111101 1
1111111111101 5
1111010011101 1
1110011011111 6
1110011111101 3
1110111010110 2
1110011101000 2
1111111001000 1
1111001011100 2
1111111111000 1
1110111001101 2
1111011011111 3
1110010111101 1
1011011111110 2
1110111011101 12
1110011111000 1
1111111000111 1
1110111101101 5
1111011111101 1
1110001001100 2
1110011101110 3
1111011001110 3
1111101111011 1
1110110111101 1
1110011001111 4
1101111101100 1
1111111011101 8
1111011011011 1
1110011001000 2
1110111000110 1
1111010111111 1
1010111101110 1
1111111110111 1
1110111111110 14
1110011011000 1
1110111001011 2
1010111011100 4
1110011001110 3
1110111111000 5
0110011011100 1
1101111011101 1
1111110011100 3
1011111011100 1
1110110011111 2
1010111111100 2
1110101101100 1
1010011101101 1
1111011101011 1
1111011101111 6
1111010011100 1
1010111001000 1
1111011111000 1
1110110101100 1
1111111010111 1
1110110001100 1
1110111011000 2
1111111001010 1
1110011111110 3
1110111110100 1
1101111001100 2
1110111011011 1
1011111101100 1
1010111101100 2
1101111101110 1
1110100111111 1
0110111001100 1
1111010101100 1
1111001001101 1
1111110101100 1
1110101111111 1
1111111100110 1
1011011111111 1
1110011101011 1
1111001111100 2
1011111111111 2
1010011101100 1
1011011011101 1
1110111011010 1
1110011111010 1
1101111011100 1
1011011001111 1
1111101111100 1
1110011001001 1
1110110111100 1
1111111011001 1
1110011001101 2
1110011110110 1
1110010011111 1
1110010011110 1
1110001011100 1
1100011101000 1
1010011001100 1
1110111111010 1
1110011010111 1
1110110101110 1
1111011011001 1
1110010111100 1
1110111111011 1
