number of shots: 1024
more frequency result: 1110111111110
1111111111110 92
1111111001110 28
1110011001100 6
1111111011110 41
1111011101100 1
1111011001110 7
1110111111111 36
1010111101010 1
1110111111110 105
1110111101110 41
1111111101100 17
1111111111100 34
1110111101101 11
1110111111100 23
1111011001100 5
1110111001110 25
1111111101101 8
1110111001100 8
1110011001101 2
1111011011110 13
1110111111101 12
1110111011111 10
1111111001111 9
1111111111010 1
1111111001101 3
1110011111111 5
1111111110100 3
1110111111000 3
1110011001111 7
1010111101100 1
1111111111111 21
1011011001110 1
1111111101111 20
1110011001110 4
1111111111101 5
1111111011111 9
1110101101101 1
1111111001100 11
1111111101110 39
1111011011111 8
1110111001111 15
1110111111010 5
1110111101111 23
1110111001101 7
1110111011110 34
1110111101100 20
1111011111110 5
1010111111100 1
1111011000101 1
1110011101110 8
1110011011110 22
1111011101101 1
1110111011101 3
0111111111100 1
1111110101100 1
1011111011110 1
1110111001001 1
1111011101111 1
1111011001111 2
0111111101111 2
1110111001011 1
1110111011000 2
1011111111100 1
1111111111011 2
1110101101110 2
1111111101011 1
1110011111110 4
1011111111111 1
1110110111110 1
1011111010100 1
0111011011110 2
0110111111110 2
1111111000100 1
1110011011111 8
1111111110101 1
1110111011010 2
1110111100111 2
1110011111100 5
1111111100110 3
1111111011100 8
1111011111100 1
0111111101100 2
1111011001011 1
0110111001110 1
1110011101100 2
1110111011100 11
1100111101110 1
1111011011000 1
1010011001111 1
1111110001110 4
1111111011101 3
0111011111110 1
1111011111111 4
1111011111101 2
0110111011100 1
1110111000111 2
1110001011110 1
1011111110101 1
1110011011101 3
0011011001110 1
1010111111110 6
1110111110111 1
1111011011101 1
1110101001110 1
1110011011100 4
1110111110110 5
0110011010111 1
1111110111101 1
1111111101010 1
1101111111110 2
1011111111110 2
0111111111110 4
1110111010111 1
1111111000110 1
1111111111000 3
1111101111110 2
1110111001010 2
1011111101110 2
1111101101110 1
1010111111111 1
1011111001110 2
1110111100100 1
1110110011110 1
1010111011010 1
1110110001110 2
1110111011001 1
1110011010100 1
1111011101110 2
1110111010110 2
1111111111001 1
1111011001101 2
1111111010100 1
0111111101110 1
1110111101010 1
1110011100100 1
0111011001110 1
1111111110110 1
1111011011100 2
1110011010111 1
1110011101010 1
1011111011111 1
1110111100110 1
1111111110111 1
1011011111000 1
1110111101000 1
1111011100111 1
1110111011011 1
0110111100111 1
1110011010110 1
1111110001111 1
1110111111011 1
1110111010100 1
1111011000111 1
1110101111110 1
1111111101000 1
1111111011000 1
1010111011110 1
1110011011010 1
1111101110101 1
1010011001100 1
1110011101111 1
1110101111111 1
1110111001000 1
0110111101101 1
1010111101111 1
1011011001111 1
0110011111110 1
1110111110100 1
1111001011110 1
1111111001000 1
1101011111100 1
