1110111011111 16
1111111101101 18
1110111011101 13
1111111001101 16
1110111101110 24
1111111101100 15
1110111111110 20
1111111011111 11
1110111110100 7
1111111001100 22
1111111011110 16
1111111101110 26
1110111111101 21
1111111111100 14
1111111010101 1
1110111010101 2
1110111000111 2
1110110111111 1
1110111001101 31
1111111111110 26
1111011111100 4
1110111101111 30
1111110011110 1
1110111001100 33
1111111001110 20
1110111011100 14
0111111101101 2
1110111001110 42
1111111111111 23
1111111011100 11
1111111011101 10
1110111011110 32
0111111001111 4
1110111111100 15
0110111111100 1
1111111101111 21
0110111111101 3
1110111001111 22
0111011101100 1
1110111001001 1
1110011001101 2
1110111101101 25
0110111011101 3
0111111101111 7
1110011011100 1
1011111101101 2
1110111010110 6
1110111101100 27
0110011101101 1
0110111011100 2
1110111111111 28
0111011111101 3
1111011111110 3
1110011111111 4
0110111001111 8
1110011001110 5
1111001001100 1
0111111011101 3
1111111001111 22
0111111001100 4
1110011101100 8
1110011111110 5
1111111010111 3
0110111101101 9
1110011011110 6
1110101111110 1
0111111011111 2
1111111000110 3
1111111100110 3
1110011101101 5
0110111001110 4
0110011101110 1
1111011101111 2
0110111001101 5
0111111101110 3
1110111100110 5
1010111001100 1
1110111100111 5
0110111101110 3
1110101001101 1
0111111001101 5
0110111011110 3
0110011111110 1
0110111000100 1
0111011100111 1
1111011001110 2
1110101011110 1
1111011101100 2
0110111111110 2
1111011001111 2
0111111111100 2
1110111011000 1
0110111101001 1
1111011010111 1
1110101001100 2
1110011111101 2
1101111001101 1
1110111000101 4
0110111011111 3
1111011111101 3
1110111100100 4
1110111100101 4
1110011101110 4
1011111111101 1
0111111110101 2
0110011001100 1
1111111110101 2
1011011010110 1
1110101111100 2
1110011011111 4
1110011000101 1
1110111010111 1
1111101101100 1
0111011111100 1
0111111001110 4
1111011101101 1
0111111111111 3
1110111000110 2
1110101101100 1
1111011001101 2
0111111110110 1
1110011011101 1
1110011001111 1
0111111011100 1
1111101111110 1
0010111000100 1
1110111110101 1
0110011101100 2
1110011010111 1
1111111111101 9
1110111010100 2
1110111100000 1
1111011011100 1
0111111000110 1
1110110101101 1
1111011011111 1
1011111001110 1
1111111100100 4
1110111001011 2
0110111111111 4
1110011111100 2
1111011101110 2
1110011111010 1
1110111101011 2
0111011101110 1
1110110001111 1
0110111100111 1
0111111111101 3
0110111001100 1
1110110001100 1
0111011001101 1
0111011001100 1
0111011110110 1
0110111101000 1
1111111100101 1
1110111001000 1
1111011000111 1
1111011100100 2
1111101110110 1
1111011111111 2
0110011011100 2
0111110011111 1
1111110111111 1
1101111001111 1
1011111011101 1
1110011100101 1
1111011010100 2
1100111011111 1
0111111011110 1
1111011001011 1
0111011011110 1
1111111010100 1
1110111000100 2
1111111110111 2
0100011111111 1
1110011100110 2
1101111011110 1
1111101001111 1
1111011001100 1
1110011101111 1
1110011000110 1
1110111001010 1
1111111010110 1
0110011001110 2
1110110011100 1
0110111101111 1
0110011011110 1
0110011101111 1
1110011100111 1
0101111111111 1
1111111000111 1
0111011011111 1
1110010111110 1
1110111110000 1
0111111110100 1
1111111111001 1
0110111101100 1
0111111101100 1
0110110001111 1
0110110111100 1
1110111101000 1
0111111111110 1
1110101110110 1
1101011111100 1
0110011111111 1
0110111000111 1
1111111101001 1
0111101100101 1
