1111111001100 29
1111011101100 39
1111011001101 20
1111011101000 4
1111011111100 43
1111111001101 20
1111011011110 33
1111011011100 27
1111111111100 22
1110011001111 3
1111111111110 37
1110111111110 5
0111111011100 2
1110111011111 4
1111111101110 28
1111101001110 2
1111111001110 16
1111111011111 28
0110011011101 1
1111011111101 21
0111111111100 2
1011011001110 1
1111011101110 32
1111011011111 19
1111111011100 20
1110011111111 5
1110011011101 3
1111011111111 25
1111111101101 13
1100111001101 2
1111011111110 42
1110011001101 4
1110111001101 4
1110101011100 1
1110111111111 3
1111011011101 13
1111111011101 13
1110111101111 4
1111111111111 24
1111111001111 16
1111011101111 22
1111011001100 27
1110111011110 4
1111111011110 24
1010111101111 1
0110111011100 1
0111011101100 4
1111011101101 26
1111101001100 1
1111011001110 27
0111111101111 3
1111111111101 18
1110111001111 4
1011011001100 1
1111011001111 17
1110111001100 5
1100111111110 1
0111111101101 2
1110111111101 3
1111111101100 25
0111011011111 1
1110011111101 5
0111011101101 1
0110111101110 1
1111111101111 8
1110011001110 3
1111101101101 1
1110011011110 3
1110011101111 4
1110011011111 2
1010111001111 2
1100111011101 1
0111011111111 2
1111101111110 3
0110111001110 1
0011011001110 1
1111101011110 1
1010011101100 1
1010111011100 1
1111101011111 2
1111011010100 1
1111011100100 2
0111111101100 3
0110111001101 2
1110111101101 5
1110011111100 4
1111001110100 1
1110011101110 7
0101111011111 1
1111001101100 1
1110011101100 2
1111110101101 1
1110111001110 4
1111111110111 1
0111111001100 4
1111001111110 1
1100111111100 1
1111011011010 1
0111111001101 1
1010011011100 1
1111111010100 2
1110111101110 1
1111110011110 1
0111011101110 2
1111001011110 2
0111011101111 1
0111111011111 2
1110111111100 2
1011011111111 1
1111111100101 1
1110111101100 1
1111101101111 1
1010111011111 1
0111011001111 1
0111111111110 1
1010111101110 3
1111001011101 1
1110111011101 1
1111101001111 1
0111111001111 2
1010111111100 2
1111010001111 1
1111011101011 1
0111111011110 2
1111101101110 1
1110111011100 2
1111011011000 1
0111011011101 1
1111011110110 2
1111111000110 1
0111011111110 1
1111011100101 1
1010111011110 1
1111011010111 1
1111011001010 1
0111011001110 1
1110001111100 1
0100111101100 1
1110001011101 1
1111011000001 1
1111010111111 1
1100111001110 1
1111001101110 2
1111001011100 2
1010011101101 1
1110011011100 2
1111001011111 1
1010011101111 1
1010111001101 1
1111111100110 1
1010111001100 1
0111011001101 2
0110111000101 1
1111110011111 1
1110011111110 1
1010111001110 1
0111111100111 1
1010011001110 1
1011011101110 1
0111011001100 1
1111101001101 1
0110111101111 1
0110111111100 1
1011011001111 1
1111010001110 1
0110111011111 1
0110011001101 1
0111011011100 1
1010011011110 1
0110011111101 1
1111010101100 1
0111111001110 1
1111111011000 1
1111011000110 1
