1111111101100 38
1111111111110 9
1110111001100 21
1110011011100 39
1110111111110 5
1111111011100 52
1110111101100 40
1111111101110 11
1111111111100 40
1111011011110 16
1011111011100 2
1110111001111 8
1110111101101 4
1110111111100 34
1110101011110 3
1111011011100 54
1111111101101 8
1111011001100 35
1111011001110 8
1111011101111 5
0111011011110 1
1100111101100 1
0111011001111 1
1111111001100 25
1111111111111 14
1111011011111 16
1110011001100 28
0111111101101 2
1111011101100 27
1110111001110 2
1111011001101 6
1110111111111 15
0111011011101 1
1110111011100 29
1111011001010 2
1111110111100 2
1111111001101 6
1111011101110 7
1110111101110 6
1110111011111 9
0110111101100 1
1111011011101 8
1111011111111 8
1110011010100 1
1111011001111 7
1110011011111 13
1111111111101 11
1111001011111 1
1111111001111 6
0111011001101 1
1111101001100 1
1111011111101 2
0111011101100 4
1110111101111 9
1110111000100 1
1110011111100 21
1111010001100 3
1110011111101 3
1111011111100 31
1110111001101 7
1110011011101 11
0110111101101 1
1110010011101 1
1110011011110 9
1110011001110 4
1110011101100 15
1110011101101 2
1110111011101 7
1111110001100 1
1111010011110 1
1110111011011 1
1110111101010 2
1111111101010 1
0110111111100 7
1110011111111 6
1010011011100 1
1100011001111 1
1111011111110 9
0110011111100 1
1111111011101 8
1110111111101 5
1110011001111 6
0110011001100 4
1111111101111 12
1110011101111 5
1010111011111 1
1111111001110 5
1111111011111 11
1101111101111 1
1111001101100 1
1110111011110 6
1111010011101 1
0100111011110 1
1111010111100 1
1011111001111 1
1110111100111 1
1110011001101 2
1111011111000 2
1111101001101 1
1010110111110 1
1110001101100 1
0110111111111 1
0110111001100 1
1110111000111 1
0111011011100 1
0110011101101 2
1111011101101 3
0110011011100 3
0111011010100 1
1111011001011 2
0110111111110 1
1111001101111 1
0111111001100 1
1111011011011 1
1100111101101 1
0111111011100 2
1010111111111 1
1001011011101 1
1111111011010 1
1111010101100 2
1010111111100 1
1110111111010 1
1110011111110 4
0100011001100 1
1111111111010 1
1111110101111 1
1111111011110 7
0111011001100 2
0110111011111 1
1110101111100 1
0110111011100 1
0111111011010 1
0111111101100 2
1010111011100 1
1111101101110 1
0110011011111 2
1111101111100 1
1110011101110 3
1111011111010 1
1110011101011 1
1100111001110 1
0110111101111 1
1100011001100 1
0110111011101 1
1111110011100 2
0111111111111 1
1110011110100 1
1110010111110 1
1111011101010 1
0111111101111 1
1110110101110 1
1111010110100 1
1111011010100 1
1110011111000 1
0110011101100 1
1011111111110 1
0110011101111 1
1110110011111 1
1110111111000 1
1110101001111 1
1110111101011 1
0111011111100 2
1110110111100 1
0111111111101 1
1110001111101 1
1110110111101 1
1110001011111 1
1010111011110 1
1111001110100 1
0110011111110 1
1110011010110 1
1111110101101 1
