number of shots: 1024
more frequency result: 1110111011100
1111111111111 10
1110111101101 9
1111011011100 22
0111111011100 2
1110111111111 12
1110111011100 88
1111101111101 3
1110111011101 39
1110111111100 55
1110111001100 31
1111101100111 1
1110111111110 15
1111011101011 1
1110011111110 2
1110111111101 25
1110011011100 37
1110111011110 26
1111011111110 2
1110011101100 11
1111111011111 20
1110111001101 15
1110011011111 9
1110111101110 8
1110011001100 9
1110011001111 1
1110011010000 1
1111111011101 27
1111111101111 4
1110111011111 23
1111111101101 10
1110111001111 8
1111111001100 20
1110011001101 4
0110111101100 1
1110101111110 1
1110011011110 9
1110111101100 20
1010111111110 1
1110011011101 15
0010001011101 1
1110011111101 9
1111011011101 12
1111111011100 71
1010011001111 1
1111111111101 24
1111111011110 19
1110001111100 1
1111111001111 9
1110111101111 8
1110011110110 1
1111111111100 38
0110111001100 2
1110101111100 4
1110111001110 11
1110111111010 1
1110101011101 1
1111101001111 1
1110111011011 2
1110011101110 1
1110101011110 1
1111111111001 1
1111011001101 4
0110111011100 1
1111111001110 8
1110011111100 10
1111011111101 6
1110101011011 1
1110011111111 8
0110111011110 2
1110101001111 1
1111011101100 6
0111111011101 1
1110010011101 1
1110111011000 1
0111011001101 1
1110101011111 2
1100111111111 1
1110110011111 1
1110101001100 1
1110101101101 1
1110011101101 3
1110101011100 2
1111001111111 1
1111011011111 3
1111111110111 1
0111011011110 1
1100011011101 1
1111111001101 7
1111101101100 2
1111011101111 3
1111011111100 16
1110111111000 1
1111111010100 1
1100011111100 1
1111011111111 5
1111110101100 2
1111011101110 3
1110011100110 1
1111111101100 18
0111111111100 2
0111101001110 1
1110111110111 3
1011111011100 1
1111111111110 6
0110111111101 1
1110001011111 1
1110001001101 2
1111101010110 1
1111011001111 3
1111011010111 1
1110110101101 1
1111001001100 1
1110110001100 1
1111111101110 4
1110111000111 1
1011111101100 1
1110010001101 1
0111111101100 1
1111011011110 5
0111011011100 1
1110001101100 1
1101011101100 1
1110111010110 1
1110101101100 1
1111011001100 6
1110111000110 1
1111011001110 2
1110011001110 3
0110011011111 1
1111101011101 2
1110110011100 1
1101011001101 1
1010011001100 1
1111101101111 1
1110111001011 1
1110011011010 2
1111111010111 1
0110111001111 1
1111110011100 1
1111101011100 2
1111101101110 1
1111101001100 1
0111111001100 1
1111111000110 1
1110111011010 1
0111111011110 2
1110011101111 1
0110111010110 1
