number of shots: 1024
more frequency result: 1111111111100
1111111011101 37
1111111111100 40
1111111101100 26
1111111001100 38
1111011011011 1
1100011011110 1
1111111011100 28
1110111011100 14
1110011101100 4
1100011111101 2
1111111101110 24
1111011101100 13
1111101101100 6
1111111001101 23
1110111000101 1
1110011001101 2
1110111011101 9
1111111111111 21
1110111011011 1
1111011101111 9
1100011101110 2
1111110001110 1
1111111001111 19
1111011101110 13
1110001101111 1
1111101101110 5
1111111011110 32
1111001111010 1
1111011111101 13
1110111001101 5
1111101101111 6
1111111101111 21
1111011100100 1
1111111101101 18
1111101011110 3
1111011001100 13
1111110111101 1
1110101101110 1
1110111111100 8
1111101011101 3
1111011011100 16
1111001100101 1
1101111111100 1
1110011111101 10
1111111111110 33
1111000101101 1
0111011111110 1
1111111001110 31
1111111111101 33
1110000001101 1
1111011011101 11
1110111011111 6
1111101011111 6
1110011001100 6
1010111111100 1
1111011111110 13
1111111011111 23
1111011001111 7
1111011011000 3
1111101111100 5
1111101001111 1
1110101111100 4
1111111010110 2
1110111101100 11
1111011011110 6
1111101101101 4
1110011011111 7
1111111111010 1
1110011001110 5
1111011111011 1
1111011001110 8
1111111110111 2
1110111011110 10
1110011011110 5
1110111001111 3
1110101111110 2
1111101111111 3
1010011111111 1
1111011111100 16
1110011011100 7
1111010111111 2
1100101111110 2
1100111101100 3
1111001101111 1
1110001111110 1
1111111000100 2
0110011101100 1
1110111001100 4
1111011011111 5
1111011111111 5
1100011101111 1
1100101111100 1
1110101011101 1
1100001001001 1
1110011111110 3
1110111101111 5
1110111100101 1
1111111011000 1
1110111101101 2
0110111101100 1
1111111010101 1
1110111111110 5
1100111011101 4
1111011001101 7
1110011001111 3
1111110001100 1
1110011101101 4
1111010111100 2
1111110101101 1
1111110011101 1
1110001001101 1
1100111111100 2
1110111111101 6
1111001101100 2
1110111001110 1
1110000001110 1
1111101001101 3
1111101111101 5
1111100111100 1
0110111111111 1
1111110001101 1
1100111001111 1
1111111111001 1
1111011101101 6
0111111011110 1
1111110011100 2
1111101001100 4
1110011010111 1
1100011111111 1
1001111101110 1
1111101011100 6
0110111111110 1
1111110111110 1
1111001111110 2
1111101001110 3
0110001101000 1
1111111001011 1
1010011001100 1
1111011010100 2
1110111111111 6
1111101111110 4
1111111100100 2
1101001001100 1
1110101001100 2
1110001011100 1
1100101011101 1
1110101001101 1
1110111010110 1
1110101111101 2
1111001111101 1
1111011110101 1
1111001111111 2
1011111001110 1
1111110101110 2
1110111101110 3
1110101011100 3
1010011011000 1
1111001111100 3
1010011111101 1
1111111110110 1
0110111011100 1
0111010101100 1
1110011111111 3
1100111011110 2
1111001011110 1
0100111011101 1
1110001001111 1
1100011011111 1
1110101011111 1
1110111111011 1
1110101111111 1
1011111111100 2
1110001101100 1
1110110111111 1
1110001111111 1
1111111011010 2
1010011011100 1
1011111011110 1
1111010111101 2
1010111001111 1
1110101101101 2
1111001011100 1
1111111101001 2
1110011111100 2
1110111110110 1
1101111011110 1
1010111111111 1
0110011101110 1
1100111111110 2
1111001001111 1
1111111000111 1
1110101001111 2
1110011101111 1
1111010111110 1
1100110001101 1
1000111111111 1
1110011010100 1
1110110100110 1
1110011011101 3
1111001001100 2
1100111110101 1
1101011101101 1
1110001011110 2
1100011011100 1
1110000011100 1
1111111101000 1
1101011111100 1
1110010101110 1
1110110011100 1
1100011101101 1
0110011011110 1
1010001011111 1
1010011111110 1
0110111011110 1
1100111001100 2
1111110101100 1
1111100011100 1
1100011101100 1
1110011101110 1
0111001001101 1
1100011111100 1
