number of shots: 1024
more frequency result: 1111111101100
1111111111110 26
1111011001111 14
1110111011110 20
1110111101110 14
1111011111110 12
1111111111000 1
0111011011111 1
1111111101101 13
1110111111111 13
1111111011100 16
1111111001100 21
1110111101100 17
1111011001100 22
1110011101110 9
1110011010101 1
1110011011110 18
1110011011111 13
1110111111110 24
1100011111100 1
1110011001111 8
1110111001111 10
1111011101010 1
1111011111100 20
1110011111111 12
1110001111101 1
1111011011100 23
1111111111111 19
1110010001111 1
1111011101110 14
1110011111110 12
1111111011111 13
1110111111100 18
1111011001110 14
0111111101101 1
1111111111100 22
1110011101101 5
1111011001101 13
1110111111101 14
1111111011110 24
1111001001110 2
1110011011100 9
0110011011111 1
1110111011101 6
1111111011101 16
0110111101110 3
1011011111110 1
1111111111011 1
1111011101100 15
1111111101111 12
1111111001101 20
1111111111101 12
1111011011111 15
1110011111100 9
1110111011111 7
0110111101101 2
0111011101101 2
1110111101111 11
1110011101100 9
1111111101100 27
1111011011001 2
1111011011101 8
1111111101110 22
1100111001110 1
1111111011000 1
1110011100110 1
1111111001111 9
1111011110101 1
1110011001101 6
1111011011110 21
1111111001110 23
1110111011100 13
1111110111101 1
1111011111101 13
1110111101101 10
1110011101111 5
0110111111111 1
1110001011111 1
1110111001101 8
1110111001110 8
0111111001111 1
1111111101000 1
1111011101101 9
1111011101111 12
1111011111001 1
0110011111110 1
0111111111110 2
0111011001100 2
1111111011010 2
1111011111111 9
1111011111010 1
1110011001110 7
0111011111100 1
0111111101111 1
1010111101100 1
1110011111101 4
1110111111010 1
1110111101001 1
1110111001100 8
0111111101000 1
1111111001001 2
1110011011010 1
1111001101110 1
1111011011010 1
0111011011101 2
1011111111101 1
1110011011101 3
0111111101110 2
1110011110101 2
1011111011001 1
1010011001100 3
1011011101111 1
1010011101100 3
0110011111100 1
0111010111110 1
0111011101111 3
0111011110101 1
1111110011110 1
1111001111110 1
1110011001100 12
0111011001101 1
0111111101100 2
1110111001010 2
1110011011000 2
1010111001111 1
1110110011111 1
1111011001000 2
1111110111100 1
0111111001101 2
1011111011100 1
1010011110110 1
0111111111100 1
1111001111101 1
1111111000100 1
0111011001110 1
0111111011110 1
1011111101110 3
0111011101110 1
1110011111011 1
1011110011100 1
1010111101110 2
1100111111110 1
1110011110100 1
0111111111101 1
0110011011110 1
1111000011110 1
0111011111101 3
0111111011100 1
0110111111100 2
1111111011011 1
1111111110110 1
0110111111110 1
1111001111100 1
1111111101001 1
1111111111010 1
1111111101010 1
1110101011110 1
0110111001101 2
1111001101100 1
1100011101110 1
1111011100111 1
1110111100101 1
1111110011111 1
1110001101100 1
0110011101101 1
1110111000010 1
1011111101101 1
1110101001101 1
1111010101100 1
0111111111111 1
0110111101100 1
1111011011000 2
1110111000101 1
1010011011100 1
1111101011101 1
1110111111001 1
1110101001110 1
0110011111010 1
0111011101100 1
1110110011110 1
1111111001010 1
0100111101100 1
0110011001100 1
1010111011110 1
1110111101000 1
1010111001100 1
