number of shots: 1024
more frequency result: 1111111101100
1111111101111 17
1111111011100 49
1010111101100 7
1111111011101 18
1111111011111 32
1111111111110 28
1111111101101 24
1111011001111 6
1111011001100 11
1111011011100 21
1111111011110 33
1100111000111 1
1010111011100 5
1110011111110 9
1011111001101 1
1111111001100 49
1110111101101 8
1110111001111 8
1111111111111 21
1011111111100 2
1100011101110 1
1110111101100 12
1110111001110 11
1110111001100 15
1110011011100 7
1111111001111 28
1110111101111 7
1111111101100 58
1111111111100 50
1010111001100 7
1111111101110 33
1111101111111 3
1111011111100 15
1010011011111 2
1110111011100 16
1110111111100 19
1111011101100 10
1110111111101 6
1110011001111 6
1111111001101 17
1110111011110 8
1110111011101 7
1101011001100 1
1110111111110 13
1010011011100 5
1110111101110 11
1010011101111 2
1111111001110 37
1110111011111 12
1110011001100 5
1111011001110 12
0110111011110 3
1110111111111 10
1111011111110 6
1011111011110 2
1111011111101 2
1111011011111 2
1111011110101 1
1111101011100 1
1010011111110 2
0111111111110 2
1111101011111 2
1010011101101 1
1110011101110 2
0111111111100 1
1010111011111 3
1100011100110 1
1110011111100 9
1110110001110 1
1110111110110 1
1111111111101 14
1010011111100 2
1111011011110 4
1110111001101 7
1100111001111 1
1111111101001 1
1111111101011 2
1111111001000 2
0111011011111 1
0111111101100 1
1111011101111 2
1010111101110 3
1010111111100 7
1111011001101 2
0111111101110 3
1010111101101 3
1010101001110 1
1110011111111 2
1111110101100 1
1110011101101 1
1110011101100 3
1111011101101 2
1101111001100 3
1111001001100 1
0111111011100 2
1111111000100 2
1111110111100 2
1010011011011 1
1110011001110 8
1110011100100 1
1110011011110 3
1010011001110 2
1111011101110 4
1010111111110 3
1010011001111 1
1010010101110 1
1111101001110 1
1111011111111 4
1011111011100 3
1111110001100 1
1010011101100 4
1111101011010 1
1111110011100 1
1110011000100 1
1010101011100 1
1111011101011 1
0110111011100 1
1100111111100 2
1111011011001 1
1111110001101 1
1101011111100 1
1010011001100 3
1111110011111 2
1110011101111 1
1010111011110 1
1010011011101 2
1100011001100 1
1010111001110 1
1110001001100 1
1111011000100 1
1111111101010 2
1111010011111 1
1111111011001 1
1011011101100 2
1010111111101 1
1010010111111 1
1110011111011 1
0111111101101 1
1111111000111 1
0111111011110 1
1111101111110 1
1101111101100 1
1111110111110 1
1010011011110 2
0110111111100 2
1010011101110 1
1111101110100 1
1111111011000 1
1011111111110 1
1100011111100 1
1110110001101 1
1110110111111 1
1011011011110 1
1011011111100 1
0111111111111 1
1110011011111 3
0110111011101 1
1110110001100 1
1110111110111 1
1011011101110 1
1010011111111 1
1111111011010 1
1011111011111 1
0010101011111 1
1011111001100 2
0110011111101 1
0111111001111 1
0110111101100 1
0110011011100 1
0111111001100 1
1110011001011 1
1100111011111 1
1011111101100 1
