number of shots: 1024
more frequency result: 1111111001100
1111011001101 6
1111111001100 93
1111011001111 13
1111011101111 13
1111111001110 30
1111111101100 29
1111101001100 3
1111011111100 14
1111111101110 20
1111011011111 17
1111111011100 74
1111011001110 13
1111011101101 3
1111011010100 1
0110111011111 1
1011111001110 3
1111011101100 5
1111001011110 1
1011111001100 7
1111111101111 17
1111101111111 3
1111111001101 28
1110101101101 1
1110111001100 14
1110111001101 5
1111111011111 54
1111111111100 41
0111111101111 4
1110011001111 2
1111101011100 3
1111111101011 2
1111111001111 46
1111011001100 22
0111111111110 1
1111111111111 30
1111111101101 6
1110111101100 3
1010011001100 2
0110111111110 1
1111111011110 34
1111011011101 4
1111101011111 2
0111111001111 3
1011111111101 1
1110111011110 7
1011101101100 1
1011111101100 1
1111101001111 4
0111011011110 1
1111111011101 17
1111011001000 1
1011111011100 2
1110011001100 12
1110011111110 2
1110011011110 3
1110011001101 2
1111111111101 5
1110011001110 1
0110111011100 3
0111111011110 1
1111101101101 1
1110111101101 4
1110011111100 6
0111111011100 2
0110011001111 1
1110011101100 3
1110111001110 2
1111011010111 1
1110111011100 8
0111011001111 1
1111011011100 14
0111111101100 1
1111111111110 19
0111111111100 2
1110111111111 9
1110011011100 3
0110011011100 2
1111011111111 10
1111111011010 2
1111110001101 1
1110011101111 2
1100011001100 1
1010111101100 1
1110111001111 13
1110011101101 1
1111111000110 3
1110011111111 1
0011111001110 1
0111111101101 1
1111110011101 1
1111011011110 10
1010111101010 1
0110111001110 2
1011111001111 1
1010111001110 2
0011111001100 1
1011110011100 1
1011011011111 1
1011111111110 2
1110111011111 5
1111010101100 2
1100011111100 1
1111011101110 5
1011011011100 1
1010111011100 2
1111110001100 1
1100111001111 1
1110101101111 1
0111111111111 1
1111011111110 4
1110111111110 2
1111010111100 2
1110111111101 1
1111111000100 2
1011111001101 2
1110111010100 1
1111110111101 2
0111111001100 3
1111111111010 1
1111001001111 2
1110111111100 4
1110011011101 2
1111001101100 1
1100111101100 1
0111111011101 1
1110011011111 4
1010111001111 1
1111110111100 2
1111001111111 2
1111111101000 1
1011111111100 1
0111111011111 5
1111110011100 2
1110111001000 1
1111101011010 1
1011011001100 1
1111010111110 1
0111011011111 1
1111111110110 1
1011011011110 1
1100011001111 1
0111011101111 2
1110001011111 1
0111111010100 1
1111111001000 4
1010011001110 2
0111111001110 4
1011101011111 1
1111111011000 3
1110101111111 1
1010111001100 3
1010011010110 1
0110111001111 1
1110110111110 1
1010011011100 4
0111101011111 1
1111111010111 1
0110111111111 1
1110111101111 2
1110011101110 1
0111001101100 1
1011011001101 1
1111111001010 1
1111011111101 1
1101111101111 1
1011011011101 1
1010111011110 1
1010011011110 1
1110101001110 1
1010011001111 1
1111001011111 1
1011101111101 1
1111011000110 1
0110001011111 1
1111010001111 1
1101011011100 1
1111001111100 1
1111111010110 2
1010111011111 2
1010111001101 1
1010011011111 1
0110011011010 1
1111001001100 1
0110110001110 1
1110111011101 1
1111110011111 1
0111101111111 1
1111110111000 1
0111011111110 1
1011111011110 1
1111101111100 1
1110101111100 1
1111011110111 1
1111111010100 1
