number of jobs: 10
percentage of hits: 2.5981811304591747e-11
more frequency result: 1111111011100
0011001101111 31
1111011111111 157
0011111111111 118
1011111111111 145
1111011101111 154
1111111111111 286
1011101111111 198
1011101101111 146
0011101101111 131
0011101110111 48
0111111110111 25
1011011111111 36
1111111101111 222
0011111101111 106
0011110110111 2
1011111011111 7
1011101110111 65
0011101111111 132
0011011110011 1
1011111110111 44
1011001110111 8
0011101101011 10
1011001100111 13
1111101111111 162
0111011110011 5
1111101100111 35
0011111100111 31
1011111101111 150
0111111111111 89
1111011100111 22
0111001101111 54
0111001000111 1
1111001111111 43
1111101110111 41
0111011111111 57
0111101111111 115
0111101101111 101
0111011101111 57
0111000101111 5
0011101011111 2
0011101100111 41
0111111101111 108
0111011110111 15
1011101110010 1
1011011110111 16
1111111101011 14
1011001101111 27
1111101101111 115
0111011001111 3
1011101100111 32
1011101110101 2
0011101111011 12
1111001101111 58
0011111100101 1
1111011101011 8
0111111100111 29
1010101111111 4
1011101110011 6
0011111110011 3
1011010110111 2
0011111110111 29
0111111110110 2
0011011111111 33
1011001111111 36
0111001110111 11
1111111110111 30
0111001100111 13
0101011111111 1
0111101110111 34
1111111100111 32
0011001111111 22
1111101100000 1
0011111111011 5
1111001110111 14
1111001100111 15
1011101101011 10
1111011110011 1
0111001101011 2
0011111111110 1
0111101100111 29
1101111111111 4
0011111101011 4
0111001110110 5
1111011100110 1
1011011100111 12
0111010101111 3
1011101101110 1
1011011101111 42
1011111100110 4
1111101111101 2
1011111100111 38
0111001100110 2
0111001111111 42
1011101001111 5
0101101101111 1
1011001110011 2
0111100111111 4
0001111101111 1
1111101111011 6
0111011100011 2
0011001111101 1
0011001100111 8
0011010111111 1
0111011100111 17
0011011100111 15
0011011101111 47
0011001111011 2
1111111110110 6
0010111101111 1
0101001101111 1
0111011110110 6
0110101111111 1
1011110111111 4
1111111100011 2
0110111101111 8
0011001110111 5
1101001110111 1
1111111111011 14
0011100111111 4
0111101100110 2
1011111110110 3
0011101001111 3
0011001001111 2
1011100111111 6
1111100101111 8
1011101111011 9
0111101110110 1
1111011110111 17
1111101110011 4
0101011100111 1
1011110101111 4
0001001100111 1
0111101001111 1
0101111110111 1
1111110110111 1
0011011101101 1
1111110111111 4
1001011101111 1
1111011110101 2
0111001110011 2
0011101110011 9
0111011011111 4
1011101011111 2
0111101100011 4
0001111111111 1
1011111110011 5
1111011001111 68
1111101011111 3
1011000000111 1
1111111111010 5
1111111111110 247
1111000100111 1
0111101111101 1
1110011111111 76
1011111111011 8
1011111100101 1
0011011100110 1
1011111001111 8
0111111100110 1
0111110101011 1
1111001110110 3
0011001110011 1
0011110101111 2
1010101100111 2
0101001100111 1
0111111111011 2
1001111111011 1
1011011100011 1
1111101100011 3
1111010100011 1
1111000101111 1
1111101101011 10
0111101101011 3
1111111001111 108
1111001001111 2
0101111111111 3
1111011101101 76
1011101111101 1
1011111100011 2
1001011111111 2
0011110111111 3
1011101100011 2
0111111100011 7
1111011111011 5
0011101100011 2
0011100101111 3
1011100101111 3
1011000111111 1
0111111101011 3
1111001100101 1
1111101010111 1
1101101101111 1
1011100100111 1
0111100100111 1
0011011111011 2
1011111000111 3
1111101001111 6
1010001100111 1
1111001011111 4
1011111101011 3
0011101010111 1
0011101100101 1
0011111110110 2
1111111110101 4
0111011101011 2
1011110110111 1
1010011111111 4
0011011110111 10
1111111110011 5
0101111101111 1
0110101101111 2
0111100101111 3
1110101111111 6
1101101100111 1
1001111110111 1
1011000111011 1
1111001101011 4
0011010101111 1
0111010111111 2
1101011101111 4
0110101100111 1
1011001110110 1
0111110110101 1
0011010100111 1
1111111100110 11
0111110110111 1
0110011110111 1
1110101101111 3
1110101100111 1
0011100111011 1
1111100111111 4
0010111111111 1
1111001100011 1
1011111101110 5
1001001101111 1
0111110100111 2
1001101101111 1
0001101111111 1
1010101110111 1
0101111100111 1
1011110100110 1
0001001111111 1
0111101110011 3
0011001100110 1
0010100101111 1
1110111111111 122
1111101001011 1
0111110111111 2
0111101101110 1
1111100110011 1
1111001111011 1
0111101111011 3
0011000101111 2
1111100110111 3
1001101101011 1
0111000111111 2
1011001011111 1
1011010101111 1
1011111111110 7
1010111110011 1
1111101110110 2
1001111101111 2
1111011100011 2
0011111100010 1
1011101110110 1
1111001100110 1
1111101010110 1
0111111110011 1
0111110101111 1
0010011111111 1
1111111101110 186
0011101110110 1
0111001011111 1
1011111110101 2
0011010110111 1
0011110111011 1
1111101000110 1
1011111010111 1
1111111110010 1
1101100101111 1
0011111100110 1
1111110011111 3
1011010111111 2
1111101000111 1
0011100110111 2
1101011111111 3
1011011011111 2
0001101101111 1
0111111101110 6
0011101011101 1
0011011101011 3
0011111011111 2
0010001111111 1
1010001101111 1
1011001011011 1
1010111101111 3
1111010111111 5
1011011100110 1
0011001101011 3
0111111110101 3
1101001101011 1
1011001001111 1
0111000101011 1
0111001100011 1
1011001101110 1
1110101111011 1
1111000110011 1
1011001111011 1
0111001110010 1
0011101111110 1
0111000110111 1
1011011110110 1
0011000111111 1
1111100101110 1
0111001111011 2
1111000111111 1
0111101000111 1
0111001110101 1
1111101110101 2
1111010110111 1
1001101111111 1
0111100110111 1
1110100110111 1
1011011101011 1
0110010111111 1
1011101100110 1
0101101100011 1
0001011001111 1
1101101111111 1
0010101101111 1
0011111101110 1
0101101110111 1
0111010101011 1
1011111010011 1
0011111100011 1
0011011111110 1
1011011110011 1
0011001110110 1
1111011111100 202
1110111111110 177
1110011111110 59
1111111011111 142
1111111011110 189
1111011111010 5
1111011011111 112
1100111101110 2
1111011011110 149
1111111111100 274
1111011101110 92
1110011101111 56
1111111011101 102
1110111111100 195
1111111001110 132
1110111011110 129
1111011001110 85
1100011111101 2
1111011111000 8
1100111111110 5
1110011011111 77
1111111111001 7
1111011001011 6
0110111001110 8
1110111011111 72
1111011111110 152
1110111001100 248
1111011001010 5
1100111011110 2
1110111011100 224
1111011011100 200
1110111010000 1
1111111101100 271
1101111011101 2
1100011001110 1
1111111011100 296
1111111011011 3
1101111011111 2
1110011001000 3
1100111001100 2
1110011101110 68
0110011001110 5
1111111001101 87
1110011111011 1
1110011011110 90
1111111011001 4
1111111011000 10
1100111101111 3
1110111101111 100
1111110101111 3
1110111001110 116
1111111101101 97
1111111111101 104
1111011101010 5
1110111001111 87
1110010001110 2
0111111111001 1
1111011111101 86
1110011111100 123
1111110111110 2
1100011111100 2
1110011111000 4
1010111111110 8
1111111000101 1
1111111101001 4
1010011001000 1
1011111111100 2
1110011111101 37
1111011011101 85
1111011001101 69
1111111011010 3
1111011101000 11
1111011101100 203
1110111011101 54
1010011001101 1
1100111101101 3
1111011101001 2
1100111011100 2
1110011101100 127
1111111001100 277
1111111111000 11
1001111111100 1
1111111101010 6
1111011011001 3
1110111101110 107
0111111011101 6
1111111110100 5
0110111011100 6
1100111011111 2
1111011001100 167
1110011001101 29
1100011011101 2
1110111101000 3
1110111101010 4
1111111001000 5
1000111101111 1
1100011011100 2
1011111011110 3
1100111011101 4
1100011001101 4
1111101011100 4
1010111001101 4
1100111011010 1
1110011011000 2
1110011001100 112
1110111101101 74
1100111111100 4
1110111111101 60
1111001011100 7
1110111001101 78
1100011011111 1
1110011001111 46
0111011001100 6
1111110111100 6
1110011011101 41
1110011011100 119
1011011111101 1
1100111101100 5
1101111111101 2
1110011101000 4
1110011101101 33
1110111111000 12
1110010011100 3
1111011110000 1
1111011011011 4
0111111111100 9
1110011101011 3
1111110011101 1
1110111011000 6
1111011011010 2
1111001111100 3
1010011111010 1
1101011111101 3
1110111111010 8
1100011001111 2
1111111001001 2
1110111011010 5
1111111101000 5
1010011011100 4
1101011001100 3
1110011001110 46
1110011001010 1
0110011111100 2
0110011101110 2
1111110011011 1
1111110001101 4
1111110011100 6
1010011111100 2
1110111110100 9
1111111010101 1
1110111010101 2
1110111000111 6
1110110111111 1
1111110011110 3
0111111101101 6
0111111001111 8
0110111111100 11
0110111111101 3
0111011101100 10
1110111001001 2
0110111011101 4
1011111101101 4
1110111010110 11
1110111101100 189
0110011101101 5
0111011111101 3
0110111001111 11
1111001001100 4
0111111001100 15
1111111010111 5
0110111101101 11
1110101111110 2
0111111011111 4
1111111000110 5
0110111001101 9
1110111100110 6
1010111001100 5
1110111100111 8
0110111101110 5
1110101001101 2
0111111001101 7
0110111011110 3
0110011111110 3
0110111000100 1
1110101011110 4
0110111111110 5
0110111101001 1
1111011010111 2
1110101001100 5
1101111001101 1
1110111000101 4
0110111011111 6
1110111100100 7
1110111100101 5
1011111111101 2
0110011001100 7
1011011010110 1
1110101111100 4
1110011000101 1
1110111010111 3
1111101101100 3
0111011111100 4
0111111001110 6
1110111000110 3
1110101101100 5
0111111011100 6
1111101111110 6
0010111000100 1
1110111110101 1
0110011101100 4
1110011010111 5
1110111010100 3
1110111100000 1
0111111000110 1
1110110101101 1
1011111001110 6
1111111100100 6
1110111001011 6
0110111111111 6
1110011111010 4
1110111101011 3
0111011101110 3
1110110001111 1
0110111100111 2
0111111111101 4
0110111001100 10
1110110001100 3
0111011001101 4
0110111101000 1
1111111100101 2
1110111001000 5
1111011000111 3
1111011100100 5
0110011011100 8
0111110011111 1
1101111001111 1
1011111011101 1
1110011100101 3
1111011010100 6
0111111011110 5
0111011011110 4
1111111010100 5
1110111000100 7
0100011111111 1
1110011100110 2
1101111011110 3
1110011000110 1
1110111001010 4
1111111010110 2
1110110011100 5
0110011011110 1
0110011101111 3
1110011100111 1
1111111000111 3
1110010111110 2
1110111110000 1
0111111110100 1
0110111101100 5
0111111101100 12
0110110001111 1
0110110111100 1
0111111111110 7
1110101110110 1
1101011111100 3
0110011111111 1
0110111000111 1
0111101100101 1
1101111111110 4
1011011011100 3
1110010101110 1
0111111001011 1
0010111011100 1
0110111101010 1
1011001111100 1
1111101101110 6
1110110011101 1
0110011110110 1
1110101001111 2
1111101001100 6
1101111101100 2
1011111001100 4
1110001011111 3
1010111101100 5
1110001001100 5
1010111110110 1
1011011010100 1
1011111011100 5
1110111011011 4
1110110101100 2
1110110111100 6
1010111011100 7
1101111101110 2
1111101001101 4
1111011110110 4
1111101011101 1
1111001101100 4
1011111101100 2
1111110101100 3
1101101011110 1
1101011101100 2
1111010011100 2
1111101111100 4
1111110001100 2
1111101011110 2
1110110001101 1
1111111001011 2
1111111000100 2
1011011001100 3
1111011000100 2
1110101011100 6
1011011101100 3
1010111001111 3
1111111001010 2
1110101101110 3
1101111001100 4
1101111001010 1
0111011011101 2
1110011010100 3
1111010001100 3
1110010011101 1
1111010011110 2
1010111011111 2
1101111101111 3
1111010011101 2
0100111011110 1
1111010111100 2
1010110111110 1
1110001101100 2
0111011011100 2
0111011010100 1
1010111111111 2
1001011011101 1
1111010101100 4
1010111111100 7
0100011001100 1
0111111011010 1
0110011011111 2
1100111001110 3
1100011001100 1
1110011110100 2
1110110101110 2
1111010110100 1
1110110011111 3
1110001111101 1
1110110111101 2
1010111011110 4
1111001110100 2
1110011010110 3
1111110101101 2
1110010101100 4
1110110011000 1
1110011101001 1
1111110111101 2
1110010111101 2
1011011111110 2
1010111101110 4
1010011101101 2
1010111001000 1
1110100111111 1
1111001001101 1
1010011101100 2
1011011011101 2
1101111011100 1
1011011001111 3
1110011001001 1
1110011110110 2
1110010011111 1
1110010011110 2
1110001011100 1
1100011101000 1
1010011001100 3
1110010111100 2
1110111111011 2
1111101001110 2
0110011011101 1
1011011001110 2
1100111001101 2
0111011101101 1
1111101101101 1
0011011001110 2
0101111011111 1
1111001111110 1
1111001011110 3
1111001011101 1
1111010001111 2
1111011011000 4
0111011111110 2
1111011100101 1
0111011001110 2
1110001111100 2
0100111101100 1
1110001011101 1
1111011000001 1
1111001101110 2
1010011101111 1
0110111000101 1
1010111001110 1
1010011001110 1
1011011101110 1
1111010001110 1
0110011001101 2
1010011011110 2
0110011111101 1
1111011000110 1
1101011111110 1
1100011011110 3
1111011001001 1
1110001111110 1
1110010111111 3
1110010101111 1
1010011111110 1
1110001101111 1
1101010001100 1
1111000001111 1
1110011011001 1
1110001111111 2
1111010001101 2
1100111111111 2
1111011110100 1
1101011011110 1
1110001101101 1
1101011001110 1
1111010101111 1
1110110111110 3
1110011101010 2
1110110101111 2
1101011011100 2
1111010111110 1
1111011000101 2
1101011011101 1
1100011111110 1
0110010011111 1
1010011011111 1
1100011111000 1
1101111111100 3
1110101111101 1
1010111101010 1
1110101101101 1
1011111010100 1
1010011001111 1
1111110001110 4
1110001011110 1
1110111110111 2
1110101001110 2
1110111110110 5
0110011010111 1
1110110011110 1
1010111011010 1
1110110001110 3
1110111011001 1
1110011100100 1
1011011111000 1
1111110001111 1
1110011011010 1
1110101100110 1
1100101001100 2
1111110010100 1
1100011101100 1
1100001011101 1
1110011000111 1
1110011000100 1
1110011011011 1
1111011010110 1
1010111111101 1
1100011101111 1
