number of shots: 4096
more frequency result: 1111101100111
1011101111111 107
0011011100111 15
1111111111111 146
1111011001111 5
1011111111111 91
0011101111111 27
0011111111111 16
1011001101111 57
1011101111011 3
1111101101111 175
1111101100111 189
1011010100111 4
1111101110111 139
1111001101111 47
1011101101111 113
1011111100111 132
1011101110111 87
1111001100111 32
0111111100111 43
1011101100111 118
0111001110111 6
0111101101111 48
0111111101111 44
0011101101111 31
0011011101111 15
1111111100111 170
1010111110111 4
1111111110111 144
1111111101111 171
1011111101111 139
1111101110110 5
1111011101111 33
1111001111111 28
1011111110111 80
1111111011111 5
1111101111111 132
1011011110111 29
0011001100011 1
0111101111111 30
1011001110111 40
0011001100111 18
0111111110111 39
0011111100111 25
0111101110111 33
0011111110111 26
1101111100111 2
1011001100111 53
1011101001111 2
1111110101101 1
0111001111111 9
1010111111111 3
1111111100011 4
0011011110111 14
1111011000111 4
0011101110111 12
1111011110111 27
1011111110110 3
0011001111111 8
0111111111111 34
1111111000111 5
1111100110111 2
0111101100111 47
1010101110111 2
1111011111111 29
1011011101111 47
1011011100111 47
1101101100111 4
1111011100111 31
1001111100111 4
0011111101111 30
0011101100111 36
1011001111110 2
1111011111101 2
0010011100111 1
0111011101111 9
1111111110110 6
1011001111111 48
1011000101111 2
1111001110111 31
1011011111111 54
0111011111111 9
1011011011111 3
1111001111010 1
1001111110111 4
0100011100111 1
0101111110111 1
0111011111101 1
1111111100110 6
1111101110011 8
1111011011111 2
1111101100100 1
1011001000111 2
0110101111111 2
1011100111111 1
1111101100011 1
1011101111101 4
0111001101111 9
1111111111011 3
1011111010111 4
1011001110011 1
0011011111111 11
0111101111110 2
0011001110111 16
0111101111011 2
0010111110111 1
0111011100111 9
1111101101011 4
1111111111110 4
1110111110111 1
0011000111111 1
1111001011111 2
0010111111111 3
0011001101111 14
1111111110101 5
0100111101111 1
1011001101110 3
1011001010111 4
1011101110101 5
1011101101011 2
1111110101111 2
0111101100101 2
1110111101111 5
1011101100110 2
1011101100011 4
0110111110111 2
0111011101101 1
1011101101110 10
1011000100111 4
1110101100111 2
1111111101110 8
1010101111111 1
1011111000110 1
0011111000111 1
1011111100101 3
1111101001111 2
1111101111110 4
0011001101101 1
1010101100111 7
0010000101111 1
0111011101011 1
0111101110110 2
1011111111101 2
0111111010111 1
1011100100111 2
1011111101110 3
1111001100101 1
1111111101101 2
0010111100111 1
1011101000111 4
0110101101111 2
1110101101111 2
1111101101110 9
1011010111111 3
1011111100110 8
1011010101111 2
1101111011111 1
1001101111111 4
1111001100110 3
1011011110110 2
0011011111110 1
1011011100100 1
0101111111111 1
0011011100011 2
0011101000111 2
1101101101111 2
1111000101111 1
1011110111111 1
1001001101111 1
1111100100111 1
0111111110101 1
1111101101101 3
0110011101111 4
1011011000111 6
1111101100101 1
1111101100110 5
1111111001110 1
1010111101111 3
1111011111110 2
1111100111111 2
1110101110111 1
0111111101110 1
1001111111111 4
1100111111111 1
0111101000111 3
1011111000111 2
1011111110101 2
1111101011111 7
1011111111011 1
1111101000111 4
1011110101111 1
1111111110011 3
0111001100111 6
1100111100110 1
0111111110011 4
0111011001101 1
1111111100001 1
0010101101111 2
0011101110110 1
0101011100110 1
1111001000111 4
0011011101110 3
1111001100011 2
0011011110011 1
1111101010111 5
0011011010111 1
0101111110110 1
0011101011111 2
1101111110111 1
1011001100101 1
1011110110111 1
0101101101111 1
0111110110111 1
0011000101111 2
1011111101101 3
1111000110111 1
1111111001111 4
0011101101110 1
1111001001111 3
1101111010111 1
0110101100110 1
1111111101011 3
1111001110011 1
1011101010111 4
1011110100111 1
1101111100110 1
1011101110011 3
1010101101111 9
1011101101101 2
0110101100111 1
1111001110110 1
1011001001111 1
0111101100110 4
1111111100101 1
0011101100101 1
0111111100101 1
0011001000111 1
0101101100111 2
0001101110111 3
0111011110111 3
0110001100111 1
1011011111110 2
1111111010111 1
1101101111111 2
1011001110110 1
1011111111110 6
1011101100101 2
0101101111111 1
1110001101111 1
1111011110100 1
0011111100110 1
0001101100111 2
0111111000110 1
1011011100110 2
1111101110101 1
1011011001110 1
0101001011111 1
0001111100111 2
0111001110101 1
1110001101101 1
1110111100111 2
1011001111101 1
1111101111011 3
1111101111101 4
1011011110011 2
1111100001111 1
1011111110011 3
0010000110111 1
1111111000110 1
0110001101110 1
1011011010111 4
1101111101111 1
0011011111101 1
1001101100111 2
1011001011111 3
1001111101111 2
0001111111111 2
0011110001111 1
1111110100111 1
0111111111110 1
0010001111111 1
1010111100111 3
0011001100101 1
0111101110011 1
0111101101110 1
0111100100111 1
0111101111100 1
0111111001111 1
1110101000111 1
1111010101111 1
0111110111111 1
0111110101111 1
0011111111101 1
0101100111111 1
1001101100101 1
1011011101110 3
0010000100111 1
1011011000110 1
0111101100011 2
0001000110111 1
0011111101011 1
1111011100110 3
1101111111111 1
0011111010111 2
1110101111111 1
0011111101110 2
0111111101100 1
1010001111111 1
1111111111100 1
1011011001111 2
1110011001111 1
0011001110110 1
0010001100111 1
0111010111111 1
1011111001111 1
1001101110111 4
0011001001011 1
0101011010111 1
1011000110111 1
1011111001110 1
0010011110111 1
1011001111011 2
1110001110111 1
0010101111111 1
0011011001111 1
1011101111110 2
1111110011111 1
1111001011110 1
1011010100011 1
0111001110110 1
1001101011111 1
0101101110110 1
0111000101111 1
1111100101111 3
1111011101011 1
0011101111110 1
0101111101111 1
1111100010111 1
1111011110011 1
1101101100101 1
0011111111110 1
1101101111001 1
0101011000111 1
0111111000111 2
0101011101111 1
1011101110110 1
0001010101111 1
1011101011111 1
1001011111111 1
1011111011111 2
0111101111101 1
0101001101111 1
1010111110110 1
0110101110111 1
0110111111111 1
1111001111110 1
0011001111110 1
0011111110110 1
0111101010111 1
1011011101011 2
1011111101011 1
1111011101101 1
0111011001111 1
1011001101011 2
0011000110111 1
0001011101111 1
0011101100110 1
1110001111111 2
0110011110101 1
0001001101111 1
1110110110111 1
1011001001101 1
0110011110111 1
0011011111011 1
0101001100111 1
0111001111101 2
1111110110111 1
1111110111111 1
1101001111111 1
0111100111101 1
0111111111101 1
1011111000101 1
0011001010111 1
0001101111111 1
1011110111101 1
