1111111011111 63
1110111001000 1
1110011101100 2
1111011011101 7
1110011011110 9
1111011101100 10
1111111111111 49
1111011111110 26
1111111011101 51
1010111111111 1
1110011001110 4
1111111111101 33
1111011001100 7
1111111111100 27
1111111101101 32
1110111111100 8
1111111001111 22
1110111011111 13
1111111101110 42
1111111011100 38
1111111111000 2
1111011101101 7
1111111011110 60
1111111101111 28
1111011101111 11
1111111001100 23
1111111100100 1
1111011001111 5
1111100011111 1
1110011111111 3
1100111111111 1
1110111001101 6
1111111001110 26
1111111111110 47
1111011011100 10
1110111111110 15
1111011111100 13
1111111101100 20
1110111101100 2
1110111101111 6
1111011011110 19
1111111001101 20
1111011101110 10
1110111011100 8
1110011111000 1
1110011001101 4
1111011011111 12
1110011100110 1
1111011111101 13
1110111101110 12
1111011110111 1
1110111011011 1
1101111111100 1
1110011001100 2
1110111101101 5
1101111101111 1
1111111111011 2
1110011011101 4
1010011001111 1
1111011011010 1
1110011101010 1
1111011101010 1
1110011011111 8
1110111001111 5
1111101111101 1
1110111001110 6
1110011111010 1
1110011011100 3
1110111011101 8
1110111011110 4
1110011111110 6
1010111101110 1
1111011001001 2
1110011101101 1
1110011111101 3
1110111111111 8
1110111111101 6
0110111101100 1
1100011111100 1
1111011001101 6
1100111011111 1
0111011111010 1
0110011101110 1
1111101011110 2
1010111011111 2
0110011111111 1
1110111101001 1
1111011111111 7
1111111100111 1
1111011001011 1
0110111011100 1
1110011001111 3
1111111110100 1
1111001101111 1
1111110111100 2
1110111001100 3
1111010001110 1
1111011001110 6
1111111110110 2
1010111111110 1
1110101001111 1
0110011001110 1
1010111011110 1
1111010101100 1
1111101101110 1
1010111011101 1
1111111000111 1
1111111010100 2
1110111010100 1
1101010111110 1
1101111001101 1
1110110011110 1
1111110011110 1
1111111110111 1
1111110111110 1
1110111101000 1
1111001001101 2
1100101101111 1
1111111010101 1
1010111111101 1
1111111101011 1
1111011011000 3
1111101011100 2
1111101011101 2
1111001111101 1
0110011111100 1
1110101111101 1
1100111001111 1
1110011101110 1
1111110101100 1
1010111111100 1
1111001001110 1
1110011111001 1
0110011111101 1
1011011011111 1
1111101111111 1
1111011100100 1
1111101001110 1
0110111011111 1
1111101111110 2
1110011111100 1
1111001001111 1
1010111101100 1
1111110000111 1
1111111010111 1
1111111011010 1
1100011111101 1
1111101111100 1
1110111000111 1
1100011011111 1
1110110011101 1
1111001011110 1
1110101011101 1
1110110101111 1
