1010111011110 1
1110011011100 3
1111111101100 21
1111011111101 29
1111111101110 9
1111011001101 19
1111111111110 52
1111011011101 29
1111111001101 18
1111011111100 19
1111111111100 27
1111011011100 13
1110111001111 7
1110011111111 9
1111111001100 13
1111111111101 46
1111111011111 36
1111011111111 16
1111011101111 7
1111111011100 28
1110011011110 12
1110111011111 19
1111011011011 1
1111111011101 33
1111011011110 21
1110111011100 15
1111111101101 15
1110111111101 18
1110111111110 15
1111111001111 23
1110111111111 13
1111111011110 48
1110111011110 16
1110111101101 11
1111111101111 22
1111111110111 1
1111111111111 29
1110011101111 5
1111010001110 1
1110111101111 11
1110101101111 1
1111101011110 1
1110011001101 6
1110111011101 18
1111101101101 2
1110011111101 12
1010111111101 1
1110011011101 9
0110011111101 1
1100111011111 1
1100111001110 1
1111011101101 6
1111011111110 15
1111011001111 9
1110011101101 5
1111011001100 10
1111011011111 14
0110111011100 1
1110011001111 3
1110110101111 2
1111011101100 6
1110011111110 5
1111111011000 1
1110111001110 7
1110111111100 11
1110011101110 2
0111110111100 1
1110011111100 5
1111001111100 1
1111011101110 3
1111111010110 2
1110111001101 5
1111110011100 1
1110011001110 3
1110001101101 2
1110111101110 4
1111011001110 10
1111111001110 7
1011111011101 1
1110001011110 1
1110111101010 2
1100111111111 2
1100011111111 1
1111011110110 1
1011111111101 1
1111010111110 1
1111111111001 1
0110111101100 2
1111100001100 1
1110111101100 4
1111110101101 1
1110011101100 4
1100011001111 1
1110111010111 1
1111111001001 1
1101111011110 1
1111010011110 1
1011111001110 1
1111011101000 1
1100111111100 1
1110111111001 1
1010011101110 1
1010111001110 1
1111110101111 1
1100110011111 1
1111111111010 1
1110011011111 8
1111110011111 1
1101111111100 1
1111101100001 1
1110111010110 2
1011111111110 1
1010011011101 1
1010011011111 1
1100111011100 1
1110011010101 1
1111111000110 1
1010111101100 1
1110111010101 1
0110111011110 1
1111011110100 1
1111010011101 2
1100011101101 1
1111111011010 1
1110011011000 2
1110111111000 1
1111011000100 1
1111101111111 1
1110001001101 1
1110110111101 1
1100111111101 2
1110111101011 2
1110111110110 2
1111011000111 1
1110111001100 2
1010011111111 1
0110111011111 1
1110101011110 1
1111110011101 1
0110011101101 1
1111101101100 2
1111111101000 1
1111101111110 1
1010111011101 1
1110011110110 1
0101111011110 1
1111111111000 1
1111011110111 1
1110011000111 1
1111011111011 1
1110011011010 1
1111110101110 1
1110011001100 1
