1111011011110 16
1111111001110 56
1110011011111 5
1111011101110 18
1111011111100 9
1110111101110 15
1111111111100 30
1110111111111 6
1010111111110 1
1111111111110 31
1111011001101 11
1111011011100 17
1111111101110 45
1111111010110 2
1111111011110 23
1111111111111 30
1111111101101 18
1110011111101 4
1111011001100 16
1110111101101 9
1111111100101 2
1111111011100 28
1110011011110 5
1111111101100 29
1010111101111 1
1111111011011 2
1111111011101 30
1110111001101 5
1111011111110 18
1111111001111 20
1110111001100 12
1111011101101 12
1111111111101 30
1111011001110 23
1110110101110 1
1110111011101 5
1111111001101 23
1111010111111 1
1111111011111 30
1111111101111 14
1101011001100 1
1110011001100 11
1111011111111 17
1110011001110 8
1111011001111 14
1111111001100 27
1111101101101 1
1110110001101 1
1110111011111 7
1110011001101 2
1110111111110 8
1110110001110 1
1100111011100 1
1110011101110 10
1111001011111 1
1110111011011 2
1010011011110 1
1111011101100 9
1110111011110 9
1111010011111 1
1111000111100 1
1110011111110 8
1110111111100 10
1110111100111 1
1110111001111 10
1111011011111 11
1010111001101 1
1110111011100 9
1111011111101 15
1110111111101 5
1111010001100 1
1111010001101 1
1111110101101 1
1110111001110 15
1111111111011 3
1100111011101 1
1111011101111 9
1111011100110 1
1111011011101 10
1110011001111 4
1111100011110 1
1100011111001 1
1111111110110 2
1111101001110 2
1110011011100 9
1111011001011 1
1110011101100 7
1110111101111 6
1110001101110 1
1110111111001 1
0110111001110 1
1111101111101 1
1110011101101 2
1110111101100 8
1111110011001 1
1110101001110 1
1111001001110 1
0111011101101 1
1111111111010 1
1111001001101 1
1111010111110 1
1111110101110 2
1111001101110 1
1100101011111 1
1111111111000 1
1100111101100 1
1111111000110 1
1111111011000 2
1110011111111 3
1010111011101 2
1111111001010 1
1110011001000 1
1100111001110 3
1111010111101 1
1111111111001 2
1111101011111 1
1111011101001 1
1110011011101 3
1101111011101 1
1111001101111 1
1111101001100 1
1111011110101 1
0110111101101 1
1110011101111 2
1011111011101 1
1111010011110 1
0111011101111 1
1110101101110 1
0100011101100 1
1100111101111 1
0101111101100 1
1100011011100 1
1110111001001 1
1100111001111 1
1110000101111 1
1110001011100 1
1111110011100 1
1111110001110 1
1111100011100 1
1110010101100 2
1111111010100 1
1111111110111 1
1111010011101 1
1111111000100 2
1100111001101 1
1111001011101 1
1111010001111 1
0101111011110 1
0101011011100 1
0111111111100 1
1111101001000 1
1110011111100 1
1111001001100 1
1110111111011 1
1111011111011 1
1111110111100 1
1011011111110 1
1010111011110 1
1111101011101 1
0110111111101 1
