number of shots: 1024
more frequency result: 1111111111111
1111111111101 14
1111111011100 39
1111111111100 38
1111111011111 27
1111111101111 40
1111011111100 41
1111011001100 28
1110111001100 10
1110111011100 13
1111011011100 31
1110111010111 2
1111111011110 29
1110101001100 1
1111011111110 29
1111111101110 29
1111011001101 7
1111011111111 19
1110111111100 14
1110111111110 8
1111011001111 16
1111111101100 40
1110011111100 6
1111111111011 1
0110111001110 2
1111011101100 29
1111001101101 1
1110011101111 3
1110011001111 3
1110010001111 1
1110011101100 6
1110111101111 7
1111011001110 18
1111111001110 19
1010101101111 1
1110111111111 11
1111111111000 2
1110011111111 6
1111111111111 45
0110011101000 1
1111111001100 40
0110011101111 1
1111111110011 1
1111010111100 1
1010111111110 1
1111011011110 23
1111111011011 2
1111011011111 20
1110011011100 10
1110011001100 9
1110110111100 2
1111011101000 2
1111111101101 8
1110111101100 9
1111111001111 24
1100111111100 1
1110111011110 10
1010011100101 1
1110011010100 1
1111011101111 14
1111111001101 6
1111011101101 5
1110111001111 6
1111011111101 10
1110111011111 7
1110011001000 1
1111011101110 18
1010011011111 1
1111111111110 30
1111001001110 1
1111110111110 1
1110011101110 7
1111001011100 1
1111111110100 2
1111011011101 4
1111111001001 1
1110011011101 1
1111110011100 1
1100011111010 1
1110010101100 1
1110011011110 3
1111011110110 1
1111111011101 8
1110111001110 2
0111110011111 1
1111111100111 1
1111001101110 2
1111011101011 2
1110011101101 1
1110011001101 1
1111011001000 1
1110111101101 1
1110010011110 1
1111111001000 3
1111111011000 3
1111101111111 1
0111011111110 1
1111101011100 2
1110111011101 3
1110111101110 3
1111111001011 1
1010111011100 1
1110011101000 1
1110011111110 4
0110111011110 1
0110011001100 1
1010111111111 1
1100111101111 1
1111011010100 1
1111110101100 1
1100011001100 1
1111010011110 1
1111101001111 1
1111010011100 1
1100111001111 2
0111111001110 1
0111011011101 1
1111111000100 1
1111111010101 1
1101111001010 1
1110111111101 2
0110111111011 1
1110011001110 1
1111010001100 1
1101011111100 1
1111111010100 1
1100011101111 1
1110111101011 1
1010011111100 1
1111011010110 1
1111111101010 1
1110011011010 1
1110011011011 1
1110111000100 1
1110011011111 2
1111011111000 1
1001111111110 1
1110001111001 1
1111011001001 1
1111001011110 1
1111111110110 1
0110011101100 1
1111111100110 1
0111011111111 1
1111011111011 1
0110111001100 2
1111111101000 1
1111111100100 1
0111111101100 1
1111001111110 1
1110011011000 1
1110111001010 1
1111110101110 1
1110111000110 1
