0111011011110 3
1110111011111 22
1111111001101 19
1110111111111 16
1110111010111 1
1111111111110 10
0110111111111 10
1110111001110 12
1111011011110 9
1110011011111 11
1110111001111 16
1110111101111 19
1111111101100 19
0110011001100 3
1111011101111 21
1111111111111 28
1111011111101 8
1111111001111 24
1111111101110 13
1111011111110 4
1110011101101 5
1110111101100 10
1110111101110 13
1111111001100 23
1111010011101 1
1111011101101 5
0111111111111 6
0111111101111 5
1110011011101 8
1111111101111 28
1111111011100 15
1110111101101 8
1111111011111 23
0110111001100 6
1111111111101 14
1111001111100 1
1110111011110 5
1110011101111 6
1110011101110 6
1110111011101 8
1110011111111 9
1111111101101 10
1111111111100 10
1111011111111 19
1111011001100 8
1111111011110 14
1111011101000 1
1110011101100 6
0111111111101 6
1111011001111 16
0111011101101 2
1100001011111 1
1110111011100 19
1111111001110 7
0110111011111 8
0110111101110 3
1011111011101 1
0111111011110 5
0110111001111 7
1110111111110 10
1111011101110 5
0110111011100 5
1111011001101 5
1110011111100 2
1110111001101 6
1101111111100 1
0111011001111 5
1111111011101 22
0110011111111 4
1111111001010 1
1111110101110 1
1110011011100 7
0110111011101 4
1111111110100 2
0110111111110 6
0111011001100 2
0110011011111 6
1111011001110 16
0111111001111 7
1110111111100 12
0111111011111 4
1111011111100 10
0111111101101 3
1110101111111 2
1111010101111 2
1010011011111 1
0111111101110 4
1110111011001 1
1111111111011 1
1111011011101 8
1111011101100 8
1110111001100 10
0110111001101 5
0111011111111 5
1110011001100 4
1110110001110 1
1111101011111 1
0111111111110 2
0111011101111 3
1110100011101 1
0110111111101 4
1111111110101 3
1110011001111 12
1110101011110 1
0111011110101 1
0111011101100 2
0110011111100 2
0110111101111 5
0111011001110 2
0111011011100 1
1111111111010 2
1111011010111 1
1110011111101 4
1100111011111 1
0110111101100 3
0110011101100 2
0111111001101 4
0110011101111 1
1110101001111 1
0111011011101 1
0110101011111 1
1110011111110 2
0101011011111 1
1101111101101 1
0111111001110 4
1110000001100 1
0110011011100 3
1100111111100 1
1110011001110 5
0110010011100 1
1111011011111 8
0110011011010 1
1111010011110 1
1110011011110 1
0110011111110 2
0110011011110 1
0111011101110 1
0110011001101 3
0111111011100 3
1110111000101 2
0110011101110 3
1111011011100 6
1010111011110 1
0110011001110 3
1101011111110 1
1111111111001 2
0110111011110 2
0110011001111 3
0110111010100 1
0011011101111 1
1110101001101 1
1010111111111 1
0111011011111 5
1110111111101 4
1111111000100 2
1111101101111 2
1111010001111 1
0111111101100 3
1110111100101 1
1110011010111 1
1110011001000 1
0111101001111 1
1111111010110 1
1010111101100 1
0110011100100 1
1110110101111 1
1011111011011 1
0111111001100 4
1111011101001 1
1110111011010 1
1111111101000 1
0111110111101 1
0111111111001 1
0111011001101 4
1111111100100 1
1110011100100 1
0111101001101 1
0110111001110 2
1110011011001 1
1110011011010 1
1111001001111 2
1110001001100 1
1110011001101 1
0111111011011 1
0111011111110 2
1101111001111 1
1110101101111 1
0111111111010 1
1110110001111 1
1110111101010 1
1111111011011 1
0110011011101 2
0111111011101 2
0101011111100 1
0010011101111 1
0101111101110 1
1111011110100 1
0101011110110 1
1111111001001 1
0110110011110 1
0111011111100 1
1111111000110 1
0110111111100 1
1111011010110 1
1111111111000 1
0100111111111 1
1110010111110 1
1111111110110 1
1110011000110 1
1111011001001 1
1111011110101 1
1100011001111 1
