1010011101100 1
1111111111100 42
1111011111100 9
1100111011110 1
1111111011101 38
1111011111110 20
0110111001110 1
1110111011110 32
1111111111111 24
1111011011111 4
1110111011101 27
0111111011100 2
1110111001101 14
1111111101101 11
1110111101100 6
1111111011110 42
1011010011111 1
0111111101110 2
1110111111100 31
0110011111110 3
0111111011111 2
1110111111010 3
1111011011110 17
1111011101110 9
1111111111101 41
1110111111111 32
1111111110101 1
1111111101110 11
1110111001110 6
0110111011110 1
1111111011100 38
1111111101111 12
1110111101111 9
1110111111101 35
1110011111101 6
1110111011111 19
1110111111110 26
1111111001100 15
1111111001101 12
1111111101100 11
1111011111101 14
1111111001111 11
1110011111110 9
1111011101111 3
1111011011100 11
1111010011110 1
0110111111111 2
1111111011111 20
0111011111100 2
1111100001110 1
1100111101110 2
1110111000111 2
1110001011101 1
0110110011100 1
1111011101100 6
1111011101101 5
0110111001101 3
1111110010100 1
1101011111101 1
1110011001101 3
0110111111101 4
1111011000011 1
1110101011100 1
1110110011100 1
1110101001111 1
1110011011100 6
1110011011101 6
1111110111101 1
1110011011111 6
1110101111101 2
1101111101111 1
1010111101100 1
1110011111100 7
1110111011100 21
1111011011101 8
0111111111101 3
1111111001110 12
1110101101100 1
0110011001101 2
1110011101100 2
1111111111011 2
1110011111111 8
0111111011110 1
1111111111110 30
1110111101110 8
0110011111111 1
1111111001011 1
1110011101110 5
1010011011111 2
1111011111111 9
1110011011110 10
1111011001110 2
1111101111111 1
1111101001101 1
1101011001110 1
1110011001111 2
1110110111110 1
1110111001100 8
1110111101000 2
1011111011101 1
1110111101101 7
1111111011001 1
1111011001101 5
1111111111000 2
0110111111100 1
0111111101101 2
1110111100100 1
0111011011101 1
1111110101111 1
1011011101101 1
0111011001110 1
0110111101101 2
0110011101101 1
1101011001100 1
0110011111100 1
1011111111111 1
1111111101001 1
1111011001100 3
1110110011111 1
1111101011100 1
1101111011101 1
1111110001110 1
1110011001110 3
0110011011111 1
1111011001111 5
1110101011111 1
1111111010111 1
0111011111111 2
1111001011110 1
1010101111101 1
0110111011101 1
0111011111101 3
0110111011111 1
0110011001100 2
1110001111100 1
1110011101101 1
1010111011110 1
1110001101111 1
1110111010101 1
1111101011110 1
0110011011110 2
1110111100110 1
1110111001111 8
1110111110111 2
1111001101100 1
1111101001111 1
0111011011111 2
0111111101100 2
1101111111101 1
1110111011001 1
1101111011100 1
1110111111011 1
1110101101110 1
1111101111110 1
1111101101110 2
1100001111100 1
1100011101101 1
1010111111111 1
1110010101110 1
1111001101111 1
1111101011111 1
1110101011110 1
1111111011010 1
1110011001100 2
1111011110100 1
1111110011101 1
1111011010101 1
0110111111001 1
1111011001010 1
1011011111111 1
1111111100100 1
0111011011110 1
1011011001100 1
1111111110100 1
1110111111001 2
1111011111010 1
1011011011111 1
1110111111000 1
1100111101111 1
1111111110110 1
1110011111000 1
0110011011100 1
1111111111010 1
1111111110011 1
1111011110111 1
1010111001110 1
