1111111101101 58
1111111101100 63
1111111011101 68
1111011011101 21
1110011101110 2
1111111001101 44
1010011111111 1
1111111111100 72
1111111001100 58
1110111010010 1
1111111111101 76
1110111001110 6
1111011101101 6
1110111101100 15
1111011011100 27
1111111000110 2
1111111101010 3
1111011111100 10
1111011010100 1
1111011001100 18
1111111111110 20
1111011101100 8
1111101001100 2
1111111001110 13
1110111101101 6
1111111011100 80
1100011011100 1
1110011001101 5
1110111001101 6
1110111011100 17
1111011000100 1
1111110111100 1
1110011001100 1
1110111111101 24
1111111101111 9
1110110110110 1
1111111000111 1
1100111001101 2
1110011111100 3
1110111111100 18
1110011011101 5
1111111111111 12
1111001001111 1
0110111011100 1
1111011111101 7
1111111011110 19
1110111011101 11
1111110011100 2
1111011011110 3
1111011001101 6
1111101111101 1
1111011111110 2
1110011101100 3
1111111101110 20
1110111111111 3
1111110011110 1
1111011011111 5
1111110101100 1
1111101011101 1
1110111001100 3
1110011001111 1
1111111011111 16
1110110111100 1
1111011011010 3
1111011001110 4
1110111001111 3
0111111101111 2
1110111111110 2
0110111011110 1
1100111011111 1
0111111101100 1
1111111011010 4
0110111001110 1
1110111001001 1
1111101001101 3
1110011101101 1
0110111101100 1
1111111111011 1
1110011011100 5
0110011011100 2
1111111011011 1
1111111001111 10
1111101111100 4
1010111001101 1
1111010111100 1
1110111110110 1
1111101011100 3
1111101101100 1
1010111101101 1
1100011001100 1
1100111111101 1
1111111110111 1
1111011101111 1
1110111000110 1
1111110101110 1
1110111011001 1
0110111011101 1
1110111011111 2
0111111011100 2
1111110001100 1
1111111101000 1
0110011011101 1
1111111100110 4
1111111100111 3
1110011111101 3
1111111101001 1
1111110101101 1
1111110011111 1
1111111000100 1
1111101101101 1
1110111011110 2
1110111101110 3
1110111101010 1
1111111110110 1
1100111011100 2
1101111101101 1
1010011001101 2
1110110001110 1
1110001111100 1
1111011101110 1
0110111101110 1
1111011111010 1
1111111001000 1
1111001001100 1
1100111101110 1
1110111111000 1
1110010111101 1
1110111010101 1
1110111100100 1
0110111001100 1
1111111001001 1
1110111101111 1
0110011001100 1
0110111111101 2
1100111101101 1
1111111010110 1
1011111011101 1
1100111111100 1
1010111011100 1
1110111111010 1
0111011001110 1
1111110111101 1
1111111010111 1
