1110111001111 22
1111111111111 16
1110111001100 34
1110111111100 25
1111111101101 25
1110111001110 24
1110111011110 23
1110011100111 1
1111111011101 18
1111111001100 24
1111111101110 17
1111111001110 14
1110111101110 11
1110110001101 2
1110111001101 27
1111111101111 12
0110011001111 1
1110011101110 9
1110111111101 25
1110111101111 13
1110011011111 8
1110111111111 12
1110111101101 24
1111111111100 22
0111111101100 1
1110011101100 9
1111111011110 16
1111011101111 9
1110011111111 5
1111011111111 6
1111101101100 3
1110011001100 9
1111111001101 19
1111101111101 2
1110111111110 15
1110111100110 1
1110111101100 22
1111111011100 34
1111011101110 13
1111011101101 6
1111110011101 1
1110111101010 1
1110111011101 23
1111001001111 1
1110111011100 25
1101011001111 1
1110011011110 7
1111011011101 8
1111011111100 12
1110011111100 15
1111110001100 2
1111101001101 3
1011111001100 1
1101111101100 2
1110101011100 1
1110011011101 8
1110011111110 6
1110011101111 7
1111111001111 14
1111111111101 18
1111110001111 1
1101111011101 2
1111111011111 19
1111101001100 1
1111011001110 7
1101111011100 1
0111111101101 1
1110011101101 11
1111011111110 8
1110111011111 16
1110111010110 2
1111011001100 8
1110001001111 1
1100101111010 1
1111101011100 1
1111111101100 14
0111111011111 1
1111111010110 1
1110011111101 12
1110011001110 7
1110011011100 10
1111111111110 14
1111011111101 6
1110001001100 1
1111111100110 1
1010011101000 1
1011011111101 1
1110101111101 3
1111011011110 9
1110111011010 1
1111011001101 9
1101011011111 1
1100111011110 1
1110011001101 5
1110111110111 2
1110101101100 2
1110111011011 1
1110101111110 1
1110011001111 3
1011111101111 2
1111011001111 5
1111001101111 1
1111011101100 8
1100011001110 1
1111111011000 1
1110111010100 1
1111011011100 6
1110101101011 1
1111111000111 1
1111111100111 2
0111111101110 1
1111110111111 1
1110110101100 1
1010111011101 1
0111111011110 3
1110110111100 1
1011011001101 1
1111011011111 2
1110110011100 2
1011111001101 1
1110101100100 1
1110110111101 1
1111110111101 2
1111011100100 1
1111111011011 2
1111101111100 3
1100111001100 2
1111111110101 1
1110111000100 2
1111011101011 1
1111001101110 1
1111011001001 1
0111111011101 1
1111111001010 1
0110111111101 1
1110001111100 2
1110010001100 1
0111111101111 1
1010111001101 1
0111111111100 2
1011011111110 2
1101011011110 1
1111011000001 1
1111111110110 1
1111101101111 1
1110111000110 1
1111101001110 1
1111010011111 1
0110111011100 1
1110001011100 1
1111111001011 1
1111101110110 1
1110001011101 1
1010011001111 1
0111111111110 1
1100111001111 1
1110101111100 1
0110111001101 1
0111111111101 1
1110101011101 1
1110110001111 1
1110011110111 1
0110111001110 1
1110111100111 1
1110011101011 1
1110101101101 1
1111101001111 1
1111011001010 1
1100111101100 1
1111101111110 1
