number of shots: 1024
more frequency result: 1110111001110
1110011101111 20
1111011100101 1
1111011101101 3
1111111011100 4
1110111011101 16
1111111101111 13
1110011011101 13
1110111111100 16
1110111111110 25
1110111100110 3
1111111101100 12
1111111011101 9
1111111001101 5
1110111011111 19
1111011001110 12
1111111010101 1
1110111101100 17
1110111101111 16
1110111101101 10
1110111001110 34
1110111001100 14
1110011101110 29
1100111001110 2
1110111111101 19
1111011001111 6
1010111011110 2
1110011011111 23
1110011111100 13
1110111011100 9
1111111111111 10
1111011101110 8
1110111101110 22
1111010001101 1
1111011011110 16
1111111001110 8
1110011111111 25
1110011101101 8
1110111011110 15
1110011101100 15
1111111011110 12
1111111101110 10
1111111111100 7
1110011011110 32
1111111111110 17
1010011011110 3
1111011111100 10
1010111011011 1
1111011111110 16
1110011001110 19
1111101101101 2
1111111001111 7
1110111100111 1
1010011111110 1
1010111001110 3
1101111011101 1
1110101001101 3
1110001111101 1
1110111001111 17
1110011011100 11
1010111101101 2
1111011101111 8
1110111111001 1
0110111111111 1
1110010111110 2
1111011011111 9
1111011011101 4
0110111001100 1
1110011111000 2
1011011111100 1
1110011010110 3
1111001001101 1
1110010001101 1
1110011111110 14
1111011011100 11
1111111100111 1
1110111111111 20
1101011100100 1
1111011101100 8
1110011001100 11
1111111011111 12
1111011110110 1
1111011111111 12
1111001011110 1
1110011001101 9
1100111101011 2
1111001111100 2
1110101101100 3
1101111101110 2
1110011001111 13
1100111101111 2
1010011111101 1
1110001101100 2
1111111001100 12
1010111101110 1
1111111101000 1
1101011111101 1
1111001101110 1
1111011001100 5
1011111111110 1
1110011111101 8
1011011101100 1
1101011001111 2
1111001001100 2
1111011110101 1
1111101111100 1
1010111111101 1
1111110101100 1
1111101111101 1
1011111101100 2
1111011111101 8
1110101001100 1
1110001111111 2
0110111101100 1
1110111001101 7
1111111111000 1
1111111111101 4
0110111011111 2
1111111101101 7
1011111101110 1
1011011111110 2
1110011111010 1
1111011001101 6
1110111000110 2
1000011011100 1
1111011111000 1
1110101111111 2
1011101111110 1
0111011011101 1
1100111011111 1
1110011100101 1
1010111001100 2
1110101001111 2
1011111111111 1
1110001001111 2
1110110111101 1
1110011001011 1
1100111011110 1
1100111001111 1
1110011000101 1
1110111100101 1
1011111001100 2
1111111011000 1
1111001110110 1
1010111001111 1
1111110001100 1
1110110011110 1
1010111011111 2
1100101111110 1
1111111100100 1
0111011101101 1
1111001001111 1
1000011011010 1
0110011101100 1
1110011110110 1
1111001010111 1
1000101111110 1
1110111010101 1
1110101001110 2
1110010011110 2
1110001001110 2
1110011010100 1
1110101111110 2
1110001011100 2
1010111111100 1
1110101011110 1
1110101101111 1
1010011001110 1
1110011000111 3
1111001011101 1
1110111110101 1
1100011001101 1
1111101001101 1
1110111111000 1
1110101101110 3
1010111001101 1
1111001010100 1
1010011001111 1
1110010111100 1
0111011011001 1
1110001011110 3
1101011101101 1
1101111101100 1
1100111111110 1
1010001101100 1
1010011101110 1
1101011011111 1
1110001111110 2
1100011011101 1
1100111001100 1
1101111001100 1
1011111011100 2
1110000101110 1
1010011101100 1
1111001111111 1
1110001001100 2
1100011101110 1
1011111001110 1
1110101101101 1
0111111101111 1
1110000111110 1
0111111011110 1
1100011001111 1
1111101111110 1
0111111101100 1
1000011001110 1
1110001101110 1
1110001011111 1
1110001101111 1
