number of shots: 1024
more frequency result: 1110111101100
1111111011111 13
1110111111110 15
1110011011101 15
1110111011101 18
1111011011100 11
1111011001001 1
1110111001100 29
1010011101100 1
1110011111100 26
1110111101101 33
1110011101101 23
1110111000101 1
1110011101100 17
1110011001101 32
1111011011101 14
1111011111111 11
1110111101100 34
1111111011100 15
1110011111111 15
1110111001101 23
1111111011101 10
1111011101101 19
1111111101100 17
1110111011111 17
1111111111100 6
1110111111111 17
1111111101110 6
1111011001110 5
1111011001101 19
1111111111101 7
1111011111100 11
1111111001100 16
1110110001100 1
1111101101101 1
1110111101111 11
1110011011111 21
1110111101110 6
1110010011101 1
1111011101100 18
0110011111101 1
1111011011111 9
1111111100001 1
1110111111101 24
1110011001110 8
1110111011110 10
1110011011100 21
1111011101111 3
1110011111110 13
1111111001101 12
1110011001100 20
1110111010110 3
1111010001100 1
1111111001111 8
1110111001111 9
1111111101101 19
1111001111111 1
1110111011100 26
1110111110111 1
1110111111100 21
1110011111011 1
1110011101110 11
1110111010111 1
1111011101110 3
1110011100100 2
1110011111101 22
1111111011110 4
1111010101110 1
1110011001111 15
1110111001110 12
1110011001010 1
1111011001100 13
1110011000110 1
1110101101101 1
0111111001101 1
1100111101101 3
1110011101111 11
1111111001110 3
1111111111111 9
0111011011110 1
1111101011101 1
1110001011100 1
1110001001111 2
0100111110111 1
1110101111100 1
1111101111101 1
1101111001100 2
1111111111110 6
1110110001110 1
1110101011111 1
1110011011110 11
1110111011010 3
1010011001110 1
1101011011101 2
0111111011101 1
1111011111101 5
1010011011101 1
1110011011001 1
1111111101000 1
1111111101111 2
1111110111100 1
1111011001111 10
0110011111111 1
1011111101111 1
1110101011110 1
0111111101101 2
1100111001100 2
1100011111101 1
1101111001111 1
0110111001111 1
0101011101101 1
1111010011100 1
1110111101000 1
1110011011010 1
1100111111101 2
1101011001110 1
1111011111010 1
1011011001110 1
1110011011011 3
1111010101111 1
1111110001100 1
1011111011100 1
1011011101101 1
0110111011100 1
1110110001111 1
1111001101100 1
1111110101100 1
1111011011110 4
1111011010100 1
1110011110110 2
0110111101110 1
1100011111100 1
1100011011100 1
1101011111100 1
1100011111111 1
1111001101111 1
1100111001111 2
0110111101100 1
1111010100110 1
1100011001101 2
1110110101110 1
1011011011111 1
1110111010101 1
1110011110101 1
1100111101100 1
1101011101111 1
1101011101101 1
1111111011011 1
1111101001100 1
1011111011110 1
0110011011001 1
1010111111101 1
1110111001011 1
1111011111110 1
1010011011111 1
1011011111100 1
1110111111000 1
1110101001100 1
1110011110100 1
0111111001100 1
1110110111100 1
1111010101100 1
1011111101101 1
1110101011100 1
1100111011010 1
1001111101101 1
1101111011101 1
1111111100110 1
1110011111000 1
1111011110101 1
1111110111111 1
1011111001110 1
1100011011010 1
1110011010110 1
1110111001001 1
1110011101010 1
