number of shots: 1024
more frequency result: 1111111111100
1111111011100 35
1110011011110 10
1111111001110 15
1111011101101 4
1110111001110 28
1110111011100 44
1110011001110 8
1110111011111 32
1110111000111 1
1111011011110 5
1110011111100 19
1110111111110 33
1110111101100 31
1010011111110 1
1101011111110 1
1111111111100 55
1111111011101 7
1110110001100 2
1111111111111 18
1110111111111 20
1111011111100 13
1110111011101 15
1110111101111 15
1111111001111 13
1110111111100 46
1111111001100 22
1111111101100 29
1111011101011 1
1111110101101 1
1111011101100 8
1110011011100 18
1110111001100 19
1110111011110 31
1110011111101 3
1111111110111 2
1111010011111 1
1110111111101 16
1111111011110 38
1110011001111 2
1111011011101 5
1111011111101 4
1110011101100 13
1010111111110 2
1111111011111 15
1110011111110 10
1111111101101 7
1110110001111 1
1110111001111 13
1111111101111 4
1110111010110 2
1111111001101 8
1110110001110 2
1111011001111 3
1010111101100 3
1111111111110 20
1111011111001 1
1110011101101 5
1111111100110 1
1110011001101 4
1011111001100 1
1111011001100 3
1111011111111 5
0111111101110 1
1110011100100 2
1111111111101 7
1111011011100 7
1110011011101 5
1101111110111 1
1110111101101 14
1110001111110 1
1111101011111 1
1111110111110 2
1111111101110 13
1111010111100 1
1110111110101 1
1110111010100 2
1110101101100 1
1110011101111 2
1111011111110 5
1110111001101 7
1110110111100 2
1111011101110 4
1110101011110 1
1111101011100 1
1110111001010 1
1110011011111 7
1011011111100 2
1110111000100 3
1110011101011 1
1110110101110 1
0111111011100 3
1110111001000 1
1111110011100 3
1111011011011 1
1111111010110 1
0111111010101 1
1110111101110 12
1111101011110 2
1110011001100 9
0111111101100 1
0111111111110 1
1010111011100 2
1110011101110 5
1110110111110 1
1110010111100 1
1100111111101 1
0110011001100 1
1010111011110 1
1111101101100 1
0111011011101 1
1111111110100 2
1110111101001 1
1110010011100 2
1110110111101 2
1010011101100 1
1110110011111 1
1101111001111 1
0110011101110 1
1010111001110 1
1100011111100 1
1110101001110 2
1010111001100 1
1111011001110 2
1110110101010 1
1110011111111 3
1110011010111 1
1111101001100 2
0110111011100 2
1110101011111 1
1111011011111 3
1111110111101 1
1110110011100 2
1110011001011 1
1111011001101 1
1010111101110 1
1100111101101 1
1100011101100 1
1011111111100 1
1111101001110 1
1111110101111 2
1111111100100 2
1111101111100 1
1100011111110 1
1111101101110 1
1100011001101 1
1110111011001 1
1100111001111 1
1100111011111 1
1101011101110 1
1011111101100 1
1110011010110 1
1010010101110 1
1110011001000 1
1110111100111 1
1111111011000 1
1111110001111 1
1111011101111 1
1100111111111 1
1100011001100 1
1111111010111 1
1111111111001 1
1110010101110 1
1111011110111 1
1110010011111 1
1111110101100 1
1110111000110 1
1110101111111 1
0111111001110 1
1111110001100 1
1100111011101 1
1110111011010 1
0110111001100 1
1111011100110 1
1010111111100 1
1111001001100 1
1110011010100 1
1110111110110 1
1111110111111 1
0110111101100 1
1110001011111 1
0110111101111 1
