number of shots: 1024
more frequency result: 1111111101100
1111011101100 25
1111111011100 40
1110011111110 10
1111111101110 23
1110011001100 22
1111111001100 45
1110111001111 7
1111111111100 30
1111111101100 46
1110111000100 2
1111111101101 6
1111111111111 4
1110011001101 4
1111011111100 18
1110111001110 21
1110111111110 14
1110011101100 23
1110110101110 2
1110111001100 35
1110111011100 16
1110011011100 23
1110111111100 21
1110011101101 4
1111111001110 18
1110111101100 33
1010111100110 1
1110111011110 21
1111011011100 16
1111011101111 3
1110111101110 23
1111011111111 2
1110011111100 11
1110010011100 1
1100111001110 2
1110011111111 6
1110011101110 25
1111011101110 12
1111101111100 5
1111011011110 14
1111111001101 6
1110011001110 20
1111111111110 15
1110011111101 7
1110010111000 1
1110111011011 1
1110011001111 8
1111111001111 9
1110011011011 1
1110011001000 1
1100111111111 3
1111111101111 14
1110011101111 6
1110111101101 7
1110010011101 1
1010111011100 1
1110101001100 1
1111111001000 1
1111011011111 7
1110111101111 5
1110011000111 1
1010011011110 1
1011011001110 2
0110011111100 1
1100111101100 2
1111111011111 6
0111011101101 1
1111011001100 23
1111011001000 1
1111111111101 6
0111111111100 3
1010011111100 1
1111111001011 2
1110111101000 2
1111001011100 1
1110111011000 3
1111111011110 10
0110011011100 1
1110011011101 3
1110111111101 5
1110111001101 11
1011011111100 1
1111011001110 17
1111111101000 2
1111011111110 7
1110011111011 1
1110010111100 1
1111111011101 5
1111101001111 1
1111011001111 4
1110111111001 1
1110110011100 1
0111011101100 3
1110111011111 8
1111011001101 4
1111010101100 2
1111111011000 1
1110111111111 8
1111100001100 1
1110111011101 9
1101011001100 1
1111011101101 4
1111101011101 1
1111001011000 1
0110111101110 1
1010111101100 1
1010011011100 1
1110011011110 5
1010011111111 1
1110011011111 3
1111111000100 4
1111111010101 1
1110101101100 2
1010011101111 1
1110111001001 1
0110111101100 2
1010111011110 1
1000111111100 1
1111111110100 1
0110011101111 1
1110011000101 1
1111110001100 3
1110111100100 1
1110110011110 2
0110111010111 1
1110011011000 1
1010111011011 1
1010011111110 1
1111111111010 1
1111001011111 1
1110010111110 1
1110001011110 2
1110010111101 1
1011011001100 1
1111101011100 1
1111010011110 1
1010011101110 1
1111111101010 1
1100011011110 1
1110011101001 1
1111010001111 1
1110110111110 1
0111111011110 1
1111110001110 1
1011011101100 2
1111011011101 3
1010111101111 2
1110101011110 1
1110011111010 1
1100111111100 1
1111111011011 1
0110111001100 1
1110011001010 1
1011111001110 1
1101111001100 1
1110011100100 1
0111001101101 1
1111010011100 1
1111011101000 1
1110101111111 1
1110110111100 1
1100011111111 1
0110011001100 1
1101111101100 1
0111111011111 1
1111101111110 2
1111011111000 1
1111010111100 1
0111111111111 1
1111010001100 2
1110010011110 1
1110111001011 1
1101111111110 1
1111111000111 1
1101111111011 1
1011111101111 1
1010011001000 1
1110011111000 1
1011111001101 1
1011111001100 1
1111110111110 1
1111101001101 1
1011111111111 1
1010111111100 1
1100011001100 1
0111011101110 1
1110110101100 1
0110011001111 1
