number of shots: 1024
more frequency result: 1111111011110
1110111111110 12
1111111011111 25
1110111101100 13
1111111111100 55
0110111101100 1
1111011001111 5
1111111011100 37
1111111011110 68
1110011001110 4
1111111111110 52
1111111111111 22
1111111101110 48
1111111011101 27
1111111001110 57
1111111001111 26
1111111101100 48
1111011001110 6
1110111011110 14
1111111001100 46
1110111101101 9
1110111111100 11
1111111101101 26
1111011010110 1
1111010111100 1
1100111101111 1
1010111011110 1
1111011011100 8
1110111001110 9
1110111011100 12
1111111001101 30
1011111101100 1
1110111011111 7
1111110101101 2
1111111110100 4
1111011101110 10
1111111101111 39
0110111111100 4
1111011011111 2
1111011001101 8
1110011011101 1
1110111010100 2
1111011111100 10
1111111110101 2
1111110111101 2
1111101101100 2
1110011111101 2
1111111100100 4
1111101101110 2
1110011111110 3
1111011001100 4
1101111001101 1
1111111111101 25
1111110011100 3
1111111010111 2
1110111001101 11
1111000101100 1
1111111101000 3
1110111001100 13
1111011011110 9
1010011010110 1
0110111011001 1
1111111000100 4
1110111101110 8
1111111100110 2
1110011101111 1
1111111000111 1
0110111101101 1
1110011011110 4
1111011101100 6
1110110000100 1
1110011011100 1
1110011001100 2
1110111101111 7
1110011101100 4
1111011011101 2
1101111101110 1
1110111111111 3
1111011101101 4
1110101101110 1
1111011111110 10
1110111111101 3
1111111011000 2
1010111111100 1
1111110001111 2
1110111001111 7
1101111011110 1
1111011101011 1
1111111110110 1
1111111110111 1
1100111101110 1
1110101100100 1
1110011001000 1
1111111101010 1
1010011001111 1
1010011011110 2
1110010111100 1
1110011101110 3
1111101001100 1
1111111011010 1
1111111100111 1
0110011011100 1
1111111010100 2
1111110011111 2
1110110001100 3
1111111100101 1
1110111100110 1
1010111111111 1
0111110111100 1
1111101001110 1
1111111001000 1
1111011011001 1
1100111101100 1
1111101111110 1
1111001101111 1
1110111101011 1
1100111110110 1
1011111001100 1
1110111011101 1
1110011111100 5
1111110101110 1
0110111011110 2
1111011110100 1
1111011000101 1
0110011011110 1
1110011000101 1
1110111000100 1
1111111001011 1
1111011111101 2
1010111101110 1
1010111101101 1
1110011111111 1
1110111010111 1
1111111010110 1
1101011111101 1
1111101011101 1
0111111011100 1
1110101011111 1
1111011111111 1
1111011101111 2
1011011111100 1
1110011011111 1
1110111001010 1
1111111101011 1
1111011000111 1
1100111111110 1
1111111011011 1
1111001111111 1
1111110111110 1
0110011111110 1
1110111001000 1
1110010001110 1
1111111111010 1
1011011001110 1
1110111100111 1
1110111011010 1
1111011111000 1
1101111101100 1
1110111101000 1
1111111010101 1
1111110000111 1
1111110101100 1
