number of shots: 1024
more frequency result: 1111111011111
1011111111101 7
1110111101101 15
1110111001100 9
1111111001100 19
1111111111101 22
1111111011110 19
1111111011111 35
1010111111100 9
1010111111110 17
1011111011110 7
1111111111100 21
1010111101101 7
1110111001111 7
1111111111111 21
1110111111100 10
1111011101101 5
1111011011110 9
1011111001101 3
1001011111111 1
1110111011111 10
1111111110101 1
1011111111111 10
1010011111110 5
1010011111111 4
1011111001111 4
1010111111111 9
1110011011101 4
1110011011111 9
1010111011101 9
1111111010110 1
1111011011100 4
1111111011101 14
1110111011100 7
1111111101010 1
1110111011101 8
1111011101111 10
1011111011100 7
1010111011100 11
1010111001110 10
1111011111100 6
1100011000111 1
1110011001101 6
1010011011100 3
1010011111101 2
1111111011100 20
1111011111111 7
1011111011111 9
1010011111100 4
1011111101110 8
1111111101110 15
1111101011111 1
1111111010101 5
1010110011101 1
1111111111110 18
1110011111111 8
1111111001110 15
1010111011110 11
1110111111111 10
1010111111101 11
1111011111101 6
1110011001111 6
1111111101101 15
1110111011110 12
1110111101100 6
1010111001111 6
1111111101111 16
1111111001101 19
1111111110100 2
1100011011100 1
1111011011101 4
1110011111110 6
1010011011110 5
1111111100110 1
1111011001100 4
1010111001100 10
1111111111001 2
1110110111101 1
1110011111100 3
1110111111110 8
1011011101111 3
1010011001100 4
1111111101100 12
1100011101111 1
0010011011110 1
1110011101101 8
1101111001110 1
1011110001100 1
1011011111100 2
1111011011111 6
1011111101111 5
1011011101110 2
1010011010100 2
1010011001110 4
1010111101100 9
1110111101110 6
1100111001110 1
1110111001110 10
1111111101011 2
1010111011111 10
1011011010011 1
1011011001100 2
1110011001110 5
1110101111101 1
1011011001111 5
1010111001101 11
1011111011101 8
1011111111110 5
1010011111010 1
1111111001111 14
1011111001100 4
1110011011100 8
1011011011101 2
1111011001111 2
1010011101101 4
1011111001010 1
1011101101100 1
1110111101111 7
1011111110101 1
1101111001111 1
1011010001111 1
1110011101110 1
1111110111101 2
1011111101100 4
1111011001110 3
0011011011110 1
1010011001011 1
1100011111110 1
1011111111100 8
1010011101110 3
1011111101101 1
1011111110110 1
1100111101111 1
1010111101110 5
1111011101110 2
1110111101001 1
0110011111111 1
1111010011110 1
1110110011100 1
0110011101100 1
1010011001111 1
1101011011100 1
1000111111110 1
1010111100100 1
1110111111101 9
1110011001100 2
1110111010101 1
1111111000110 1
1111101111110 2
1010010100111 1
1110111101010 1
1110111101000 1
1111101001111 1
1010111011001 1
1111110011101 1
1110101011100 1
1011011001110 3
1110011101100 2
1011110001101 1
1010011001001 1
1111111111000 1
1110111001101 7
1111011101100 2
1111110011111 1
1011011111110 4
1110101001110 1
1010101011100 1
1010011011101 2
1010111001000 1
1111101101110 1
1111111011000 1
0111111111101 1
1010111101111 4
1110011001010 1
1111110111111 2
1010011001101 2
1010011101100 2
1110110011101 1
1110011111101 3
1011011101100 1
1111011001101 2
1011011111111 2
1010011101111 3
1010001011110 1
1110111011000 1
1010001111111 1
1110111011010 1
1111111100100 1
1110101001111 1
1111110101100 1
1111001111100 1
1010011011111 3
1111011111110 2
1010111111010 1
1010111110111 1
1101110111111 1
1110011110101 1
1011111101011 1
0110111101101 1
1110111100100 1
1111110011110 1
1010111001010 1
1010111110101 1
1111101001101 2
1010101011111 1
1111101111101 1
1010110001101 1
1110011101001 2
1110111110101 1
1010111010111 1
1010110111110 1
1100011101110 1
1000111011111 1
1100001011110 1
1110101111100 2
1011011111101 1
1110101101111 1
1011101011110 1
1011011001101 1
1010110011111 1
1110011101111 1
1110111001011 1
1110111100110 1
1111011100101 1
0110011110101 1
1011111010101 1
1011101001101 1
1110011011110 1
1111111101000 1
1110111000111 1
1111110101101 1
1100011101100 1
1011101111111 1
