number of jobs: 10
percentage of hits: 0.03798828125
1011101111111 107
0011011100111 15
1111111111111 389
1111011001111 81
1011111111111 93
0011101111111 27
0011111111111 16
1011001101111 57
1011101111011 3
1111101101111 178
1111101100111 189
1011010100111 4
1111101110111 139
1111001101111 51
1011101101111 113
1011111100111 132
1011101110111 87
1111001100111 32
0111111100111 43
1011101100111 118
0111001110111 6
0111101101111 48
0111111101111 53
0011101101111 31
0011011101111 16
1111111100111 178
1010111110111 4
1111111110111 148
1111111101111 349
1011111101111 141
1111101110110 6
1111011101111 116
1111001111111 29
1011111110111 80
1111111011111 251
1111101111111 136
1011011110111 29
0011001100011 1
0111101111111 30
1011001110111 40
0011001100111 18
0111111110111 39
0011111100111 25
0111101110111 33
0011111110111 26
1101111100111 2
1011001100111 53
1011101001111 2
1111110101101 4
0111001111111 9
1010111111111 7
1111111100011 4
0011011110111 14
1111011000111 5
0011101110111 12
1111011110111 30
1011111110110 3
0011001111111 8
0111111111111 40
1111111000111 8
1111100110111 2
0111101100111 47
1010101110111 2
1111011111111 134
1011011101111 47
1011011100111 47
1101101100111 4
1111011100111 31
1001111100111 4
0011111101111 30
0011101100111 36
1011001111110 2
1111011111101 112
0010011100111 1
0111011101111 13
1111111110110 15
1011001111111 48
1011000101111 2
1111001110111 31
1011011111111 55
0111011111111 17
1011011011111 5
1111001111010 1
1001111110111 4
0100011100111 1
0101111110111 1
0111011111101 4
1111111100110 12
1111101110011 8
1111011011111 87
1111101100100 1
1011001000111 2
0110101111111 2
1011100111111 1
1111101100011 1
1011101111101 4
0111001101111 9
1111111111011 13
1011111010111 4
1011001110011 1
0011011111111 11
0111101111110 2
0011001110111 16
0111101111011 2
0010111110111 1
0111011100111 9
1111101101011 4
1111111111110 255
1110111110111 5
0011000111111 1
1111001011111 3
0010111111111 3
0011001101111 14
1111111110101 10
0100111101111 1
1011001101110 3
1011001010111 4
1011101110101 5
1011101101011 2
1111110101111 4
0111101100101 2
1110111101111 93
1011101100110 2
1011101100011 4
0110111110111 2
0111011101101 5
1011101101110 10
1011000100111 4
1110101100111 2
1111111101110 204
1010101111111 1
1011111000110 1
0011111000111 1
1011111100101 3
1111101001111 5
1111101111110 10
0011001101101 1
1010101100111 7
0010000101111 1
0111011101011 1
0111101110110 2
1011111111101 3
0111111010111 1
1011100100111 2
1011111101110 4
1111001100101 1
1111111101101 186
0010111100111 1
1011101000111 4
0110101101111 2
1110101101111 5
1111101101110 12
1011010111111 3
1011111100110 8
1011010101111 2
1101111011111 1
1001101111111 4
1111001100110 3
1011011110110 2
0011011111110 1
1011011100100 1
0101111111111 1
0011011100011 2
0011101000111 2
1101101101111 2
1111000101111 1
1011110111111 1
1001001101111 1
1111100100111 1
0111111110101 1
1111101101101 9
0110011101111 6
1011011000111 6
1111101100101 1
1111101100110 5
1111111001110 163
1010111101111 4
1111011111110 140
1111100111111 2
1110101110111 1
0111111101110 8
1001111111111 4
1100111111111 4
0111101000111 3
1011111000111 2
1011111110101 2
1111101011111 10
1011111111011 1
1111101000111 4
1011110101111 1
1111111110011 5
0111001100111 6
1100111100110 1
0111111110011 4
0111011001101 5
1111111100001 1
0010101101111 2
0011101110110 1
0101011100110 1
1111001000111 4
0011011101110 3
1111001100011 2
0011011110011 1
1111101010111 5
0011011010111 1
0101111110110 1
0011101011111 2
1101111110111 1
1011001100101 1
1011110110111 1
0101101101111 1
0111110110111 1
0011000101111 2
1011111101101 3
1111000110111 1
1111111001111 159
0011101101110 1
1111001001111 9
1101111010111 1
0110101100110 1
1111111101011 4
1111001110011 1
1011101010111 4
1011110100111 1
1101111100110 1
1011101110011 3
1010101101111 10
1011101101101 2
0110101100111 1
1111001110110 2
1011001001111 1
0111101100110 4
1111111100101 3
0011101100101 1
0111111100101 1
0011001000111 1
0101101100111 2
0001101110111 3
0111011110111 3
0110001100111 1
1011011111110 7
1111111010111 4
1101101111111 2
1011001110110 1
1011111111110 8
1011101100101 2
0101101111111 1
1110001101111 3
1111011110100 4
0011111100110 1
0001101100111 2
0111111000110 1
1011011100110 2
1111101110101 1
1011011001110 1
0101001011111 1
0001111100111 2
0111001110101 1
1110001101101 3
1110111100111 5
1011001111101 1
1111101111011 3
1111101111101 10
1011011110011 2
1111100001111 1
1011111110011 3
0010000110111 1
1111111000110 6
0110001101110 1
1011011010111 4
1101111101111 3
0011011111101 1
1001101100111 2
1011001011111 3
1001111101111 2
0001111111111 2
0011110001111 1
1111110100111 1
0111111111110 4
0010001111111 1
1010111100111 3
0011001100101 1
0111101110011 1
0111101101110 1
0111100100111 1
0111101111100 1
0111111001111 8
1110101000111 1
1111010101111 3
0111110111111 1
0111110101111 1
0011111111101 1
0101100111111 1
1001101100101 1
1011011101110 3
0010000100111 1
1011011000110 1
0111101100011 2
0001000110111 1
0011111101011 1
1111011100110 4
1101111111111 1
0011111010111 2
1110101111111 5
0011111101110 2
0111111101100 10
1010001111111 1
1111111111100 276
1011011001111 2
1110011001111 45
0011001110110 1
0010001100111 1
0111010111111 1
1011111001111 1
1001101110111 4
0011001001011 1
0101011010111 1
1011000110111 1
1011111001110 3
0010011110111 1
1011001111011 2
1110001110111 1
0010101111111 1
0011011001111 1
1011101111110 3
1111110011111 3
1111001011110 5
1011010100011 1
0111001110110 1
1001101011111 1
0101101110110 1
0111000101111 1
1111100101111 3
1111011101011 4
0011101111110 1
0101111101111 1
1111100010111 1
1111011110011 1
1101101100101 1
0011111111110 1
1101101111001 1
0101011000111 1
0111111000111 2
0101011101111 1
1011101110110 1
0001010101111 1
1011101011111 1
1001011111111 1
1011111011111 2
0111101111101 1
0101001101111 1
1010111110110 1
0110101110111 1
0110111111111 14
1111001111110 2
0011001111110 1
0011111110110 1
0111101010111 1
1011011101011 2
1011111101011 1
1111011101101 56
0111011001111 6
1011001101011 2
0011000110111 1
0001011101111 1
0011101100110 1
1110001111111 4
0110011110101 1
0001001101111 1
1110110110111 1
1011001001101 1
0110011110111 1
0011011111011 1
0101001100111 1
0111001111101 2
1111110110111 1
1111110111111 2
1101001111111 1
0111100111101 1
0111111111101 11
1011111000101 1
0011001010111 1
0001101111111 1
1011110111101 1
1110111001000 1
1110011101100 54
1111011011101 99
1110011011110 79
1111011101100 92
1111111011101 277
1110011001110 50
1111111111101 276
1111011001100 103
1110111111100 145
1110111011111 124
1111111011100 304
1111111111000 10
1111111011110 263
1111111001100 235
1111111100100 5
1111100011111 1
1110011111111 68
1110111001101 76
1111011011100 132
1110111111110 124
1111011111100 133
1111111101100 229
1110111101100 93
1111011011110 133
1111111001101 166
1111011101110 85
1110111011100 136
1110011111000 4
1110011001101 36
1110011100110 1
1110111101110 91
1110111011011 4
1101111111100 3
1110011001100 50
1110111101101 81
1110011011101 57
1010011001111 3
1111011011010 4
1110011101010 1
1111011101010 1
1110011011111 71
1110111001111 94
1110111001110 112
1110011111010 2
1110011011100 64
1110111011101 119
1110111011110 116
1110011111110 54
1010111101110 2
1111011001001 5
1110011101101 35
1110011111101 52
1110111111111 121
1110111111101 138
0110111101100 8
1100011111100 1
1111011001101 74
1100111011111 5
0111011111010 1
0110011101110 4
1111101011110 4
1010111011111 4
0110011111111 6
1110111101001 1
1111011001011 2
0110111011100 9
1111111110100 6
1111110111100 4
1110111001100 96
1111010001110 2
1111011001110 98
1010111111110 3
1110101001111 5
0110011001110 4
1010111011110 7
1111010101100 1
1010111011101 5
1111111010100 4
1110111010100 2
1101010111110 1
1101111001101 1
1110110011110 2
1111110011110 2
1111110111110 2
1110111101000 3
1111001001101 4
1100101101111 1
1111111010101 3
1010111111101 3
1111011011000 3
1111101011100 9
1111101011101 4
1111001111101 1
0110011111100 4
1110101111101 6
1100111001111 6
1110011101110 71
1111110101100 4
1010111111100 2
1111001001110 3
1110011111001 1
0110011111101 2
1111011100100 2
1111101001110 4
0110111011111 13
1110011111100 53
1010111101100 4
1111110000111 1
1111111011010 7
1100011111101 1
1111101111100 9
1110111000111 3
1100011011111 1
1110110011101 1
1110101011101 2
1110110101111 4
1111011011011 1
1110011101111 43
1100111001110 6
1111111011000 8
0111110111100 1
1111001111100 4
1111111010110 7
1111110011100 5
1011111011101 5
1110001011110 4
1110111101010 5
1100011111111 1
1111011110110 3
1111010111110 2
1111111111001 5
1111100001100 1
1100011001111 3
1110111010111 4
1111111001001 4
1101111011110 1
1111010011110 5
1111011101000 4
1100111111100 4
1110111111001 5
1010011101110 2
1010111001110 5
1100110011111 1
1111111111010 5
1111101100001 1
1110111010110 4
1010011011101 1
1010011011111 5
1100111011100 4
1110011010101 1
1110111010101 4
0110111011110 6
1111010011101 4
1100011101101 2
1110011011000 3
1110111111000 4
1111011000100 2
1110001001101 1
1110110111101 3
1100111111101 3
1110111101011 3
1110111110110 3
1010011111111 2
1110101011110 4
1111110011101 3
0110011101101 2
1111101101100 6
1111111101000 5
1110011110110 2
0101111011110 2
1110011000111 4
1111011111011 3
1110011011010 3
1111110101110 6
1111111011011 8
1110110101110 1
1111010111111 1
1101011001100 2
1110110001101 3
1110110001110 3
1010011011110 4
1111010011111 2
1111000111100 1
1010111001101 4
1111010001100 2
1111010001101 2
1100111011101 1
1111100011110 1
1100011111001 1
1110001101110 2
0110111001110 8
1111110011001 1
1110101001110 3
1111001101110 5
1100101011111 1
1100111101100 2
1111111001010 3
1110011001000 3
1111010111101 1
1111011101001 2
1101111011101 5
1111101001100 4
1111011110101 3
0110111101101 3
1110101101110 5
0100011101100 1
1100111101111 5
0101111101100 1
1100011011100 2
1110111001001 2
1110000101111 1
1110001011100 4
1111110001110 2
1111100011100 1
1110010101100 3
1111111000100 6
1100111001101 3
1111001011101 2
1111010001111 2
0101011011100 1
0111111111100 3
1111101001000 1
1111001001100 4
1110111111011 2
0110111111101 12
1110101001100 2
1111001101101 1
1110010001111 1
0110011101000 1
1111010111100 2
1110110111100 4
1010011100101 1
1110011010100 2
1111001011100 1
1100011111010 1
0111110011111 1
1111011001000 1
1110010011110 3
1111111001000 4
0111011111110 3
1111111001011 3
1010111011100 2
1110011101000 1
0110011001100 7
1111011010100 2
1100011001100 2
1111010011100 1
0111111001110 5
0111011011101 4
1101111001010 1
0110111111011 1
1101011111100 1
1100011101111 1
1010011111100 1
1111011010110 2
1111111101010 4
1110011011011 1
1110111000100 3
1111011111000 2
1001111111110 1
1110001111001 1
0110011101100 4
0110111001100 10
1110111001010 1
1110111000110 5
0111011011110 4
1100001011111 1
0110111101110 4
0111111011110 10
0110111001111 7
0110111011101 6
0110111111110 6
0111011001100 2
0110011011111 7
0111111011111 7
0111111101101 6
1110111011001 3
0110111001101 9
1110100011101 1
0111011110101 1
0111011101100 2
0110111101111 5
0111011001110 4
0111011011100 1
1111011010111 1
0111111001101 4
0110101011111 1
0101011011111 1
1101111101101 2
1110000001100 1
0110011011100 6
0110010011100 1
0110011011010 1
0110011111110 5
0110011011110 3
0111011101110 1
0110011001101 5
0111111011100 7
1110111000101 2
1101011111110 1
0110011001111 4
0110111010100 1
1110101001101 4
0111011011111 7
1110111100101 2
1110011010111 1
0111101001111 1
0110011100100 1
1011111011011 1
0111111001100 4
1110111011010 2
0111110111101 1
0111111111001 1
1110011100100 1
0111101001101 1
1110011011001 1
1110001001100 4
0111111011011 1
1101111001111 1
0111111111010 1
1110110001111 2
0110011011101 3
0111111011101 3
0101011111100 1
0010011101111 1
0101111101110 1
0101011110110 1
0110110011110 1
0111011111100 3
0110111111100 2
0100111111111 1
1110010111110 3
1110011000110 1
1010011101100 2
1100111011110 3
1011010011111 1
1110111111010 4
1111100001110 1
1100111101110 3
1110001011101 2
0110110011100 1
1111110010100 1
1101011111101 2
1111011000011 1
1110101011100 2
1110110011100 3
1111110111101 4
1110101101100 6
1111101001101 8
1101011001110 1
1110110111110 1
1111111011001 1
1110111100100 2
1011011101101 1
1111111101001 2
1110110011111 1
1110101011111 1
1010101111101 1
1110001111100 4
1110111100110 5
1111001101100 1
1101111111101 1
1101111011100 2
1100001111100 1
1110010101110 1
1111011010101 1
0110111111001 1
1111011001010 2
1011011001100 1
1111011111010 2
1110111010010 1
1110110110110 1
1010111101101 3
1111110001100 4
1010011001101 2
1110010111101 1
1100111101101 1
1111011100101 1
1010111011011 1
1010011111110 1
1110001111101 1
1011011111100 1
1110011010110 3
1110010001101 1
1101011100100 1
1100111101011 2
1101111101110 2
1010011111101 1
1110001101100 2
1011011101100 1
1101011001111 3
1011111101100 2
1000011011100 1
1110011100101 1
1010111001100 2
1110001001111 3
1110011001011 1
1110011000101 1
1011111001100 3
1010111001111 1
1100101111110 1
1000011011010 1
1111001010111 1
1000101111110 1
1110001001110 2
1110101111110 3
1010011001110 1
1110111110101 1
1100011001101 1
1111001010100 1
1110010111100 1
0111011011001 1
1101011101101 1
1101111101100 3
1100111111110 1
1010001101100 1
1101011011111 2
1110001111110 2
1100011011101 1
1100111001100 3
1101111001100 1
1011111011100 2
1110000101110 1
1100011101110 1
1110101101101 2
1110000111110 1
1000011001110 1
1110001011111 1
1110011100111 1
1111110001111 1
1100101111010 1
1010011101000 1
1011011111101 1
1100011001110 1
1110101101011 1
1110110101100 1
1011011001101 1
1011111001101 1
1110101100100 1
1110010001100 1
1101011011110 1
1111011000001 1
1110101111100 1
1110011110111 1
1110011101011 1
