number of shots: 1024
more frequency result: 111001101
111111100 57
111111110 33
111011111 80
111101100 37
111011100 61
111111101 118
111101101 91
111001101 127
111011101 122
111001111 21
101111110 2
011001100 1
111111111 62
111101110 16
111011110 44
111111000 4
101011110 2
111001100 50
111101111 31
101011101 2
111111011 4
111101000 1
101011111 2
011011101 1
110111111 1
111001000 1
011001101 3
111001110 7
111011001 4
110101100 1
111110101 2
011101110 1
111011000 1
010011111 1
110011101 1
011011111 2
011111100 1
111001001 3
001011100 1
111111001 1
101101110 1
111011010 3
011001111 1
101001100 2
111001011 1
011101101 1
111011011 2
101111101 1
011111101 1
011101111 2
110011111 1
111100100 1
101111111 2
111101001 1
011011110 1
110011110 1
001101100 1
110011100 1
