111101101 55
111111111 140
111111100 176
111101111 41
111101110 37
111011101 20
111111101 154
111011111 24
111001110 10
111111110 156
111011110 31
111001111 15
111001100 9
111011100 34
111001101 16
111101100 39
111011010 1
111110101 3
011001100 2
101111100 2
111111001 8
111111000 8
111110111 6
111010101 3
111111010 1
111101010 1
101111101 3
110101101 1
011001111 1
101001110 1
111101000 2
101111110 1
111101011 1
101011101 2
011011101 1
101111111 2
101101111 1
110011110 1
011111101 2
111100111 2
111110110 1
011011110 1
011001000 1
110101110 1
111111011 2
110111110 1
011011111 1
101011100 1
111100110 1
101011111 1
