number of shots: 1024
more frequency result: 111111101
111111101 85
111101111 6
111101100 19
101111101 83
101011100 11
101001110 11
111101101 40
101011110 12
101011101 39
101111110 26
111111111 65
111001101 43
101111111 53
101101101 26
111011101 64
101101111 19
101001111 18
101101110 11
101011111 34
101111100 22
111110101 4
111111110 30
111011100 26
111011110 22
101001100 13
111001111 30
111011111 43
101101100 8
111001100 16
111111100 47
111010101 2
111011011 1
101001101 20
001001101 1
111000100 1
111101110 9
101110110 2
110101111 1
111001110 12
101010111 2
101111001 1
111010110 2
110111111 2
111110111 2
110111101 2
100111101 3
100011101 1
011011101 1
101110101 2
111010111 4
111100101 3
110011111 1
111010100 1
110001110 1
111100111 1
100111111 1
001011100 2
111001000 1
100011111 1
111100100 2
111111011 1
101111011 1
101010101 2
101110111 1
100011100 1
101000100 1
011011100 1
100111110 1
001101100 1
111111000 1
100111100 1
100101101 1
