number of shots: 1024
more frequency result: 111111110
111111110 370
101011110 1
111101100 66
110011110 6
111111111 147
111011110 76
111001101 6
111111101 73
111011111 29
111101101 28
111001100 12
111110101 3
011011110 3
111111100 109
111001111 5
111101110 10
101111110 3
111101111 8
011111111 3
011011100 5
111011100 16
111011101 9
110011101 1
111001110 4
101011111 2
111111000 1
110001100 1
111111001 1
011111110 6
110111110 2
110101100 2
011101100 5
111100110 1
111100111 1
111010100 1
111110100 1
011111101 3
101011100 1
101111101 1
011101101 1
110001101 1
