number of shots: 1024
more frequency result: 111111111
111111101 155
111111111 163
101001101 2
111011111 138
111011101 134
111111110 37
111011100 49
111001110 11
111100111 1
111101111 48
111011110 34
111111100 30
111010101 2
111101110 13
101101101 2
110011110 1
111001101 49
111111010 2
111101101 44
111001111 42
111001100 8
101111101 5
111011011 1
110011101 2
111101100 10
101111111 3
101011111 2
011111101 1
011010100 1
101111100 2
111010100 1
111010111 2
110111111 1
110101110 1
111011001 2
111111001 1
001111101 1
101001110 1
111010010 1
101011100 1
110011100 1
111100110 2
111101010 1
111001000 1
110011111 1
110101111 1
110101101 1
101001111 1
111000110 1
110001111 1
101101111 4
111111011 1
110111101 1
100111110 1
101101000 1
111011010 1
