number of shots: 1024
more frequency result: 111111101
111111000 4
111111101 124
111001110 29
111111110 110
111011100 54
111101110 47
111111111 93
111101100 38
111101101 50
111011101 64
111011111 64
111101111 40
111001100 28
011011100 3
111001101 31
111111100 100
111001111 37
111111011 5
111011110 62
011111110 1
011101110 1
111000101 2
011111101 1
011001111 1
110011100 2
110001100 2
110111101 1
111101001 2
111100100 1
101001101 1
111111001 2
010011101 1
111001010 1
110011101 3
110001101 1
111110100 1
111100101 2
111001000 1
111101011 1
111010101 2
111010111 1
011001100 1
111011011 1
111110101 1
111011001 2
101011101 1
110011111 1
110001110 1
111111010 1
110011110 1
