101001111 30
101001101 37
101101111 38
110111110 2
111001111 14
101011101 25
101011110 40
111001100 34
111111110 27
111001101 22
101111100 29
101001100 61
101011111 22
101111110 41
100101101 1
111011111 16
101101100 51
111101100 35
111111101 14
101111101 18
001011110 1
111001110 29
111101111 20
111011100 25
101101110 69
111101110 34
101001001 2
101110111 1
011101101 1
111111111 10
101111111 19
101101101 29
111101101 30
101001110 50
101011100 36
111011110 39
101010110 1
111111100 19
111011000 1
101001011 1
111011101 13
111001001 2
110001101 1
111010111 1
110101100 1
101001010 2
100011110 1
101011000 1
111000101 1
101101000 3
100001100 2
100101111 1
111011010 1
101111010 1
101111000 1
100111101 1
100101110 3
101001000 1
100101100 3
001001101 1
101110110 1
111101000 1
101111001 1
110011111 1
101000110 1
111111000 1
110011101 1
110111101 1
101011010 1
