number of shots: 1024
more frequency result: 111011111
111011110 75
111001101 90
111111101 82
111011100 58
111101101 61
111111111 80
111111100 57
111010101 11
111011101 84
111011111 94
111110101 5
111000111 3
111101100 50
111001100 70
111100000 1
110011111 3
110100110 1
111111110 48
111001110 14
111101110 21
011011111 1
111011010 1
111000100 2
111101111 18
110111101 2
110001101 5
110011101 4
111110110 1
111010100 2
111100101 2
101011101 1
111001111 30
110111110 3
110001100 3
111010111 1
111011001 4
110101101 3
110010101 1
101011110 1
110001110 2
101011111 1
110101100 2
111100111 2
111010110 2
011101101 1
011011100 1
011001100 1
111101011 1
111110111 1
101001100 1
111100110 1
110011100 3
101011100 1
011010100 1
110011110 1
111100010 1
101011001 1
011011110 1
110101110 1
011001110 1
011111100 1
111100100 1
110101111 1
101101100 1
