111011111 78
111101111 43
111011101 70
111111101 54
111101101 45
111001101 47
111011100 63
111101110 54
111001100 61
111111110 75
111111100 62
111101100 48
111011110 78
111001111 41
111001110 79
110011101 1
111111111 82
101011101 1
111101000 1
011101100 1
111010100 1
111011000 5
111010110 1
110101101 1
111011011 1
101011111 1
111001001 1
011111100 1
110101111 1
111101001 2
101001101 1
111000100 3
111010101 2
111110101 1
011101101 1
101111101 1
111111010 1
110011100 1
101011100 1
101111000 1
011111101 2
111110100 1
011101110 2
111111000 1
111011010 1
101001100 1
111101010 1
010101100 1
111000111 1
101001110 1
