110011101 4
111011100 89
111111111 60
111011101 96
111001101 86
111001100 58
111011111 85
111111101 66
111101110 24
010111101 1
101101111 1
111111100 60
101101100 2
111011110 87
101001111 1
101011111 2
111001110 37
111001111 37
110001101 2
101111100 3
111101101 36
011011110 3
011001101 3
111111110 57
111101100 29
111101111 33
111011011 2
111101010 2
111100100 2
111011000 1
011001100 3
011111111 3
011111101 3
011111110 2
101011110 3
111011010 1
110001100 1
110101110 1
011101110 1
011101100 2
011001110 1
011011101 1
111110100 1
011011111 2
111010110 1
110111101 1
111000100 2
011101101 1
101101101 1
111101001 1
110111100 1
101111111 1
110011100 2
011011100 1
101011100 1
111010101 1
110011111 2
101111101 1
111101011 1
101011101 1
111110110 1
111100111 1
111000010 1
101001101 1
110111111 2
111011001 1
111001010 1
101111110 1
111010111 1
111101000 1
