number of shots: 1024
more frequency result: 111011100
111011100 104
111000111 1
111101100 59
111001101 44
111011101 88
111111110 74
111111100 94
111001111 25
111011111 76
111101110 33
111101111 27
111011110 65
111111101 86
111111111 66
111001100 46
111101101 34
111001110 38
110111111 1
111101010 1
011110111 1
011011110 1
011101101 1
111011011 1
011011101 2
101011101 3
101001110 1
011101100 2
111011001 1
111000101 2
111111010 2
111100101 2
110001101 1
011111100 2
101000111 1
110011110 2
111010110 3
110101101 1
111011010 2
110011101 1
110111100 2
111100111 1
111010111 2
111010100 3
111110111 2
111010101 1
110001100 1
101001111 1
111110100 2
110111101 2
110110110 1
110101111 1
011111110 1
111101000 1
101101100 1
011111111 1
111001011 1
111001010 1
111111000 2
111111011 1
011001100 1
110111110 1
