number of shots: 1024
more frequency result: 111001100
111111100 28
111011111 83
111111101 19
111001100 102
111101111 48
111011100 33
011101111 1
111101101 77
111101100 89
111011110 64
111001101 80
101111110 1
111011101 29
111111110 56
111101110 44
111110101 5
111100100 4
111001111 46
110001101 1
101011111 1
011101100 3
111110110 3
111001110 45
111111111 70
111111000 1
011011101 1
110111111 6
111110100 4
101111101 1
111010100 5
111111001 3
111000100 8
110011101 1
111100110 2
111000110 3
110011111 5
111000101 4
110101100 3
111001011 2
111010111 1
111010110 3
110001111 4
010101111 1
111110111 2
101011000 1
111001010 1
111100101 2
111100111 1
111000111 3
011001100 1
110101111 2
110101101 2
110111100 1
110001100 2
110110100 1
111111011 1
110111101 1
110011110 1
011101110 1
011001111 1
111001001 2
011111100 2
110100101 1
111101010 1
110111110 1
110101110 1
101110110 1
011011100 1
