number of shots: 1024
more frequency result: 111111101
111101101 95
111011001 11
111101111 94
111101011 30
111011011 9
111111100 46
111101100 41
111011101 36
111001100 12
111111011 34
111101000 14
111101110 41
111111110 47
111111001 29
111011110 23
111001011 9
111111101 129
111101001 18
111011100 13
111011111 40
111001111 17
111111000 13
110101101 2
111111111 106
111001000 5
111011010 5
101111110 1
111001010 3
111101010 16
110011111 2
110111101 1
111001001 5
101101101 2
111110011 1
111111010 10
111001110 5
111001101 25
101101111 1
111011000 3
111010111 1
110001101 2
111110101 2
110011101 1
111110111 1
101001010 1
111100011 1
101001111 1
011111101 1
101011101 3
011001110 1
111100110 1
011011110 2
110111110 1
101111100 1
101001110 1
011111111 2
011111010 1
011101001 1
111100101 1
011011011 1
111010000 1
111010011 1
111110110 1
