number of shots: 1024
more frequency result: 111001101
111011110 69
111101111 36
111101101 36
111001100 89
111001101 188
111101100 28
111111100 16
111001111 126
111111101 27
111011111 125
111011101 77
011101111 3
111001110 53
111101110 14
111011100 47
111111110 15
111111111 34
011101101 6
101001111 2
110111111 1
111010100 1
101111100 1
110101101 1
111110101 1
111000110 2
011011110 1
011001111 2
101101110 1
011001101 2
111000111 2
011001110 2
101111110 2
111011000 1
011001001 1
011001100 3
110111110 1
011011111 1
111010111 1
101001101 1
011111101 2
011011101 2
111010110 1
