number of shots: 1024
more frequency result: 111011110
101011101 2
111011111 175
111011101 119
111001110 36
111111100 29
111011110 201
111011100 87
111001111 39
111111101 18
011111110 3
111001101 48
111111111 51
111011010 2
111111110 55
111101110 8
111101111 11
101111100 1
101101100 2
110111110 1
111000110 2
101101110 2
111010101 6
011001100 1
111001100 38
111010100 6
101011100 3
111101100 11
101011111 3
011101101 2
111101101 14
111110100 3
111010110 7
001011111 1
111010111 9
111001011 1
011011101 2
111111001 1
111011000 3
111100101 1
111000100 1
011011110 1
111011011 2
011111111 1
111101011 1
011111100 3
011111011 1
101010100 1
111000111 3
101001100 1
101001101 2
101110100 1
111110110 1
110001111 1
