number of shots: 1024
more frequency result: 111001101
111001011 3
111100101 5
111001101 147
111101111 78
111111101 79
111101101 129
111101100 26
111111110 10
111011110 22
111111100 11
111011111 111
111111111 70
111011101 85
111001111 117
111001110 25
111001100 19
111011100 25
111110101 2
111000111 1
111000100 2
011100111 1
111101011 1
111110111 3
111100110 2
111010101 2
111101110 15
111100100 1
111111011 1
011101111 2
111111001 1
111000110 3
111011000 1
111010111 2
110111110 1
111000101 2
110111101 1
011001100 1
111101000 2
011001101 2
111001010 1
111110100 2
111101010 1
011011110 1
011111111 2
011011111 1
101011111 1
111100111 1
011001111 1
111101001 1
101001101 1
