number of shots: 1024
more frequency result: 111011111
111001101 110
111011100 41
111011111 463
111111111 93
111011110 64
111101110 3
111001110 11
111011101 95
111101100 2
111111100 9
111001111 22
111001100 17
111011000 3
111111110 15
111001010 1
111101101 20
111011011 7
111110101 2
111111101 13
110111111 1
110001101 1
111111010 2
111111011 2
110101100 1
101011111 2
101101101 2
111010101 2
011001101 1
111110100 1
111110111 3
111011001 3
111010111 6
110011100 1
101111111 1
110101101 1
101011110 1
101101111 1
111011010 1
