number of shots: 1024
more frequency result: 111111111
111011111 99
111111111 103
111111100 78
111101110 32
111101100 48
111101101 39
111001101 46
011111111 5
111010101 5
111011101 83
111011110 71
011011111 4
111011001 3
111001111 31
011011100 3
111101111 22
111011100 68
111111110 54
111001100 55
111001110 20
011001111 3
111111101 80
011111100 1
101101110 2
110011110 1
011011110 2
111010100 1
110011100 4
111100100 1
111000100 1
110011111 1
101001110 2
111111000 2
011101101 1
111110111 5
011101110 2
001001101 1
110001101 1
110111001 1
111110100 5
111011011 2
111010111 3
111100101 1
111100111 1
110101100 1
110011101 1
011001101 1
110111100 4
011001110 1
111000101 2
111011010 1
110111111 1
101101101 1
011111101 1
111000110 1
011111110 1
111101010 1
111110101 1
011001100 2
101001101 1
110111110 1
011101100 1
101111111 1
101100101 1
111110110 1
011010101 1
101011111 2
011101111 1
110001100 1
