number of shots: 1024
more frequency result: 111111101
111011111 22
111111110 79
111111100 78
111101101 115
111101100 62
111111111 131
111001101 12
111101111 117
111111101 161
111110111 7
111011110 13
111101110 64
111011100 15
011011111 5
011001100 4
110010111 1
111010100 2
111011000 1
111011101 22
011010101 1
101101111 3
101011101 1
011011110 3
111001110 9
110111101 3
011111101 3
101111101 1
111111000 1
111110101 5
011011100 3
111100101 3
111101011 3
111101010 2
111001111 10
111100111 8
011011101 4
111100110 1
110011000 1
110111111 1
111001100 7
110001101 1
110001111 2
001001101 1
011001101 2
110101110 1
011111111 3
011010111 1
110110111 1
110111110 1
011001111 2
110101101 1
101011110 2
011001110 1
101101100 1
110011100 1
111111001 2
011111100 1
101111111 1
110001110 1
111100100 3
111010110 1
101111100 2
101001111 2
111110100 1
110101111 1
111110110 1
011001011 1
110011111 1
110110101 1
