number of shots: 1024
more frequency result: 111111111
111001100 5
111101101 45
111111101 190
111111111 216
111101111 47
111101100 19
111011101 59
111111110 79
111111100 99
111101110 19
011111101 10
111110110 1
111011110 25
111010101 1
011111100 2
111001111 16
111011111 58
111111001 3
110001110 1
011111111 7
111011100 32
111101000 1
011111110 3
011110110 1
110011101 3
011001101 3
111001101 13
011100111 2
111110111 6
011101110 3
101111101 1
111111011 5
011001111 1
111110100 3
011101101 4
011011110 2
110101111 1
011011111 4
111101010 1
111011000 1
111001110 5
111100100 1
011101111 5
111110101 3
111001010 1
011110111 1
111011001 1
011011101 3
110011111 2
110001101 2
011001110 1
011011100 2
010011101 1
111100101 1
011111000 1
110100111 1
001010111 1
