number of shots: 1024
more frequency result: 111101101
111101111 111
011011101 1
111010110 2
111101110 60
111111101 112
111101101 124
111101100 68
111011100 19
111111100 60
111111111 88
111001100 34
111000111 6
111001101 56
111000110 1
111000100 2
111110100 6
111001110 28
111001111 36
110101100 1
111111001 1
111011101 35
111111110 33
011101111 3
101010111 1
111011111 36
011001110 1
111110101 7
111010101 5
111011110 15
111100110 8
101101110 2
111100111 3
011101110 1
111111010 1
111101000 2
111111011 1
111100100 6
011111100 1
111100101 5
111110111 5
110001111 1
011111101 2
011011111 1
011001111 3
111010111 4
011111111 2
011101101 1
011111110 3
101001101 2
101111101 1
111110110 2
101101101 3
111000101 1
111011011 1
101111111 2
111101011 1
011011110 1
111011001 1
011101100 1
011001101 1
011100100 1
101111110 1
101011111 1
