number of shots: 1024
more frequency result: 111111111
111111111 495
111111110 79
111101101 133
111001100 7
110011111 3
111011111 74
111111100 16
111111101 79
111001101 25
111101100 23
101001101 1
111011101 13
111101010 1
111101110 4
111110101 1
111011110 15
111101111 13
111101000 1
111100110 1
111111001 3
101101101 2
111011100 2
111101001 1
011111110 1
011011111 5
101011101 1
011001110 1
101001111 1
111111011 4
110001101 4
111100100 1
111111000 1
111110110 1
111100101 2
111100111 1
101111111 2
011111111 3
110101100 1
111111010 2
011101101 1
