number of shots: 1024
more frequency result: 111111111
111111101 137
111101110 32
111111100 88
111110111 18
101011101 2
111101100 45
111111111 243
110011101 1
111101101 91
111110100 6
111011111 35
111001110 6
111011000 1
111110101 6
111011110 26
111011100 14
111101111 31
111011101 14
111100110 2
111111001 2
111010101 5
111111110 148
111001101 11
101101101 2
111001111 5
101111100 1
111001100 4
111100101 5
111110110 8
011011110 2
101111110 2
101011111 1
111100100 3
111010111 2
101111111 3
111111010 2
111000101 3
110111111 2
101001101 1
110001100 1
110011111 3
111111011 1
111011001 3
110111110 2
111100111 1
111000111 1
011011100 1
011010111 1
