number of shots: 1024
more frequency result: 111111111
111011100 92
111001110 32
111011110 79
111010101 2
111111110 86
111011101 76
111101100 37
111111100 101
111111111 103
111011111 85
111101110 35
111111101 98
111001111 22
111001100 38
111001101 29
111101101 25
111111010 1
111110101 3
110111110 2
110001110 2
110011111 2
110001100 4
110011110 4
011111111 1
100111101 1
110001111 1
111101111 21
110011101 5
110000100 1
111100111 1
111010110 2
110001101 3
101011111 2
111110100 4
101001111 1
110011100 1
110010100 1
011111101 1
111011000 1
111110110 1
101011110 1
101101110 1
110111111 3
110111100 2
011011110 1
110101111 1
101011100 2
101101100 1
110101101 2
011001111 2
111100110 1
110101110 1
