number of shots: 1024
more frequency result: 111101111
111011101 68
111001111 72
111111100 50
111101110 78
110011100 3
111101101 93
111001101 64
111011111 45
111101111 103
111111110 41
111111101 63
111011100 55
111001100 46
101101101 2
111111111 39
111011110 43
111001110 52
111101100 64
101011101 1
110111101 2
101111110 2
110101111 3
101111100 2
011011111 1
101011100 1
111101000 1
101101100 4
110101101 2
110011101 2
111100101 1
101101110 1
100001100 1
111010100 1
011011100 1
110001111 2
111100100 1
111100110 2
101011111 2
101111101 1
111000100 1
110101100 2
101001100 1
110001101 1
011001101 1
111101011 1
111110100 1
011101110 1
