number of shots: 1024
more frequency result: 111111101
111101101 106
111001101 14
111101110 77
111101100 77
111111101 143
111101111 107
111011101 30
111111110 82
111011100 29
111111111 123
111111100 111
111001111 17
101011101 4
111101011 3
111011111 23
111011110 24
111101000 1
111101010 1
110111100 1
111100110 3
111001110 6
110001110 1
111001100 12
111100101 1
111111010 2
111111001 2
110101101 1
110111101 1
110011111 1
011101110 1
011100110 1
111111000 2
101001110 2
101011100 3
011011100 1
101001111 2
111110110 1
111001011 1
111011011 1
011011101 1
111110111 1
111101001 1
111100100 1
101101110 1
111001000 1
