number of shots: 1024
more frequency result: 111111111
111101111 109
111101101 100
111111101 143
111111111 144
111011101 49
111011100 7
111101110 17
101101110 1
101111111 13
111011111 48
111001110 3
111101100 18
111001101 14
111111100 22
111011110 8
111001111 21
101101101 10
101011101 6
011011111 26
111111110 15
001111101 7
111001100 6
011111101 34
101001101 3
011001101 7
011011101 30
101111101 9
111110101 4
101001111 2
101101111 4
101001110 1
101011110 1
101101011 1
111101011 1
110011110 1
110111101 1
011111111 35
011001111 9
011101101 23
011111100 3
011101111 18
011101100 5
011111110 6
011011100 4
011101110 3
011011110 1
011111001 3
001101111 2
011001100 2
110011101 2
111101001 2
001111111 1
111010111 1
001011101 2
011111011 1
001011111 2
001011100 1
010011100 1
111001011 1
001011110 1
110101101 1
101011111 2
111011011 2
101111100 1
111111011 1
101111110 1
111111001 1
