number of shots: 1024
more frequency result: 111101101
111011110 73
111111111 90
111011111 98
111001000 5
111011100 16
111111110 61
111101110 16
111101101 145
111111001 2
111011101 38
111001100 83
111101100 77
111001110 21
111001101 137
101101110 1
111111100 13
111101000 1
111111101 34
111101111 24
101001111 1
111100111 1
011101101 3
111001111 23
110111111 1
111001010 5
111101001 4
101111110 1
011011110 1
101111111 2
101111101 2
011001101 2
111010101 2
101101101 2
111001001 3
111011011 3
101011101 1
011011101 1
011011111 1
111111011 2
011001111 2
110001100 1
111011001 3
110101101 1
111001011 3
101011111 2
101111100 1
011001110 1
111000100 1
101011100 2
101101100 1
111011010 1
101001101 1
011001100 1
111111000 1
110101110 1
111110101 1
101011110 1
111000111 2
111111010 1
