number of shots: 1024
more frequency result: 111111100
111111110 100
111101111 70
111011101 51
111111101 67
111101110 81
111111111 62
111101100 64
111011111 44
111001101 28
111001110 38
101111100 2
101011101 3
111001100 34
111011100 71
111001111 50
111101101 53
111111100 109
111011110 56
111101000 2
111110101 2
111011011 1
111111001 2
111100100 4
111010100 1
111100000 1
111010101 2
111110100 1
110111110 3
110011110 2
111100110 1
101101100 1
101011111 1
101111110 3
110111101 1
111010110 1
111100111 1
111100101 1
011101110 1
101011110 1
111000110 2
011111101 1
111011001 1
110011100 1
101111111 1
110011111 1
101101101 1
