number of shots: 1024
more frequency result: 111111101
111011111 26
111111111 166
111011101 27
111111100 179
111111101 181
111101100 43
111101101 45
111111110 145
111101110 50
111101111 53
110111110 3
110111100 3
111001111 9
111011110 23
111011100 16
111001110 14
110111111 4
111001101 3
101111101 2
111101000 1
111110101 1
110101110 3
110101111 2
110101100 2
111111011 1
010011110 1
111001100 3
111110100 1
101001111 1
110111101 2
110011101 1
011101101 1
011111100 2
111110111 1
110101101 2
110011110 1
101111110 1
111111001 2
110011111 1
101011101 1
111000100 1
