number of jobs: 20
percentage of hits: 8.89%
more frequency result: 111011111
bit a bit value most frequent result: 111111101
110011101 21
111011100 939
111111111 1820
111011101 1300
111001101 1212
111001100 719
111011111 1826
111111101 1643
111101110 613
010111101 1
101101111 65
111111100 1258
101101100 66
111011110 1162
101001111 56
101011111 76
111001110 495
111001111 736
110001101 15
101111100 64
111101101 1135
011011110 17
011001101 11
111111110 1545
111101100 813
111101111 790
111011011 29
111101010 25
111100100 20
111011000 20
011001100 15
011111111 12
011111101 17
011111110 13
101011110 61
111011010 19
110001100 11
110101110 5
011101110 8
011101100 13
011001110 5
011011101 12
111110100 23
011011111 8
111010110 21
110111101 15
111000100 19
011101101 15
101101101 65
111101001 26
110111100 5
101111111 85
110011100 12
011011100 14
101011100 59
111010101 41
110011111 22
101111101 114
111101011 39
101011101 89
111110110 17
111100111 13
111000010 1
101001101 67
110111111 17
111011001 32
111001010 9
101111110 83
111010111 34
111101000 26
101001110 68
101101110 85
111110101 39
101001100 79
001001101 2
101110110 4
110101111 7
101010111 2
101111001 2
111110111 39
100111101 4
100011101 1
101110101 2
111100101 25
111010100 22
110001110 5
100111111 1
001011100 3
111001000 10
100011111 1
111111011 53
101111011 1
101010101 2
101110111 2
100011100 1
101000100 1
100111110 2
001101100 2
111111000 38
100111100 1
100101101 2
111111001 53
111111010 23
110101101 14
011001111 7
110011110 16
011001000 1
110111110 19
111100110 16
001011110 1
101001001 2
101010110 1
101001011 1
111001001 13
110101100 10
101001010 3
100011110 1
101011000 2
111000101 14
101101000 4
100001100 2
100101111 1
101111010 1
101111000 2
100101110 3
101001000 1
100101100 3
101000110 1
101011010 1
011010100 2
001111101 1
111010010 1
111000110 13
110001111 6
011111100 10
010101100 1
111000111 15
010011101 1
111100000 2
110100110 1
110010101 1
111100010 1
101011001 1
010011111 1
111001011 18
011101111 8
111110011 1
111100011 1
011111010 1
011101001 1
011011011 1
111010000 1
111010011 1
011001001 1
011110111 1
101000111 1
110110110 1
001011111 1
011111011 1
101010100 1
101110100 1
010101111 1
110110100 1
110100101 1
011100111 1
011100110 1
011010111 1
