number of shots: 4096
more frequency result: 111111111
101110111 179
101111111 950
111111111 979
001101111 136
011111111 396
111110111 195
111111110 10
001111110 2
011101111 86
001111111 371
101101111 140
101100111 33
011110111 69
101110110 18
111100101 1
001011111 13
111100111 31
101011111 12
001100111 32
111110101 8
111110110 9
111101111 135
101111110 10
100111111 15
001110111 73
010111111 5
010110111 2
111011111 24
011100111 26
101100011 3
100101111 2
110111111 7
011110011 4
101110101 5
001100101 3
000111111 7
111010111 2
111100110 3
001010111 5
000110011 1
111101110 1
101101011 1
001110011 3
101011110 2
011111101 1
101010111 4
011100011 3
001100110 2
011011111 7
111100011 5
100110111 4
110101111 6
111001111 2
111110011 13
101110011 4
111111011 1
101001111 3
011110110 2
001001111 1
101111101 1
011100101 3
000100011 1
000100111 1
000101111 2
001110110 4
011100110 2
001101110 2
110110111 1
011001111 2
111101011 1
101100110 1
110101110 1
000110111 1
101001100 1
101111011 2
001101011 1
001100011 1
011111011 1
