number of shots: 4096
more frequency result: 101110111
101111111 282
101101111 188
011100111 142
001111111 80
101110111 538
101101110 8
111101111 175
101100111 450
001100111 148
111110111 530
011110111 195
001110111 167
111111111 255
111100111 356
001101111 69
011111111 84
011101111 71
000100111 4
111111011 8
110110111 14
111110110 6
111100101 7
111110101 7
011110110 4
001110101 6
100110111 15
100111011 1
001111101 3
101000111 1
011001111 2
100101111 3
010100111 11
101100101 13
100111101 1
100111111 5
101111011 6
110111111 8
001010111 2
111111101 17
101101101 4
111011111 3
001111110 3
111000111 1
001000111 3
011101110 1
100100111 7
011000111 4
101101011 3
010110111 6
101111110 8
111111110 7
101110011 4
101110110 7
101100011 3
110100111 11
001110110 4
101110101 11
111101101 4
010000111 1
101010111 7
110111110 1
011010111 4
000110111 3
010111111 3
000100110 1
011111110 3
011100110 2
011111011 2
001100110 5
111010111 4
101100110 3
011011111 5
101111101 14
111001111 3
111101110 6
010101111 4
100101011 1
001101011 1
001001111 4
110000111 1
001110011 2
000111111 3
011111101 4
110100101 1
110101111 3
100100101 1
001111011 3
001100101 2
011110101 1
011100011 1
111100110 2
101001111 2
000101111 2
001011111 1
101011111 2
000100011 1
111101011 1
001101101 4
001101110 1
111110011 1
001011101 1
011111010 1
010111010 1
010110101 1
