101010111 10
011110111 279
001011111 5
111110111 486
111111111 388
101110111 522
001111111 304
101011111 11
101111111 511
111101111 116
001111101 1
001110111 341
101101111 131
101100111 123
011111111 254
111100111 125
110101111 3
111110011 8
001100111 50
001111011 4
011110101 2
101100101 5
001101111 47
011100111 92
111111110 6
011101111 89
011111011 5
101000111 4
111001111 2
000111111 6
101101101 6
001100101 3
111101011 4
101101011 8
100111111 6
000110111 6
111011111 4
001110110 3
101110101 4
010111111 2
111111011 8
011101101 1
001010111 4
110100111 2
111010111 6
110111111 5
100101111 3
000101111 3
001000111 1
001100011 3
100010111 1
100110111 9
101110011 6
101111011 4
111101101 1
101001111 3
111110110 2
101111110 1
010100111 1
111111101 4
111100011 4
010101111 1
101100011 2
100100111 2
101101110 2
001110011 2
011101011 3
101110110 1
011010111 2
110110111 4
111100101 3
001111110 2
111110101 4
111000111 1
011100110 1
011011111 2
011110110 3
011101010 1
010110111 2
001110101 1
001101011 1
011111110 1
011110011 1
111010101 1
101111101 4
100111101 1
