101111111 273
111101111 65
111111111 543
101110111 285
101100111 501
101101111 413
101100011 8
011101111 27
001101111 126
001111111 74
011111111 164
011110111 198
011100111 35
111111101 7
101100101 5
111100111 79
111110111 751
100110110 1
001010111 5
111111011 9
001110111 90
111110101 6
000111111 4
111110011 6
101110110 5
001100111 188
111000111 4
101100110 5
010100111 4
010110111 3
111111110 6
101101011 9
011110011 4
101110101 5
101110011 7
110101111 9
101011111 9
111011111 4
100101111 3
111001111 6
101111011 5
110100111 4
101010111 13
001011111 5
101111110 5
110110111 4
011110110 1
011111101 2
100110111 10
111110110 9
100111111 6
100110011 1
011111011 6
111100110 2
000110111 4
101111101 1
001101011 4
101000111 3
001001111 1
001111110 1
101101110 7
011111110 3
001100110 2
001111010 1
010111111 3
111100101 1
001101110 3
000111011 1
110001111 1
010101111 2
001100101 2
001111011 1
111010111 5
001111101 1
011010111 1
001110110 4
001110101 1
101001111 3
011001111 2
011000111 2
100011111 1
000111101 1
110111111 1
110101011 1
101101101 1
001101101 2
000101111 1
000100111 1
111101101 1
001000111 2
101101001 1
111100011 1
001100011 1
011110101 1
111101011 1
