011111111 536
011110111 589
101101011 1
101110111 161
011100111 138
111110111 267
111111111 265
001110111 364
001100111 239
001111111 328
101111111 160
001101111 244
011011111 13
011010111 14
001100011 3
011101111 117
101101111 118
011000111 7
101100111 90
111001111 5
111101111 60
111100111 59
001010111 15
111000111 7
001011111 17
011110101 5
110110111 8
001001111 5
101101101 1
001101011 5
111111011 9
111011111 13
101000111 4
011111011 12
011110110 2
000111111 9
100111111 14
001111011 7
011101011 6
101001111 2
000110111 10
011100011 1
001000101 1
111111101 5
100010111 1
111110011 6
011110011 14
011001111 3
101011111 17
101111011 4
011111101 4
101010111 12
001100001 2
001111101 5
111110110 2
011100101 3
111010111 7
000100111 3
101110101 1
001100110 3
110111111 1
001000111 5
001111110 1
001110011 7
011101110 2
110100111 2
100110111 8
001110101 1
101111110 1
000101111 1
010111111 5
010110111 3
001101101 1
110101111 2
011101101 2
110010110 1
111111110 2
100100111 1
001100101 3
001101110 1
011111110 5
001110110 1
010100111 2
101100011 3
111101110 1
100101111 1
000110110 1
111100101 2
101111101 1
011100001 1
111101101 1
011011011 1
111101011 1
101110011 1
001001011 1
