101111111 79
111101111 47
111110111 412
101101111 340
101100111 623
011111111 298
011110111 358
111110110 8
011100111 49
011101111 24
111111111 386
001111111 58
001100111 567
001101111 321
101100110 14
100100111 17
001101011 4
001110111 64
001110110 1
000100111 14
001101110 9
000101111 7
101110111 86
100111111 12
110111111 15
110110111 14
101110110 1
101011111 7
111100111 51
111110011 4
010100111 9
000100101 1
010110111 8
101000111 3
001011111 3
011110110 7
011000111 13
001110011 1
000111111 3
001000111 4
111111101 3
111010111 4
111001111 6
111000111 8
100101111 9
001101101 3
110101111 4
100110111 6
110100111 7
001001111 2
011111101 3
011111011 6
111110101 6
111001110 1
011110011 6
011001111 5
101100011 1
101010111 9
001100110 8
001111110 1
111111011 4
000110111 5
101110101 1
010000111 1
101101110 5
101101101 4
111111110 6
010111111 4
011111110 8
011101110 1
101101011 3
111011111 1
001010111 1
111111010 1
011001110 1
101111110 2
101100101 1
001100101 1
011010111 1
100010111 1
101111011 1
011100110 1
111101101 1
011011111 1
