number of shots: 4096
more frequency result: 001111111
011111111 336
001111111 447
101111111 353
111101111 319
001101111 249
111111111 328
101101111 273
011101111 303
111110111 149
001110111 146
001100111 88
111100111 99
101011111 1
011110111 157
101110111 161
101100111 99
101000111 1
011101101 2
001011111 7
011110011 6
000111111 22
100110111 14
100100111 4
010110111 13
110110111 7
000101111 20
011100111 109
111111011 3
001100011 4
101100110 3
011100101 5
010100111 5
000100111 5
111110110 4
010101111 16
000110111 3
001111110 8
010111111 26
001001111 7
100111111 21
111001111 2
011110101 10
111100110 2
110101111 19
110010111 1
011111101 2
111101101 5
011001111 3
100101111 13
110111111 20
001110101 6
001110011 7
101101011 4
101111011 2
001000111 1
001110110 6
111111110 8
110100111 7
001111101 4
111101110 4
001111011 4
100111011 1
111011111 6
101001111 2
101011011 1
011110110 6
101110011 7
011101011 1
001100101 2
111100011 4
101111101 4
101100011 6
000110101 2
010010111 1
011100110 5
001111010 1
101110110 6
011101110 8
101100101 1
011011111 4
111111010 1
111110101 7
010110011 2
001101110 2
111110011 8
111000111 3
101111110 8
110101011 1
111111101 2
101010111 1
011100011 4
001101101 2
111111100 1
001100110 3
111010111 2
011010110 1
011111110 2
011000111 1
011111011 1
111000011 1
001010111 1
000000111 1
001101011 1
100011111 1
101101110 2
110110011 1
000110110 1
110100011 1
101011110 1
011010111 2
110110110 1
101110101 2
100111110 1
011100010 1
101110010 1
111100101 2
000110010 1
100110110 1
