number of shots: 4096
more frequency result: 111111111
001111111 80
011110111 85
111111111 1509
101111111 334
011111111 253
101101111 431
000111111 24
101011111 31
001011111 11
101100111 179
111110111 516
111110101 22
001101111 83
111101111 53
101110111 121
111011111 10
101100011 11
011101111 22
001100111 31
010110111 1
111100111 24
011100111 6
001010111 7
011001111 5
010100111 4
111110011 22
110101111 6
101110110 4
010101111 9
100110111 9
000110111 7
110111111 5
001001111 1
100111111 25
011110110 3
101100110 8
101110101 4
101110011 3
111010111 3
101101001 1
001110111 15
101010111 12
101101011 3
111110110 17
101100101 6
101111110 2
000110101 1
001011110 1
001100110 5
011011111 6
011010111 3
011100110 1
010111111 3
000011111 1
111010101 1
101101101 2
100100111 1
011111011 2
011100011 1
101010101 1
011110101 1
111101101 1
110100111 2
111111110 3
111111101 2
111001111 5
010110110 1
101011101 1
110100110 1
011110011 2
001110011 1
110011111 1
111100101 1
101101110 3
001101011 1
101001111 4
011000111 2
100111110 1
101000111 1
111000111 2
001100011 2
100000111 1
001010101 1
000110011 1
101101100 1
011100101 1
101011011 1
100110101 1
001100101 1
010011111 1
001010110 1
000101111 1
