number of shots: 4096
more frequency result: 101111111
101111111 328
111111111 275
101101111 267
111100111 174
101110111 253
101001111 196
111011111 216
001001111 56
010111111 7
101100111 245
011101111 44
001110111 36
011011111 49
111001111 90
011010111 59
111110111 237
101010111 124
011001111 24
101001110 3
101011111 139
111000111 68
111101111 220
001000111 40
101000111 172
001101111 63
011110111 51
011100111 42
111010111 157
011111111 73
011000111 21
001111111 43
100001111 4
101011101 2
000000111 2
010110111 7
001011111 26
100100111 2
101010110 1
001011101 1
001100111 52
110000111 6
001010111 20
111111110 5
101101101 5
001001110 1
010000111 1
101010101 3
110100111 7
111101101 2
111011110 4
111110011 4
100010111 2
000101111 5
100110111 7
110001111 3
101000110 3
100000111 2
100111111 2
100011111 7
011111101 2
111100101 2
101000101 1
111010110 3
000111111 2
110110111 3
000011111 4
001000101 3
111011101 5
101100100 1
101110110 4
111100011 1
101100101 3
101110101 4
011101110 3
101111110 7
110010111 3
111110101 5
011101101 2
011111110 4
111110110 4
101111101 2
111111101 4
111010101 5
001110110 2
000010111 4
001100101 1
010101111 1
010011111 1
100101111 3
011110011 1
111010011 1
000100111 3
111001100 1
111100110 2
011100110 2
001111110 1
010100111 3
111111011 2
000111101 1
101101110 1
011001110 1
010001111 1
001100110 2
011010011 1
011111001 1
001000110 1
001001101 1
111001101 1
011110101 1
101100110 3
110101111 3
010010111 1
001111011 1
111000101 1
011110110 1
011011110 2
011100010 1
111000110 1
111001110 1
111011011 1
101011110 1
110011111 1
101001011 1
100010011 1
101101011 1
