number of shots: 4096
more frequency result: 111110111
111111111 425
101100111 452
011111111 282
011101111 66
011110111 338
101101111 316
111110111 567
001100111 396
001111011 1
101110101 3
100110111 8
111111011 3
111100111 113
011000111 5
111101111 83
001011111 3
101111111 129
101110111 146
001101111 224
111110101 12
101101101 3
011110110 8
101111101 4
001111111 80
101010111 13
001110111 103
011100111 85
101101110 10
101100101 7
011110101 8
101111011 2
110111111 3
111000111 9
011011111 3
110110111 5
001110101 2
111110011 7
001100110 6
000110111 10
010100111 7
110100111 12
110101111 4
111101110 5
000100111 2
011111011 2
101100110 10
001000111 1
011110011 3
001100101 4
111110110 6
111111010 1
011111101 7
101100011 3
101011111 7
011101110 3
100111111 3
000111111 4
111111101 11
111111110 7
001010111 5
001000110 1
101110011 4
111001111 3
001111101 1
010101111 3
011101101 1
111100101 1
101110110 3
101000111 3
101111110 1
011111110 4
001101110 1
001001111 3
011001111 2
001110110 3
001111110 2
111101101 2
001110011 1
001101101 2
011100110 1
000101111 1
100000111 1
100101111 2
101001111 2
011010111 1
