001110111 142
101111111 886
011110110 14
101100111 53
001111111 483
111110111 176
111111111 702
011110111 119
000111111 6
101111110 13
011111111 406
101110111 253
011101111 91
111101111 125
111111110 10
001101111 80
110111111 18
111111011 4
101011111 5
111100111 48
101101111 110
011100111 33
101110110 27
100111111 18
011000111 1
001111110 5
111100101 5
111100110 6
001110110 16
001100111 40
001011111 4
101100110 3
011100110 7
111100011 3
100101111 1
101110101 8
011001111 1
001110011 1
111110110 25
100110100 1
001100110 3
101001111 2
101110011 6
111011111 15
010111111 7
111111010 1
001100101 4
001101011 1
011011111 7
010110111 1
111101110 6
100110111 6
110110111 7
000100111 1
011100101 4
001110101 3
111110101 3
111110011 5
011100011 4
011111011 1
101101011 4
100110110 2
101111101 1
011101101 1
001001111 4
011111110 2
101101101 1
101100101 4
101101110 5
111111101 2
011111101 2
001101101 1
011110101 2
101010111 1
011101110 3
011010111 2
100100111 1
110111110 1
111111100 1
001101110 1
111001111 2
110110011 1
010101111 3
000101111 1
001000110 1
111010111 1
111101101 1
000101110 1
101100011 1
001111011 1
011110011 1
101011110 1
111000111 1
111000101 1
101111011 1
111001110 1
