number of shots: 4096
more frequency result: 111111111
111110111 229
011110101 10
111111111 406
101100111 122
001110111 187
001100111 120
001111111 296
001101111 274
010101111 15
101110111 222
101111111 366
011101111 225
011100111 128
111101110 4
011111111 351
111101111 240
101101111 277
111110101 9
011110111 178
101110011 7
100111111 19
000110111 8
010100111 3
100110111 11
101001111 7
001110001 1
111110110 7
001011111 5
110110111 13
011110110 3
101100011 1
110111111 10
111101101 2
111100111 111
100111110 1
101011111 12
101100101 2
011010111 4
001001111 6
011011111 7
101101110 3
001110101 9
101110110 4
110100111 5
101101101 1
000100111 14
011111101 3
001110011 6
000111111 6
000101111 10
010111111 10
010110111 8
001110110 3
100101111 9
101110101 12
110101111 11
001100110 2
001101110 3
111011111 8
101111101 2
101010111 6
001111101 2
001100101 2
011000111 2
111001111 4
001010111 1
110001111 1
011001111 4
011101110 3
111010111 2
011111011 1
111000111 3
100100111 3
011110011 2
000101110 1
110110110 1
111101011 1
111100011 1
101000111 3
001101101 2
001000111 2
001100011 1
000110110 1
111110011 1
001111110 2
111011110 1
101111110 2
001011110 1
011100101 1
011111110 1
111100110 1
011100110 3
111111101 2
111111001 1
111111010 1
110110101 1
000111110 1
