001101111 499
101101111 1039
111111111 554
101100101 40
111110101 68
111111011 14
011101111 50
101100111 282
111110111 204
001100111 131
111101111 88
011111111 234
101100110 13
101111111 158
000110111 5
101101011 26
111001111 6
011110111 88
111100111 28
011110001 1
111111101 19
011110011 6
101110111 71
001101011 8
100110111 2
001111111 85
011110101 29
101100011 10
001111101 3
111110110 6
001001111 10
001101101 9
001110111 30
101101101 16
100110101 1
100111111 7
101110011 4
011110110 6
111111110 5
011100111 18
111111001 1
111011111 3
011111011 4
001100110 8
011001111 9
001110101 8
001100101 15
011010111 1
101010101 2
101111011 5
001101110 2
111010011 1
101010110 1
110101111 8
101011111 6
111110011 16
101101110 5
101110101 16
001011111 5
101111110 1
010111111 3
101110110 2
101001111 8
100101111 5
001110011 3
010101111 12
110111111 2
101111101 5
101011011 1
000111111 3
100100111 1
110100101 1
101010111 2
011111101 3
101000011 1
111100101 1
111101011 2
101110001 2
011000111 2
000100111 5
101100010 1
010100101 1
110110111 1
010100111 7
001101001 2
001000111 2
001100011 4
101011101 1
011100101 2
001111110 1
011101101 2
000110101 2
001010011 1
000101111 4
111010101 1
001111011 1
111110001 1
101010011 1
001110110 1
111000110 1
011011111 1
011111110 1
011001101 1
001100100 1
101001101 1
