number of shots: 4096
more frequency result: 011110111
101110111 225
111111111 371
111111101 5
001111111 215
011111111 439
101111111 197
101100111 196
101101111 137
001101111 132
001100111 221
000110111 4
001110111 252
111110111 423
111110110 7
011110111 501
110101111 3
011101111 107
111100111 129
100110111 5
011100111 141
001100011 5
011100110 3
111110011 4
111101111 96
101100110 9
111010111 8
001011111 9
001001111 3
011110101 3
001110110 6
011110110 9
011111011 3
011000111 6
001101011 5
101111101 4
111101110 3
110111111 5
010110111 5
110110111 7
110110101 1
101110110 8
011110011 6
101110101 2
111111110 5
011001111 3
011100011 3
001110101 3
111100011 3
011101011 1
001100101 5
100100111 2
001110011 3
110100111 1
000111111 5
101100011 5
001111110 4
101101010 2
111111011 2
111101101 2
101100101 2
111100101 4
101110011 3
001000111 5
100111011 1
010100111 4
001101101 1
101111100 1
011010111 5
011011111 2
001111011 5
101111011 5
101101011 3
011111101 9
010101111 2
111000111 4
101011111 5
011111110 3
111101011 1
001100110 11
111000110 1
100111111 4
000101110 1
001010111 4
011101110 1
101010111 3
111011111 2
100010111 1
001111101 5
011100101 1
101101110 4
001101100 1
000100111 1
111010011 1
101011100 1
111100110 3
110101011 1
111110101 2
111001111 2
111011101 1
101000111 1
000010111 1
010111111 1
101101101 1
010111101 1
100100011 1
111111100 1
001101110 1
110100101 1
011101101 1
011100100 1
