101111111 984
001111111 486
101101111 132
100101111 5
101110111 261
101111101 46
111111111 613
111101111 186
001101111 66
110110111 5
011111111 267
111110111 156
110111111 28
111100111 57
011101111 128
011100111 28
101110101 36
111110101 20
111111101 29
101010111 4
001110111 112
110001111 1
111010111 4
011110110 2
101111110 6
111010101 1
111101101 15
011110111 73
101011111 19
001111101 19
101110011 13
111011111 15
000111111 7
010100111 2
101101101 7
011100100 1
010111111 8
000011111 1
001110100 1
010111101 1
011011111 9
111100101 3
111111110 3
011111101 12
000101111 4
111110011 14
001110101 15
001100111 19
001011111 5
011110101 7
101100111 43
001001111 3
001110011 7
101110110 5
100111111 21
011010110 1
010101111 2
101100101 2
000100111 3
000101101 1
101001111 3
011111110 1
001100101 1
111101100 1
011100101 2
011001101 2
100111101 5
101111011 3
011101101 5
101100110 1
111011101 1
001101101 2
111101110 3
010011111 1
111100110 1
111110001 1
101010101 1
111100011 1
010110110 1
001101110 2
001111011 1
110110101 1
100110111 4
011010111 2
111101011 2
101100011 1
011011101 1
111001111 1
011110011 3
101011101 1
000110111 1
101101011 2
111110110 2
111010110 1
001110110 2
010110111 2
111000111 1
110101111 2
101111100 1
101101110 1
110100111 1
001000111 1
