number of shots: 1024
more frequency result: 111011110
111111111 63
111011100 94
111111101 27
111011110 194
101011111 3
111001111 17
111010100 6
111011101 55
111001101 74
111001011 2
111011111 156
111001100 81
111101110 6
111101101 18
111111110 75
110101110 1
111000110 1
101001100 2
110001101 1
111110100 3
111111100 30
111001110 14
111001010 4
101011110 5
111000111 3
101010110 1
111101100 25
011011100 3
111011000 10
011011110 3
110011110 2
110011100 1
101101111 1
101101100 1
111101000 1
011001100 2
111011001 2
111111010 2
111111000 3
111111001 3
011001011 1
011011101 1
111101111 1
111011010 1
011101100 1
011011111 4
110011111 3
101001101 2
111010111 2
111010101 3
111001000 2
111010110 1
011010101 1
110111110 1
011001101 1
101111111 1
111000000 1
111110101 1
101011101 1
