number of shots: 1024
more frequency result: 111111101
111101111 128
111111101 257
111101101 121
011011101 4
111111111 125
111001101 23
111111100 28
111111001 6
111011111 47
111110110 4
111011101 62
111001100 6
111101100 24
101011101 1
111111010 5
111011100 13
110101111 2
111111110 23
010111111 1
111011110 16
111011001 1
110101101 2
111110111 5
111101000 3
011011110 2
111110100 2
111101010 2
111110101 2
111100100 1
111101110 18
011011111 6
101101101 2
111000101 1
110011101 2
110111111 2
111001010 2
101011110 1
111001111 20
111101001 3
101001111 2
011111111 1
111111011 5
111101011 3
111001110 2
110001111 3
101001101 2
111100101 3
110011001 1
111111000 5
110011111 1
011001101 1
111001001 1
110101100 1
111011011 4
111011010 2
111010111 1
111001011 1
101101111 1
101011111 1
011001111 1
110111100 1
111100110 1
111000100 1
110011100 2
101111101 2
110101110 1
110111101 1
