number of shots: 1024
more frequency result: 111111111
111111111 129
111011111 120
111111101 110
111111110 57
111101100 19
111011101 105
111001110 24
111101101 50
111001101 41
111111010 5
101111111 4
111001111 38
111011100 47
111111011 9
111010101 3
111011001 5
111101111 56
111011110 47
111111100 38
100001101 1
110011101 2
111101110 22
101011101 1
111101011 5
011111111 4
101111011 1
011011101 2
111101000 3
111011010 3
101101110 1
110001101 1
111110111 1
111001011 6
111101010 1
101011111 3
110001111 1
111001100 18
111110101 3
011011111 2
111101001 3
111011000 2
101110111 1
011111100 1
111010111 2
101101101 1
111001000 3
101001100 2
111111001 3
111001010 1
111100110 1
111011011 4
111100100 1
110011111 1
011101101 1
101001111 1
111001001 2
110111100 1
110111111 1
110111101 1
101011110 1
111100111 1
110011000 1
