number of shots: 1024
more frequency result: 111111111
111011111 75
111111101 140
111111111 194
111111100 95
111111011 6
011011101 5
011011110 4
111011100 51
111111110 148
111101100 15
011011100 4
111011101 41
110011111 1
111111001 3
111011110 68
111001111 14
111001110 12
111001100 10
111010101 2
111010110 2
111111010 4
101111110 1
011011111 3
111101101 30
111101110 18
111110110 5
101011111 4
111101111 19
111001101 17
101011110 1
111100111 1
111111000 5
101011101 2
011001101 1
011101111 2
111100110 1
101001101 1
111110101 3
111011000 2
011001110 1
011111110 1
111011001 2
111011011 2
111000110 1
101011100 1
110111111 1
110011101 1
111010100 1
111001011 1
111110100 1
111110111 1
