number of shots: 1024
more frequency result: 111101111
111101101 152
111011100 17
111101010 1
111011101 50
111011111 56
111101111 185
111001111 53
111111111 108
111100110 2
111001101 57
110011111 1
111111101 112
111101110 34
101111111 3
111100101 7
011101101 4
111111110 19
111001011 2
111101100 26
111111010 1
111011110 9
011001101 3
110001101 2
111111100 37
111001110 8
111101001 3
111100100 2
111001100 15
110011101 3
101111101 6
111001000 1
110111101 6
111101000 3
101110100 1
101011111 5
101111110 1
111110110 3
111001001 2
111000011 1
111000100 2
110101101 1
111010100 1
101001111 1
111110100 2
011100101 1
110101110 1
111111011 1
110101111 1
101011101 2
011011101 1
011111101 1
110111111 1
101101111 1
011101111 1
111101011 1
110001111 1
111110111 1
111111000 1
111010111 1
