number of shots: 1024
more frequency result: 111001101
111111110 83
111111101 33
111011110 90
111011111 83
111101101 86
111001100 95
111111111 72
111001101 154
111101100 75
110011100 1
111011100 39
111101110 15
110011111 3
111011001 3
111111100 33
111011101 44
111101111 21
111110110 1
111001111 28
110011110 1
110111111 6
111011000 1
111101011 3
111111001 5
111100100 1
111011011 1
111001011 1
111001010 3
111001110 9
111100101 1
101111101 2
111010110 2
101111110 3
101101100 1
101111111 2
011101101 2
011011111 2
110111110 1
111001001 2
101011110 2
101001100 1
011101100 1
010011101 1
111000110 1
011001100 1
011011110 1
111101010 1
011001101 1
110111101 1
111000101 1
110011101 1
111101000 1
111000111 1
101011111 1
