number of shots: 1024
more frequency result: 111011110
111110101 3
111001100 70
111101111 3
111111110 234
111101101 24
111011101 33
111011100 49
111011111 76
111011110 235
111101100 55
110101100 3
111111111 74
111101110 11
111001101 16
111111100 45
101111100 3
111111101 18
111011000 2
111010100 6
101111110 6
111001110 13
111101011 1
101011100 1
011011111 2
111011001 1
111100110 2
111110100 2
111110110 2
111001111 5
111111000 1
111001000 1
110111111 1
110011110 3
101001101 1
110001100 1
011111100 2
111000111 1
111100111 1
101111101 1
101001100 1
111011011 1
110101101 1
011011110 2
101011110 2
101011111 1
111010101 1
001011100 1
111010110 1
101101100 2
100111110 1
111010111 2
