number of shots: 1024
more frequency result: 111111111
111111111 296
111011111 250
111001100 11
111001101 85
111111101 77
111011101 46
111011110 35
111001110 2
111101101 71
011011101 5
111011100 10
111101100 8
101001100 1
111010100 1
101001111 2
111111110 49
111101011 1
111010101 5
111011001 3
111111100 12
110101101 4
011011111 5
111010111 1
011111100 2
101011101 1
101101101 3
011111111 4
110111101 1
111111000 3
110001101 1
011101101 2
101011111 1
111001111 5
111110101 4
111101111 6
111100100 1
011011110 1
011001110 1
111101110 2
110011110 1
101001101 2
110011111 1
101111111 1
111000111 1
