number of shots: 1024
more frequency result: 111111111
111101101 207
111101111 40
111111111 281
111111101 94
111110101 7
111011111 91
111011101 35
111111110 45
111011100 9
111001101 42
111101100 34
111011110 12
111001100 8
011111111 1
111111100 25
111010101 2
111001111 8
101111111 1
111101110 16
101101111 1
111110111 2
111100111 4
010101101 1
011011111 3
111111001 2
111010100 1
110010100 1
111001110 2
011001101 2
111100110 2
101011101 3
101001101 1
110011111 3
011011110 1
111011001 4
111101011 4
110011110 2
101011111 2
111100100 2
111011000 1
110111111 1
111110100 3
111101000 1
110011101 2
110001110 1
111000110 1
111011011 1
111110110 2
111111011 1
101001111 2
111000111 1
111101010 1
111110010 1
011011101 1
111001010 1
111101001 1
101011001 1
