number of shots: 1024
more frequency result: 111111110
111111100 59
111011101 22
111111111 159
111101100 114
111111101 74
111101101 147
110011100 2
111111110 183
111001101 26
111101110 27
111101111 23
111011111 42
111011110 51
111001100 11
011011111 5
111011100 14
111100111 1
111110101 3
110011111 3
011001100 3
111111001 8
101011110 3
110011110 2
101001101 1
111001111 8
111100110 3
101000100 1
011011100 1
011001101 2
110111111 1
111001010 1
111001000 2
110101101 1
101011111 1
111111010 2
111101011 1
111011011 1
111110100 2
111111011 1
110001110 1
111111000 2
011101101 1
111101001 1
111001110 1
111101000 1
111010110 1
011010101 1
101011101 1
111011010 1
111110111 1
110111100 1
