number of shots: 1024
more frequency result: 111011111
111101101 161
111111110 42
111001101 137
111011110 49
111111101 39
011101101 2
110111111 7
111001100 38
111011111 182
101101101 3
111101100 43
111011101 61
111111111 125
101011111 6
111101110 7
111001111 16
111001010 2
111011100 15
111101111 11
101101100 1
111111100 13
111110101 4
111001110 6
111010101 3
110011110 5
011001101 1
101111101 2
110001101 4
111001000 1
110111101 2
111000111 3
111001011 2
111101011 1
110101101 6
110001100 2
101111110 2
111011000 1
111010100 2
011111111 2
110001111 1
101111111 1
011011101 1
111000110 1
110011101 1
110101100 1
110011111 1
111100111 2
011001100 1
101001101 1
111000101 1
111111000 1
111100100 1
111111001 1
