number of shots: 1024
more frequency result: 111001101
111101101 178
111011100 24
111111101 53
111111111 103
111011111 114
111001111 37
111001101 185
111101100 36
111011101 36
101001100 1
111011110 52
111001100 53
111000101 2
111111100 16
111101111 44
110101101 2
111001110 15
111111110 27
101011111 2
111011000 2
111101110 10
010001100 1
110111111 3
101011110 1
111100101 2
111010101 1
110001101 1
101111101 2
011101101 1
011101111 2
111001010 1
011101100 2
010001101 1
111111000 1
111001001 1
101101101 1
111010100 2
110011101 1
011001101 1
110111011 1
110111110 2
111010110 1
111101010 1
111110100 1
110011111 1
