number of shots: 1024
more frequency result: 111011111
111011111 292
111001101 109
111101101 107
111001111 15
111011101 76
111101011 2
111111111 146
111111101 56
111011110 47
111111100 8
111111110 37
111101110 5
111001100 18
101111101 1
111101111 17
111011001 6
111011100 12
101111111 3
111101100 19
011001101 3
111010100 2
111111011 3
110001101 1
111110101 2
111000111 2
111110100 2
011111111 1
111110110 2
101101101 1
111001010 1
011101111 2
011111101 1
110101110 1
111000101 1
110011111 2
111100110 2
111111001 1
111010101 3
101011101 1
111011011 2
111001110 2
110110101 2
111111010 1
111010111 1
110111111 1
011011101 1
011101100 1
111011010 1
010111111 1
101001101 1
