number of shots: 1024
more frequency result: 111111110
111111111 117
111111110 129
111101110 19
111111000 48
111011111 35
111111101 95
111001101 5
111011011 14
111111100 123
111101100 25
111111010 51
111011001 10
111111001 51
111011000 13
111111011 45
111011101 33
111000100 1
111101010 8
111101101 11
111100101 1
110011110 2
111011100 39
111101000 5
111101111 11
111101001 7
111011110 38
111011010 20
111001110 14
011111100 1
110101101 1
111001100 6
111001010 2
110011101 1
011001011 1
111101011 4
111001111 4
110011111 2
110001101 1
011011111 2
101101100 1
111001000 1
111110101 3
111001011 1
101011100 1
111110001 1
011111011 1
111110111 1
110011011 1
110111100 1
111000011 1
111110100 2
111110110 1
011011110 2
101011110 2
111001001 2
011011001 1
111010101 1
111100110 1
101011011 1
011011011 1
101001010 1
110101000 1
