number of shots: 1024
more frequency result: 111111111
111101101 142
111111111 148
111101100 147
111111110 111
111111101 52
111101110 37
111111100 50
111001101 40
111001100 50
111011111 32
111011110 40
111101111 46
111001111 12
111110101 1
111101011 9
111111000 2
111011100 27
111011101 20
110101110 1
111011001 3
110011101 2
111100111 2
111110100 4
101101101 3
111000111 1
111001110 8
011001101 3
111101010 2
111010101 1
110101100 1
111100101 1
011111110 1
111100110 2
101101111 1
011011110 1
111100100 2
101111110 2
110001101 1
101001100 2
111100001 1
111011000 1
101011100 2
111111001 1
011111100 1
111001001 1
111001011 2
110011110 2
111111010 1
110111111 1
110011010 1
