number of shots: 1024
more frequency result: 111001100
111001101 43
111101110 16
111011001 3
111111110 117
111001100 174
111101100 141
111100111 6
111011110 137
111010100 7
111000101 6
111111101 12
111001110 20
111011111 44
111010101 5
011101101 2
111111100 27
111001111 8
111011101 12
101011111 2
111001010 5
111101101 43
111010110 2
111111111 32
111010111 2
101010100 1
111011100 43
110011110 8
111101111 8
110101100 3
110110101 1
111111010 1
111101011 4
111001011 2
111000110 3
011101100 3
111100110 2
110111110 6
101101100 3
110001100 11
111101010 1
011011100 1
111110101 2
011001100 5
101111100 2
111000111 4
111110111 2
111011000 1
111100101 1
101001100 3
111110010 1
111110100 3
111001001 1
011100110 1
101111110 2
111011010 1
110011111 2
011111100 1
010111100 1
101011110 4
110101101 1
101010111 1
100001101 1
101101110 1
101011101 1
101001110 1
011011110 1
011001110 1
110000110 1
101001101 1
011001101 1
110111101 1
111100100 1
101010101 1
111110110 1
110111111 1
110010101 1
110101110 1
100111111 1
101011100 1
