number of shots: 1024
more frequency result: 111111111
110111111 1
111011111 224
111100110 1
111111001 3
111100001 1
111111101 72
111111110 46
111011110 43
111101101 81
111011101 68
111111111 263
111001101 56
101101111 1
111010101 4
111001111 15
111101100 10
111000110 1
011111111 10
111011100 14
101011111 4
101001101 6
111110110 1
111110101 5
011011111 13
111101111 9
111001100 8
110000111 1
111011001 6
111010100 1
110001101 2
111011000 3
111010010 1
101011110 1
111001110 4
011111101 5
011101101 3
101101101 3
111011011 1
111011010 1
111111100 9
101011101 1
011011100 1
111001011 1
111111000 2
111110111 3
111010111 1
011001101 2
111001010 1
011111110 2
011011110 1
111101010 1
010001101 1
110111110 1
110000110 1
001101101 1
110011111 1
110101101 1
110001111 1
