number of shots: 1024
more frequency result: 111101101
111111111 137
111111101 29
111101101 458
011011110 2
111011111 31
111101110 13
110101101 3
111101100 62
111100101 4
110001101 8
111001101 80
111101111 68
111110100 2
111101001 3
111001100 6
111101000 1
111111110 24
101011101 1
011001100 1
111011110 8
101111111 2
111011001 1
101001101 3
111111100 5
101010111 1
011001101 6
111001110 6
111111001 2
111100110 4
111011101 15
111101010 1
111100111 5
111011100 2
111001111 10
111000111 1
011101101 1
110001100 1
110011110 1
111000110 1
110101100 1
111101011 3
011011111 1
101001111 1
111011000 1
101101100 1
101101111 1
101011111 1
011101100 1
101011100 1
110111111 1
010011101 1
110011111 1
