number of jobs: 15
percentage of hits: 6.216672985603755e-06
more frequency result: 111111111
101110111 3484
101111111 5990
111111111 7999
001101111 2613
011111111 4373
111110111 5298
111111110 83
001111110 33
011101111 1450
001111111 3430
101101111 4312
101100111 3491
011110111 3278
101110110 95
111100101 33
001011111 119
111100111 1484
101011111 283
001100111 2322
111110101 179
111110110 114
111101111 2008
101111110 67
100111111 178
001110111 2122
010111111 87
010110111 61
111011111 324
011100111 1072
101100011 58
100101111 59
110111111 128
011110011 59
101110101 114
001100101 49
000111111 111
111010111 205
111100110 22
001010111 70
000110011 2
111101110 33
101101011 68
001110011 44
101011110 5
011111101 54
101010111 221
011100011 17
001100110 60
011011111 116
111100011 23
100110111 118
110101111 83
111001111 139
111110011 119
101110011 69
111111011 67
101001111 237
011110110 71
001001111 106
101111101 89
011100101 22
000100011 2
000100111 57
000101111 62
001110110 56
011100110 28
001101110 28
110110111 93
011001111 65
111101011 14
101100110 73
110101110 1
000110111 67
101001100 1
101111011 40
001101011 32
001100011 24
011111011 46
001111011 29
011000111 66
101101101 52
101101110 56
101100101 91
011110101 80
111000111 112
001110101 55
010100111 62
110100111 61
001000111 67
111111010 5
011101110 25
111111101 112
001000110 3
001111101 44
010101111 70
011101101 17
101000111 196
011111110 38
111101101 38
001101101 29
100000111 4
011010111 101
100110110 4
100110011 1
001111010 2
000111011 1
110001111 6
100011111 9
000111101 2
110101011 3
101101001 2
000110101 5
001011110 2
000011111 6
111010101 9
100100111 41
101010101 7
010110110 2
101011101 5
110100110 1
110011111 2
100111110 3
001010101 1
101101100 1
101011011 3
100110101 2
010011111 3
001010110 1
101001110 3
100001111 4
000000111 3
101010110 2
001011101 2
110000111 7
001001110 1
010000111 3
111011110 5
100010111 6
101000110 3
101000101 1
111010110 4
001000101 4
111011101 7
101100100 1
110010111 4
000010111 5
111010011 3
111001100 1
011001110 2
010001111 1
011010011 1
011111001 1
001001101 1
111001101 1
010010111 2
111000101 2
011011110 2
011100010 2
111000110 3
111001110 3
111011011 1
101001011 1
100010011 1
011101011 11
001100001 2
110010110 1
000110110 3
011100001 1
011011011 1
001001011 1
000100101 1
100111011 3
100111101 7
110111110 2
000100110 1
100101011 1
110100101 3
100100101 1
011111010 1
010111010 1
010110101 1
011101010 1
010110011 2
111111100 3
011010110 2
111000011 1
110110011 2
110100011 1
110110110 2
101110010 1
000110010 1
100110100 1
000101110 3
011110001 1
111111001 2
101000011 1
101110001 2
101100010 1
010100101 1
001101001 2
001010011 1
111110001 2
101010011 1
011001101 3
001100100 1
101001101 1
001110001 1
110110101 3
000111110 1
011100100 2
001110100 1
010111101 2
000101101 1
111101100 1
011011101 1
101111100 2
101101010 2
001101100 1
101011100 1
100100011 1
