111100111 252
111101111 683
111111111 237
101101111 381
011101111 435
001101111 261
111110111 107
011100111 156
011111111 256
110110111 3
001100111 96
001111111 243
001100110 4
101100011 6
001110101 4
111110011 3
101100111 131
011110111 105
101100110 1
001100011 3
101111111 254
111100011 9
001110111 87
111101101 6
111100101 6
101101101 5
011110101 2
011100101 4
111000111 6
100100111 3
101110101 3
011101101 2
011111101 1
001111101 3
101100101 5
111111101 1
001100101 4
011110110 4
101001111 11
110101111 6
101110011 6
101101110 4
111101011 6
101111110 3
111101110 4
101110111 106
011011111 12
111001111 14
111100110 6
001011111 8
001001111 10
011100011 7
011100110 6
110100111 3
101011111 7
111011111 9
001111110 2
111110110 4
011101110 8
100111111 1
101101010 1
011110011 3
110111111 3
100110111 3
011001111 13
000111111 4
101010111 1
001000111 4
010101111 4
011000111 4
100101111 2
101111101 2
101110110 2
001010111 3
111010111 3
101000111 1
001111011 2
001000101 1
010100111 2
011111011 1
000100111 1
011111100 1
111110101 1
000101111 1
111010011 1
101000011 1
111111110 2
101111011 1
010110101 1
011111110 3
011010111 3
001110011 1
101001110 1
111111011 2
101000101 1
001101011 1
