111101111 391
101101111 460
100101111 30
110110111 29
011101111 109
101111101 11
111110111 333
001101111 91
000100111 13
111111111 466
111100111 234
101100111 266
100110101 1
001100111 59
101110111 315
110101111 23
001111111 107
101111111 466
001010111 2
100111111 29
011100111 72
011111111 94
101100101 2
001110110 2
011111101 2
000101110 1
001110111 54
011110111 82
110111111 24
101110101 6
101110110 3
010101111 24
110100111 7
111001111 5
111110011 10
000110111 10
010001111 1
011110011 5
100100111 24
010110111 6
111111101 7
010111111 9
100111101 2
101111011 3
101011111 5
001110011 1
101101101 9
111010011 1
000101111 13
010100111 11
101110011 7
101001111 4
010100110 2
001111101 2
001001111 6
001110101 3
101100011 5
101101011 2
111110101 5
000111111 9
111010111 3
011101101 4
001111011 2
100110111 29
101101110 2
011001111 3
000010111 1
001101101 2
100111011 1
101010111 2
000110011 1
111101101 4
011000111 3
111011111 7
001011111 1
110110101 1
111111011 5
111000111 1
101000110 1
111110110 3
010110101 1
011101110 1
101000111 1
111100101 5
011100110 2
111101110 2
010011111 1
011010111 1
111100110 2
110111011 1
000111101 1
001000111 7
111111110 1
011101011 1
010111101 2
011110110 4
011100101 1
100110011 1
111101011 1
101100110 2
111110001 1
111100011 1
011111011 1
001100101 1
100110110 1
001101011 1
110111101 1
