111111111 1831
111110110 19
101101111 517
010100111 2
111110111 324
001111111 65
101111111 530
101100111 126
101100011 14
001101111 46
011111111 186
001011111 13
011110110 2
100111111 27
111100111 24
101110111 82
101110110 4
011110111 30
000111111 15
011101111 11
101101101 5
111101111 76
001100111 9
111111101 7
101001111 3
110101111 1
101100101 10
000101111 2
010110111 1
101011111 13
001110111 6
111110101 13
111111110 9
001100101 1
111011111 3
110110111 3
111111011 4
100110111 5
001110110 2
111101101 1
100100111 2
001100110 1
011001111 2
011100111 3
110111111 7
111110011 6
011011111 1
001010110 1
000110111 2
010101111 6
101110011 3
111100011 3
100101111 1
111100101 1
101111110 1
001111101 1
011110101 1
011110011 1
101100110 3
111110010 1
101101011 2
010111111 1
011111110 1
101110101 1
100110011 1
001001111 1
