011101111 182
001101111 707
101110101 8
101101111 1016
111101111 207
011110011 15
101100111 177
101101101 11
101110111 61
111111111 403
011100111 25
011000111 5
101111111 141
111110111 156
001100011 5
101011111 16
011111111 218
001111111 113
011110101 15
001100111 146
111100111 48
011001111 32
011110111 71
111001111 25
001110111 61
000001111 1
101100011 4
001001111 8
001011111 10
110101111 9
101101011 5
010101111 17
110100111 2
111100110 1
100111111 3
001101101 11
101110011 8
111110101 18
101100110 9
101100101 4
111110011 17
101010111 5
000101111 4
111111101 9
101011011 1
011110110 2
101000111 2
111011111 3
010111111 2
111000111 1
011101101 3
001101011 3
010100111 2
101111101 3
111111011 2
011000110 1
000111111 2
101001111 7
101111011 3
111101101 5
010110111 1
111110110 1
011100110 3
110110111 1
011111101 5
001010111 3
011011111 2
001111101 1
010011111 1
001100101 1
001110011 2
001000111 1
001100110 2
101100001 1
110110101 1
001110101 4
100101111 1
011010111 1
001101110 1
100100111 1
100011111 1
101101110 2
011111011 2
011010110 1
100110111 1
111010111 1
100001111 2
011101011 1
