number of shots: 4096
more frequency result: 111111111
111111111 534
011111111 271
001111111 353
111110011 12
001101111 393
101100101 9
111111011 18
101111111 392
101100111 138
101101111 319
011100111 71
001101011 6
001100101 11
111110111 273
001110111 173
001011111 11
101110111 173
011101111 140
111110101 13
101001111 3
111100111 55
001100111 189
111101111 113
011010111 6
010100111 1
111100011 4
111010111 7
001110101 3
101111011 9
000101011 1
011110111 140
101110101 16
100111111 6
001001111 6
001110110 1
101111101 3
100101111 1
000101111 5
110111111 4
001100011 5
000111111 8
011001111 5
011110101 4
111001111 12
110111011 1
101011111 12
101100011 3
111100101 3
010111111 7
101100110 2
001100110 1
001111011 6
001101101 3
001110011 6
011011111 12
101101011 4
101000111 2
101110010 1
101101101 5
011111011 7
101111110 2
010101111 3
011100110 2
001010111 5
101110011 4
111111101 5
001011011 1
100100111 3
100110101 1
111101011 2
011110011 5
101010111 6
000110111 5
111111110 4
001111101 2
110110111 4
010100101 1
001111110 2
000100111 3
011111110 2
110101111 1
111011111 5
011100101 2
101110110 4
111101101 1
001111001 1
111010101 1
010110111 1
111100110 1
001000111 2
111001110 1
011101011 3
011111101 2
010011111 1
111000101 1
000100011 1
011000111 2
111101110 1
101101110 1
100110011 1
011110110 1
001101110 2
110100111 1
011100011 2
111000111 1
001010011 1
110001111 1
