101101111 744
001101101 32
001101111 621
011111111 551
111111111 540
101100111 97
011110110 10
111110111 78
011110111 67
011100111 38
101110111 35
111101111 147
111100111 33
011101111 184
101111111 229
101100101 23
101101101 34
001100111 98
101100011 3
100111111 16
100101111 17
111111101 35
100100101 1
010111111 21
101100110 5
111110110 3
011111101 34
010101111 19
001110111 14
000101111 23
100100111 4
011110011 4
001100101 24
001111111 76
101101011 6
110110111 2
111111001 4
011001111 6
011101101 6
001101011 5
101110101 3
011111011 3
111111011 6
110111111 22
000100111 3
111100101 8
010000111 1
101101110 1
011110101 9
101111011 3
101001111 4
110100110 1
110111101 3
111101101 9
111001111 9
100110111 3
011101110 1
001100011 5
111000111 3
001111011 1
110101101 1
110101111 11
000111111 4
101011111 7
101101100 1
011011111 2
101111101 7
100101101 3
111110011 3
001001111 1
011101011 6
011100101 5
010100111 3
011111001 5
011110001 1
111100110 1
001110101 1
010110101 1
100110110 1
111110001 4
100111101 4
101110011 3
101110110 2
000100101 1
001100110 4
001011111 3
111110100 1
111100011 1
001000011 1
111011111 2
111110101 4
001111101 3
111100001 1
010100110 1
111010111 1
011110100 1
010110111 1
111101011 1
001100001 2
000100011 1
011010101 1
101101001 1
010101110 1
