number of shots: 1024
more frequency result: 111111111
111101111 76
111011101 26
111111110 134
111101100 44
111101110 36
111111101 150
111111111 171
111011100 36
111001110 7
111101101 61
111001100 8
111101000 3
111001111 17
111111100 115
111001101 13
111101001 2
111011111 44
111111001 4
101011101 3
011111111 1
111011000 1
111100111 2
011011111 1
111111000 2
111110100 1
110111101 2
111100101 1
111110101 5
110011101 2
111011110 19
111001000 1
111011001 1
111111010 3
110101100 3
111110111 2
111111011 4
101011100 2
011101100 1
101011111 1
111010100 1
111000111 1
011011100 1
101111101 1
111011011 1
111000001 1
110111111 1
111101010 1
110011110 1
101011110 1
011111100 2
011111110 2
110001101 1
110101111 1
101111100 1
111110110 1
111101011 1
