111101101 114
111111111 204
111111011 4
111111100 74
111001111 29
111111110 60
111111101 196
111101111 123
111101100 38
111011111 21
111011101 20
111111000 6
110011000 1
111101110 26
110001111 1
101011100 2
111001100 9
111001110 10
011011100 2
011011111 4
111011100 7
110111111 1
111011110 10
111001101 24
011001101 6
101001010 1
111011000 1
101011111 2
011011110 1
111011001 1
101101100 1
101111111 1
011111101 2
111110100 1
111111010 2
110111110 1
101011101 5
111101000 1
110011111 2
011011101 1
110001101 1
111100101 2
101111101 1
111110111 1
111101001 1
011101111 1
110011101 1
110101111 1
