number of shots: 1024
more frequency result: 111111101
111111101 271
111111111 163
111101111 122
111101110 50
111101101 91
111111110 54
111100101 2
111010111 2
111001111 24
111100110 4
111011101 28
111010101 1
111011111 18
111101100 26
111011100 12
111111100 61
110101110 1
011001111 2
111001110 11
111011110 7
011011101 3
111001101 15
111111010 1
111100111 3
111110110 4
111101001 1
111100100 6
111001100 2
110101101 1
011011110 2
110001101 3
111110111 5
111110101 4
101011100 2
101011101 3
101001101 1
101011111 1
101001111 3
110011100 1
011101100 1
110011111 4
111101000 1
110111101 1
110111100 1
011001100 1
110111111 1
111110100 2
110011101 1
