111111111 284
111111100 87
111111110 261
111111101 71
111101100 53
101011111 3
111011111 46
111101111 6
111011110 39
111101110 6
111011101 21
111111001 7
011011110 1
110011100 2
111101101 42
111101010 2
111001101 13
111011100 16
101001010 1
111111000 14
111011001 4
111001111 3
111001100 5
111011000 4
011011111 3
110011110 5
111110100 4
110011111 3
111110101 3
101111111 1
111111010 2
110111100 1
101101100 1
011011100 1
101111110 1
110001100 1
111010101 1
111100111 1
011111101 1
101111101 1
101101101 1
011111111 1
011011101 1
