number of shots: 1024
more frequency result: 111111101
111111110 63
111111101 351
111011101 84
101111101 5
111111111 152
111001010 2
111111100 52
111101111 45
111110111 3
111101101 35
111101110 24
111011111 42
101011101 9
111011110 26
111111011 5
110011110 2
111011100 9
111111010 14
111101100 16
111110100 3
111001111 9
101001101 1
011011101 3
111001101 12
011011110 2
101011111 3
101001100 1
101011100 3
111111001 6
110111101 2
111001110 10
111111000 3
111011001 2
011001111 2
111001100 1
110011101 1
101001110 2
111101011 1
110011100 1
110001111 2
101101011 1
110001101 1
111101010 1
011011111 1
110001110 2
111101000 1
101011110 2
111011010 1
011011010 1
101101111 1
101001111 1
001011100 1
101011001 1
