number of shots: 1024
more frequency result: 111011111
111011111 341
111001100 13
111011101 217
111001110 10
111111111 53
111011110 99
111111100 13
111011100 50
111111101 60
111101111 11
111001101 39
110111101 2
111111110 18
111101101 13
111011001 6
111001111 34
101101101 2
111101110 3
111111000 1
111100110 1
111010101 3
110111100 2
111011010 3
111101100 4
011111111 2
110111111 2
110011101 2
110101110 1
110111110 1
110011111 1
111001011 1
111011011 2
111011000 7
101111101 1
111111011 2
011001101 1
011011111 1
111111010 1
111000110 1
