number of shots: 1024
more frequency result: 111111101
111111111 122
111011100 67
111111101 139
111111110 74
111011101 90
110011110 1
111101101 33
111011111 109
110011111 4
111011110 67
101001110 1
111111100 88
111101111 30
111101100 16
111001111 28
111101110 20
111001100 14
111001110 16
111110111 5
111100111 1
111001101 20
111001001 1
101101110 2
111001000 1
011011111 1
101011111 3
110111111 4
101101111 3
111111011 1
110010111 1
101111100 1
111010100 2
011101110 2
011011110 1
101001101 4
101101101 3
011011101 3
110111110 3
110001111 3
110111101 3
110111100 2
101111111 3
110001110 2
101011100 1
100111111 1
110101111 1
110011010 1
110110111 1
101001100 2
001101110 1
111110101 2
110011101 2
110001101 1
111010101 2
011101111 1
111111001 2
101101100 1
101111101 2
101011101 1
101011110 2
111100110 1
111011011 2
110101101 1
101111110 1
111101010 1
