number of shots: 1024
more frequency result: 111111111
111011101 69
111101111 72
111111111 185
111111101 164
101001100 1
111101110 24
111111100 53
111011111 64
111101100 29
111000110 2
111011110 15
111111110 59
111001111 33
111110100 3
111101101 80
111011100 18
111001101 35
111101011 2
101011100 3
111100100 3
111010110 3
011011110 1
110011101 4
111111001 4
111001100 9
011011111 2
111110101 5
111110110 2
101111110 1
011011101 2
011011100 1
101101111 5
111001110 11
111110111 4
101111111 4
111100110 2
111000100 1
111100111 4
111101001 1
110101101 1
101101101 3
110011111 2
101011101 2
011111101 1
101001111 5
111010101 2
110001111 2
101011110 1
111100101 1
111001011 1
111011000 1
111111010 1
111101010 1
111111000 1
110111111 1
011001101 2
111111011 3
111010100 1
101001101 3
111010111 2
101101110 1
101111101 2
101010110 1
111110010 1
101101100 1
111000111 1
