number of shots: 1024
more frequency result: 111011101
111001111 98
111101100 23
111011110 41
111011111 98
111011101 112
111101101 64
111111111 70
111000101 1
111011100 41
111001100 45
110111110 1
111001000 3
111001110 37
111001101 89
111101110 24
111101111 48
011001111 5
110111101 3
110001100 1
110111111 4
111111101 65
011101101 4
111001010 3
111111110 23
110011101 6
111011001 4
111100100 1
110001110 2
011011101 6
011011111 3
110001101 4
110101101 4
101011101 1
111111001 3
111111100 21
011111110 2
110001111 6
111001001 2
011111101 2
011111100 3
111010110 1
001101111 1
111011011 5
111011010 1
110011010 1
111111000 3
011101111 6
011011110 1
110101111 1
111000110 1
011001110 1
110011100 1
111001011 1
111000100 1
101111011 1
011111111 1
110011111 2
111110101 1
011001101 2
111101001 2
101111111 1
111011000 2
111100111 1
101101101 1
111111011 1
001011100 1
111101010 1
111111010 1
111110100 1
011001000 1
101101111 1
011101110 1
101011110 1
011001100 1
111100110 1
011101100 1
