number of shots: 1024
more frequency result: 111001111
111001100 84
111011100 52
111011110 49
111001101 78
111101100 59
111111111 47
111101101 56
101101100 2
111111110 47
111111101 48
111111100 30
111011000 1
111101111 54
111011101 60
111011111 62
111001110 79
111101110 40
111001111 91
111101001 1
110111111 2
111010100 4
101001101 2
101001111 2
111001001 3
110011111 2
101011101 1
111000101 1
011001110 1
011001101 1
111100110 1
101011100 2
110011000 1
111111000 2
010111101 1
110101100 2
111001011 1
011001111 1
110011101 2
110101101 2
110001110 1
111100111 1
110101111 1
101111111 1
101011111 3
111110101 2
011011101 1
110001101 2
111000110 4
110011110 4
110011100 1
111000111 4
111110111 2
101001110 1
111101011 1
111010110 2
110111101 4
111100101 2
111111011 1
011111101 1
111100100 1
110111100 3
110001100 1
111010111 1
111011010 1
111000100 1
111110100 1
111010001 1
110110111 1
