number of shots: 1024
more frequency result: 111011101
111011101 103
110001100 2
111010100 4
111011110 43
111011111 90
101111101 7
111111110 34
111111111 75
111101110 49
111111100 39
110111111 3
111011100 51
111001111 40
111001100 70
111001110 84
111101100 39
011011111 1
111101111 47
111001101 34
111101101 30
101011111 5
111111101 73
101111111 9
101101100 3
111100111 2
011101100 1
101011110 2
110111100 1
101011100 3
110011111 6
101101110 4
011101110 1
111111000 1
111000111 3
111011001 1
011111100 1
111001001 1
101101101 3
110111101 1
110011100 3
110101100 1
011001110 1
101001111 2
111110111 2
111101011 1
011101101 1
100001101 2
110001111 1
111000101 1
110011101 2
111010111 4
111110110 3
101101111 2
101011101 3
011011100 1
111010101 3
110001110 3
111010110 1
101111100 1
101111110 4
111110100 2
101010101 1
111111010 1
111110101 1
110111110 1
111000100 2
111100110 2
111001010 1
111001011 1
011111110 1
011011101 1
111000110 1
011111111 1
