number of shots: 1024
more frequency result: 111101101
111011111 48
111101111 121
111101101 195
111101100 82
111111100 21
111011101 53
111111101 80
111001101 29
111001100 17
111111111 71
111001111 24
110001101 2
111010101 2
111101010 3
101111100 1
110111101 4
110101110 4
111111110 44
111101110 43
110100111 1
111101000 1
111100100 4
111111010 1
111011100 25
111011110 29
110011111 3
111110110 4
101011101 5
111110100 1
111000100 1
101011111 8
110011110 4
011001110 2
111011001 2
111100110 3
101111101 2
101111111 6
011001111 1
011101101 1
111100111 2
111001110 6
111111000 1
111111011 2
111101001 12
111110101 2
111101011 6
101001111 1
110101101 7
101101101 3
110101111 3
111011011 1
101001101 3
111010111 1
111111001 4
101011001 2
011101111 1
101011100 3
111100101 1
111011000 1
110101100 1
011011001 1
110001111 1
111011010 1
110011100 1
101001100 1
111001010 1
110011001 1
111001011 1
101110101 1
111010110 1
111010100 1
011001101 1
110111111 1
