number of shots: 1024
more frequency result: 111101111
111101111 271
111001101 37
101001101 4
111011111 28
111101101 237
111101110 52
111111111 44
111111101 67
111001111 40
101011100 4
111001100 10
111101100 57
111011101 32
101001111 6
111110111 3
011011111 1
111111100 7
101011101 13
111011110 4
110011100 2
111011100 5
111100101 5
111111011 2
110001111 2
111001110 14
101011111 5
111100011 1
111110101 1
101101101 2
110001101 5
110111101 2
111110110 1
110111100 1
111101001 2
011001101 3
011011010 1
111000100 1
111011000 1
111111110 11
111101010 1
011011101 1
101001100 2
101011110 1
111100110 2
111100100 2
110101100 2
011011110 1
001101110 1
110011110 1
111101011 1
101111101 1
101111111 1
011000110 1
111100111 1
110011101 1
011001111 1
110011111 3
001101111 1
100111111 1
101001110 1
110010101 1
111111001 2
101010111 1
111101000 1
110001110 3
011111101 1
110101111 1
110101101 1
111000111 1
110001000 1
