number of shots: 1024
more frequency result: 111101101
111101111 95
111101101 144
111001110 21
011101111 2
111001111 26
111111101 89
111101100 101
111111111 87
111101110 74
111111100 64
111111110 85
111100110 4
111011110 17
011001110 2
110111111 1
011111100 1
111100100 4
111101000 2
111001101 22
110011110 2
111100101 3
111011100 24
110001101 2
101001111 4
111111011 2
111110100 1
011101101 2
111011101 16
101001010 2
111100111 6
111001100 19
110101100 2
111110111 4
101011111 3
111011111 23
101001101 4
101011110 4
110111101 1
101001110 2
111010110 1
111000101 1
111110101 3
111101011 4
011010100 1
011101100 3
011100100 1
011001111 1
101010101 1
110101101 4
111000100 1
100111100 1
111110110 4
111111010 1
110111100 2
011001100 2
110001111 1
101011101 2
101011100 3
110101111 1
111001010 1
101011001 2
110011100 1
101001100 4
011111110 2
111101001 1
101101110 1
011011110 1
111010101 1
111111000 1
101010111 1
011011111 1
110011111 1
110101110 1
