number of jobs: 10
percentage of hits: 0.47197265625
111100111 652
111101111 1944
111111111 4833
101101111 3437
011101111 1062
001101111 2119
111110111 1279
011100111 365
011111111 1578
110110111 42
001100111 597
001111111 957
001100110 12
101100011 35
001110101 15
111110011 51
101100111 935
011110111 495
101100110 22
001100011 18
101111111 2014
111100011 18
001110111 395
111101101 334
111100101 28
101101101 70
011110101 31
011100101 12
111000111 13
100100111 37
101110101 37
011101101 15
011111101 47
001111101 12
101100101 53
111111101 752
001100101 42
011110110 23
101001111 35
110101111 53
101110011 31
101101110 10
111101011 11
101111110 7
111101110 125
101110111 772
011011111 37
111001111 138
111100110 15
001011111 46
001001111 32
011100011 9
011100110 13
110100111 13
101011111 67
111011111 158
001111110 4
111110110 35
011101110 10
100111111 82
101101010 1
011110011 33
110111111 63
100110111 41
011001111 63
000111111 42
101010111 14
001000111 14
010101111 73
011000111 14
100101111 52
101111101 29
101110110 15
001010111 13
111010111 17
101000111 6
001111011 11
001000101 1
010100111 21
011111011 14
000100111 20
011111100 3
111110101 66
000101111 48
111010011 2
101000011 1
111111110 525
101111011 19
010110101 3
011111110 8
011010111 11
001110011 10
101001110 1
111111011 45
101000101 1
001101011 16
100110101 2
001110110 5
000101110 1
000110111 17
010001111 1
010110111 10
010111111 40
100111101 6
010100110 3
101101011 19
000010111 1
001101101 48
100111011 1
000110011 1
110110101 2
101000110 1
010011111 3
110111011 2
000111101 1
011101011 11
010111101 2
100110011 3
111110001 5
100110110 2
110111101 7
001010110 1
111110010 1
000001111 1
101011011 1
011000110 1
101100001 1
001101110 3
100011111 1
011010110 1
100001111 2
000101011 1
101110010 1
001011011 1
010100101 1
001111001 1
111010101 3
111001110 29
111000101 1
000100011 2
001010011 1
110001111 2
100100101 1
111111001 15
010000111 1
110100110 1
110101101 2
101101100 3
100101101 3
011111001 5
011110001 1
000100101 1
111110100 9
001000011 1
111100001 1
011110100 1
001100001 2
011010101 1
101101001 1
010101110 1
111011101 95
111101100 161
111011100 71
111111100 337
110101110 1
111011110 75
011011101 5
111001101 65
111111010 8
111101001 4
111100100 6
111001100 24
011011110 4
110001101 5
101011100 6
101011101 11
101001101 1
110011100 3
011101100 2
110011111 9
111101000 5
110111100 2
011001100 1
110011101 4
111101010 3
101001010 2
111111000 22
111011001 6
111011000 6
110011110 6
011011100 4
110001100 1
110011000 1
011001101 6
110111110 1
111001000 1
110101100 3
111010100 1
111011011 1
111000001 1
101011110 1
101111100 1
