11111110111010111 1
11101110111111110 5
11111110011011101 6
11101110111101110 5
11111110011001101 7
11110110111101100 9
11101111011001101 3
11111111111111111 22
11110110011001110 3
11111110011111101 1
11101110011011101 3
11111111011001100 8
11111110011101101 2
11111110111111101 18
11111111111101101 15
11101110111011111 1
11100110111101111 3
11111111111101111 16
11111110111101101 20
11110110111011110 4
11111111111001111 12
11111110111111100 14
11101111111101100 8
11101111111111100 4
11110111011011100 1
11110111111101110 11
11111110111011100 3
11110111111111101 5
11111111111001100 12
11111110111001101 16
11110111011101110 3
11111110011011100 6
10111111011100111 1
11110110111011101 3
11110110111011100 3
11101111111011111 2
11110110011001111 2
11111111111101110 23
11110110011011101 1
11111111011111110 2
11111110111111110 10
11110110111001110 6
11101111011101110 2
11110110111001101 5
11101111111111101 8
11101110111101111 4
11110111111111100 2
11111110111001110 8
11111111011111111 4
11101111011001111 2
11111111111011110 3
11111011011001100 1
11111111111111101 19
11110110011111101 2
11001110111111100 1
11011110011011100 1
11111111111011101 10
11111110111101100 16
11111111111101100 22
11110111011111101 3
11111110111111111 13
11101110111001100 2
11111110111001100 12
11111111011111100 7
11111111011011110 5
11111111111111100 15
11001111111111111 1
11100110111111101 2
11100110011101101 3
11101111011111100 2
11101110011111110 3
11110110111011111 2
11111111111100100 2
11101110111101101 5
11101111111001101 5
11110110111111101 5
11111110111101111 10
11110101111111110 1
11111110111011101 3
11110110111111111 6
11110111111111110 4
11111110111001111 8
11111110011111011 1
11100111111001110 1
11111110011101100 2
11001111011001101 1
11111110011001111 5
11111111011001111 5
11111111011001110 6
11110111111001100 4
11111111111001110 9
10101110111001111 1
11111110111101110 14
11100110111111110 1
11110111111001101 3
11101111011111101 2
11101110111001111 5
01101111011101100 1
11101111011111111 1
11101110111111100 3
11110111111001110 4
11111110111001000 1
11111110011001110 4
11110111011001100 1
11111110111101000 1
11111110110001111 1
11111111111111110 15
11111110011001100 7
11110110111111100 8
11110110011101101 2
11101110011101100 3
11111111011101111 2
11100110011001111 3
11111111011111101 6
11001111111111110 1
11100110111101101 2
11110110111001100 7
11110111111101101 5
10101111111001100 2
11111111111001101 16
11111111011101101 7
11111111011011101 3
11010110011001110 1
11101111111111110 3
11101111111011110 2
11110110011101110 3
11110110011001100 5
10101111111010101 1
11100110111001100 1
11111111011011111 2
11101111111101110 4
11110110111101111 7
11111011111101101 1
11110110111101101 9
11110110011111100 4
11110111111111111 3
11111111011111001 1
11101111111011100 2
11110111011101101 2
11110111111011111 1
11101111011101100 1
11100111111101101 3
10101111111101111 2
11111111111011111 3
11111111111011100 1
10101110111101101 1
11111110110001100 2
11111101111101111 1
11111111011101110 7
11101011111111111 1
11100110111111100 2
11101110011111111 2
11101110111011100 1
11100110111111111 1
11101111111111111 4
11110111011001101 2
11110111011111110 3
11111110011101110 6
11110110111101110 3
11101110011111101 1
10101110111100101 1
11101111111001100 3
11100110111011110 1
11100111111011100 1
10100110011101100 1
10101111011101111 1
11000110111111100 1
11101111011001100 2
11101110111111101 4
11111110001111101 1
11101110111011101 2
11110111011011111 2
11111100011001100 1
11111110111111011 1
11111110011101111 2
11101111111101101 2
11111111111001011 2
11110110111001111 3
11100111111101110 1
11110010111101100 1
11100111111101111 1
11101111011001110 1
10101111111111101 1
01101110111101111 1
11101110111001101 3
11111111011001101 5
11110111111001111 6
10100111111111100 1
11100111011001101 1
11101100111101110 1
11101101111101111 1
11110110011000100 1
11110111111101100 4
11100111111111101 1
10111111011011101 1
11111010111101111 1
11111110011111111 2
10101111101101110 1
11101111111001110 3
10110111111001101 2
11101111011101111 3
10101111011001100 2
11111110111011110 5
11101111111010100 1
11110101011001101 1
11111100111111101 1
10100110011001111 1
11111101111101101 1
11111110011111110 3
11001110111101100 1
11111110011111100 5
11111111111101001 1
11100111111001111 2
10100110111111111 1
11000111111011110 1
11110110011101111 4
11101111111101111 3
11110110011101100 1
11101110011101111 2
11111111011101100 6
01100111011011100 1
11110110111111110 2
11110101011111100 1
11110111111111000 1
11111110010001101 1
10111110011001110 1
11100111111111111 2
11110110011011100 2
11111110111110111 1
10101110111011110 1
11101110011001110 4
11110010111111100 1
01111111111011100 1
11101110011101101 3
11101110011001100 5
11111111011101010 1
11110111111101010 1
11110111011101100 2
10101111111111100 1
11110110111110110 1
11110110111000100 1
11110111011001111 1
11101010111001101 1
01111110011101110 1
01111110111111111 1
11100110111101100 1
11100111111001101 1
11110111101101111 1
11101111110111100 1
11110111011101111 2
11100111111101100 3
11110110011011110 3
10101110111101110 1
11110111111101111 3
11110111111011000 1
11110111111011101 1
11111100111001110 1
11110110011111111 1
10100111111011100 1
10101111011101101 1
11110110011111110 1
11111110011101001 1
11110111010111100 1
11101111011011100 1
11101111011001001 1
11111111101001110 1
11111111101011100 1
11110100111111100 1
11101111011101101 2
11110111111011110 1
11100110011101100 1
11111111111100110 1
11111110111011111 1
11110111011011110 1
11111110111000111 1
11110110011010111 1
11110111011111100 2
11101111110011101 1
11110101111001101 1
10101111111101100 1
11111110111000110 1
11100111011001100 1
11101111111000100 1
11100110111001101 1
11001111011101101 1
11111111111110101 1
11101110011101110 1
11100110011011101 1
11111110001111111 1
11110110110011011 1
11111010111111100 1
11111010111101110 1
11111110111111000 1
10101110011101111 1
11101110011011100 2
11101110011111100 1
11111101111011101 1
11110111011100111 1
11101111011011111 1
11111011111111110 1
11100110111011101 1
11111111111111011 1
11110111011111111 1
11111110101001110 1
11111110111101011 1
11111111111100111 1
11111011011011101 1
11101110111000010 1
11111011111001110 1
11111111111111000 1
11111111011001011 1
