11101111111111110 15
11111110111111110 7
11111111011001001 1
11111110011101101 7
11111111011001101 4
11111110111001100 15
11101111111001110 10
11111111111001100 11
11111110011101100 12
11110111111001111 3
11111110111001101 17
11010110111001110 1
11111111011001110 3
11111110111101101 8
11101110011111100 6
11111111111001101 14
11110110011001110 1
11111111011111111 8
11111110011000110 1
11100111011111100 1
11101111011101100 4
11101110111111100 7
11110110011101101 2
11111111111001111 5
01101110111000101 1
11101110011001111 6
11101110011101111 5
11101110111101111 11
11111110010111101 1
11011111111101101 1
11100111011001111 2
11111110011011101 1
11111110011001101 11
11001110011111110 1
11101111011001111 4
11101110011001101 6
11011110111101111 1
11101111111101101 7
11111110011101111 6
11101111111101111 8
01110111111101110 1
11111110111101100 12
11101110011001100 16
11111110110001100 1
01111110111010110 1
11111111011101101 4
11101111011101111 4
11101110111001111 10
11111110011011111 3
11101110111111101 10
11101111011111111 6
11101111011111101 6
11101110111001101 18
11011110011001111 1
11101110111011101 6
11101110110111100 2
11100111111001101 3
11111111111101110 7
11011111111001101 1
01111111111101100 1
11001110111101101 1
11101111011111100 10
11111111011111101 7
11101110111101100 6
11101110111101101 7
11101101011101111 1
11111110111111101 7
11111110011111101 8
11101111111001111 3
11101111011011111 2
11111111011001111 9
11101110011111111 4
11001110111001110 1
11111111011011111 2
11100110011000100 1
11111111111101101 7
11011110011111101 1
11101111111111101 9
11101111111001100 17
11001110011001111 2
11111110101111101 1
11100110010001101 1
11101110111001100 16
11101111011001101 6
11101110111001110 18
11101111011011101 2
11111110011111110 3
11111111011011101 3
11101111111001101 9
11101111011001100 15
11101111011010110 1
11110111011111101 3
11111111111111111 4
11111110111101110 5
11101111111101100 9
11110111111101100 1
11111111111001110 11
11100111111101111 1
11010110011001101 1
11111110111011101 5
11101110111111111 6
11111110111111111 3
11111111011111110 2
11101111111111111 4
11011110111001111 3
11110111111001101 1
10100110111111111 1
11000111111111111 1
11100110011001101 2
11111111111011101 5
11101111011101101 4
11111110011111100 3
11111110011111111 4
11111110110101101 2
11111111111111101 5
11111110011001100 16
11010111111001110 1
11111111010101101 1
11101110011111101 8
11110110011001111 1
11101110111100111 1
11001110111101111 1
11110111111011101 1
11111111011100110 1
11101111011101110 8
11110110111001100 1
11110110111001110 1
11001110011001101 1
11110111011011101 2
11001111011011101 1
11101100011101101 1
11101110011101101 7
11110111111111111 1
11111110111101111 3
11111110110001101 1
11111110010101111 1
11100111111101100 1
11101111111011101 2
11111111011101111 3
11100110111101101 2
10100110011001111 1
11101111010101101 1
11001111111011110 1
11111110011001111 7
11101010011111101 1
11111111011101100 3
11101110110111110 1
11110111111111101 1
11100111011111101 1
01111111111001100 1
11110111011111100 1
11111111111011100 3
11101111011001110 7
11101110011101100 10
10110110011101101 1
01111111011111111 1
11111111111101111 2
11110110111001101 1
01101111111001101 1
11110110011001101 2
11101110011011111 1
11110110011111100 1
11111111011001100 6
11101111111100110 1
01111111111111111 1
11111111111011110 4
11111110111111100 8
11001111111111111 1
11111110111011111 3
11101110011011101 2
11101111011001010 1
11101111011111110 10
11111110011011010 1
11111110111011100 4
01101111111101101 1
11101110111101110 10
11101111111101110 7
11101111111011100 2
11101111111111100 6
11111111011111100 6
11111111011011100 2
11101110011111110 10
11101111001001100 1
01101110011101100 1
11111111011101110 4
01111110111001100 2
11111110011001110 5
11111111111101100 8
11111110010011110 1
11110111011101100 1
11100111011001110 1
11110111011001110 1
11111110111001110 7
11101110011101110 6
11111101011111110 1
11111111111111100 6
11101110011001110 6
01111111011101111 1
11011110111111110 1
10101111011011101 1
10101111011011100 1
11101110110011100 1
11111111011011110 4
11110110110001110 1
11101111111101011 1
11110110111101110 1
11111110111011110 3
11100110111111100 1
11101111011110100 1
01101110011111100 2
11111110011011100 4
11101111011011110 2
11101110110111111 1
01111111111111101 1
11111111111111110 2
11111110011011110 3
11001110011001100 1
11111111010001100 1
11110111111001100 2
11101110111011110 3
11011111011111100 1
11011110011001110 3
11111110110111110 1
11100110011111100 2
11001111111101110 1
11111111110001110 1
11001010011101100 1
01101111011001100 2
11001111011001101 1
11001111111001100 2
11100111111111101 1
11101110111011100 2
11100111111001110 2
10101110111001101 1
00110111111101101 1
11110111011111111 2
11111100111001100 1
10101110011111110 1
11111110111001111 3
11101111110101101 1
01101110011101110 1
11011110011001101 1
11011110011011101 1
11011111011101101 1
11101110111001000 1
11100111011001100 2
11001111111111101 1
11101110111000110 1
11110110011001100 2
11011111111101100 2
11101110111111110 4
11101110111110100 1
11100111011101111 1
11100110011001110 1
11011110111101101 1
11001110111101100 1
11111110001001100 1
11101110010111100 1
11101110011011100 2
01101111011001110 1
11110111111101101 1
01110111011001110 1
11101111010101100 1
01101111111111100 2
10100110011111110 1
11110111111101111 2
11101111110101110 1
11100111111101110 3
01100110011001101 1
11001110111001100 1
01111110111011100 1
11111011111001110 1
11100110111001100 2
11110111111111100 1
11110111011011110 1
11001111111101100 1
11101111011110101 1
11101111011011100 1
11110111111111110 1
01101110111001110 1
11100110111111101 1
11101111111011110 4
11110110111011100 1
11111110101111110 1
01101111011111100 1
11101111111011111 1
11110111111001110 1
11101110101011110 1
01100111111001101 1
11011111011011110 1
11100110111001101 1
01101111011011100 1
10101110111001100 1
01101110111111100 1
11100111011101110 1
11111111010001110 1
11100111011011110 1
11101011011111100 1
11101010111111110 1
01111110111111100 1
11101110011100110 1
01111110011111100 1
01111110111001101 1
11111110011101110 3
01101111011101110 1
11011110111011110 1
10111111011001100 1
11100110011101100 1
11101110101101100 1
11110111011001111 1
11100111111011100 1
