11111111111001101 9
11111110101101100 3
11110110111111101 1
11111110011001100 17
11111111111011100 19
11110111101011100 1
11111110111001100 50
11111110011011100 12
11111111011001100 20
11101110111101110 1
11100111011001110 2
11111110111011100 20
11111111111001110 23
11111110011001110 11
11111111111101111 5
11111111111101100 17
11110111111111100 2
11110111111101100 8
11110110111001100 13
11100111101101111 1
11111110111101100 12
11111111111001111 15
11001110111001101 1
11110110011001100 8
11110110111011100 10
11111111111111100 9
11111011111011100 3
11111111111001100 41
11110111111001100 12
11101110111101111 2
11111110111001110 23
11100101101011100 1
10100111111001100 1
11111111111111110 4
11111111001001101 1
11110110001101111 1
11111110110001100 1
10101111011001100 2
11110111101101100 2
11101111111001110 4
11110111011011100 5
11111111101101100 6
11111110111011110 9
11111111101011110 3
11101110001101100 1
11111111111011101 6
10111111111001100 1
11111111111101101 2
11111111111011110 3
11110110111001101 3
11110110101011100 3
11111111011111111 3
11111111011111100 2
11100111111001100 4
11111111001001100 1
11110110111101100 12
11101111011101100 2
11111101111001110 1
11100111111011100 4
11110110111011110 8
11111110001001111 1
11110111111011101 2
11110110011101110 3
11110111011001100 4
11111110111111101 1
11100111011001100 3
11101111111001100 7
11110110011111111 2
11111110111111100 8
11111110101101111 2
11111110111001101 11
11101111001111100 1
11110111011101110 6
11110110011001110 6
11101110101001110 3
11101111111100100 1
11110111111011100 7
11110111101111100 2
11111111011011100 7
11001111011011101 1
11011111111101100 1
11110110111101101 4
11111110011001111 5
11101110101111100 1
11011111011011101 1
11100111011011100 2
11110111111011111 6
11111110101001100 2
11110111111001110 8
11101110111011100 2
11110111001011100 1
11001110111101101 1
11110110111001111 6
11101110111001100 6
11111111011111110 2
11101110011001111 1
11101110011111100 2
11111110011101110 2
11110110011101100 3
11101111111101100 3
10111111011111110 1
11111110011101100 6
11111111111101110 5
11100110111101100 1
11111111011001110 11
11110111001001110 1
11111101111011100 1
10101111101101100 1
11100111111001101 1
11111110011011101 4
11111110011111100 1
11100111111011101 1
11100110011001101 1
11110110101101110 1
11101111111011100 3
11110110011011100 3
11111110111101110 13
11101111011001100 1
11100110111101111 1
11111011111011101 2
11111111111000111 1
01111111011001010 1
11111111001011101 1
11111011111001111 1
11111110111011101 7
11111111111111101 2
11110111011001110 5
11111111111011111 7
11110111011001101 2
11111110111001111 8
11111110011001101 1
11111110111011111 8
11101111111001101 1
11110111111111110 2
11101110111001110 1
11110110011011101 5
11110111111011110 3
11110110111101110 8
11110110111111110 2
11110110011001101 5
11111111001011111 1
11101110011011100 2
11110111111101111 1
11110111101101110 2
01111110101001101 1
11110110011111100 1
11111110111101101 6
11110111011101101 1
11110110011011110 4
11111111010101100 1
11111110101111100 1
11101111111011101 1
11100110101101100 2
11111111001101110 1
11110111111001111 3
11111110101011101 1
11111111011000110 1
11101111011001111 3
11101111111001111 1
11111100111101100 1
11111111101011100 3
11101110101011101 2
10101111111011111 1
11101110001001111 1
11010110111001100 1
11111110011011111 3
11100110111001100 4
11110111001001101 1
11111111011101100 4
11110110111011101 1
11100111101111100 1
11110110111101111 4
11101111101011110 1
11111110001101100 3
11100110011011100 1
11111111101001100 6
11101110101011110 1
11101110001011110 1
11101111111011110 1
11100110111001101 1
11101010111011111 1
11010111111101110 1
11110110011101111 2
11111010101001100 1
11111110011011110 8
11101110011011111 2
11111110011101111 2
11101111011111100 1
11111110011101101 1
11111110010001110 1
11111111001101100 2
11110110101001100 2
11111110001111110 1
11101110111011110 1
11101011011001101 1
10101111101001100 1
11001111111011100 2
11111111001001110 2
10100111111011100 1
11100110111001110 2
11111100011011101 1
10110110101101100 1
11111111111111111 4
11110111011101111 2
11110110111001110 5
01111111101101110 1
11111111011011000 1
11100111011101100 1
11111110001001110 3
11111111011101110 5
11110111111001101 2
11110111111101101 2
10100111011001110 1
11111111011001101 2
11110111101101101 1
11110100111001100 1
11100110011111100 1
11111110101101101 1
11111110001111100 1
11101111001001100 1
11101110111101100 1
11100111111001111 1
10101110111001110 2
11111110001001100 1
10101110011011111 1
11111111011011111 2
11100110101101110 1
11110110111011111 1
11111011111101100 1
10101111011111101 1
10101111011011110 1
11111110001101110 1
11011110111001100 1
10110110111001100 1
11001110111011100 1
11111110101111101 1
11110111111111111 1
11111111011011110 8
11110111100111110 1
11110110011101101 1
11111110101011100 3
11110111111101110 2
11110110011001111 1
11111111001011110 1
11110110101011110 1
11110111101001111 1
11111111011001111 2
11101111011101110 2
11111111001111100 1
11110110001001111 1
11101110011111110 1
11110111011011110 3
11111110001101111 1
11111110111111110 2
11110010111011111 1
11110111000011111 1
11100110011001100 3
11101100101011111 1
11111110111101111 4
11101110111001101 1
11101111011011111 2
11011111111101111 1
10110111111101111 1
11111010111111110 1
11110111001011111 1
11101110011111111 1
11110110011011111 2
11111111101111111 2
11100110101001100 1
11111111101111110 1
10110110011011110 1
11100110111001111 1
11110111011001111 2
11110110101101111 1
11111111101011111 1
11101111011001110 2
11100010111001110 1
11111110101001101 1
11101111111111110 2
11100110011011110 2
11111111101101110 2
11100111101011100 1
11101110011101100 1
10100110011011110 1
11100110101011100 1
11101111111101110 1
11101111101101100 1
11111011111001110 1
11111111101101101 1
11111110111111111 1
11101111011011110 1
11111111101001111 1
10101111001111110 1
11110110101001101 1
11001111011101100 1
11111111101001110 1
11111010111101110 1
11100110111101110 1
11110110111111100 2
10111110111101110 1
11110110001011110 1
11100110001111110 1
11111111101011101 1
11111011011101100 1
11001110011101100 1
11101111111101111 1
11101110111001111 2
10111110101101100 1
11111111011101101 1
11011111011011110 1
11100110011011101 1
11111110011111110 2
11111111011010111 1
11110110111111111 1
11101110111011101 1
10100110011011100 1
11110011011011101 1
11111101111101100 1
11100110111111100 1
11110111011011111 1
11110110001111111 1
11110110101101100 1
11110111101001110 1
10110110011001110 1
11111000011001111 1
11100110101011101 1
10101111111011110 1
11111110101001111 1
10111111111101111 1
