11100110111101110 2
11100110111101111 9
11100110011011100 8
11100111111111100 5
11100111111011100 14
11110110111101100 11
11100111011011100 18
11110111011111100 4
11110111111101110 11
11101110101011111 1
11111111111001100 6
11101110011011111 3
11101111011111100 2
11111111011101110 4
11101111111101100 4
10111110111011111 1
11101110101001100 1
11111111111011100 7
11100111011001100 13
11110110111001100 15
11100111111001111 3
11110110011011010 1
11111111111111111 3
11110111111001100 16
11110111111011110 5
11111111111011101 1
11110111011011100 11
11110111111111100 7
11111111110001110 1
11110110011001100 12
11100110111111100 5
11100111111111110 2
11110111011001100 13
11111111111011110 2
11110111111001110 6
11110110011101111 9
11110110011011111 2
11110110011011101 1
11110111101001101 1
11101110111101100 5
11110111111011100 13
11110110011011100 8
11101110111011100 4
11111110111001100 6
01111110011101100 1
11100111011100100 1
11100111011001110 10
11111110011011110 1
11101110011001100 5
11110111101001100 1
11110110011111100 5
11111110011111100 2
11111111011011111 5
11110111111101100 12
11110110011101100 12
11110110011011110 9
11111100011001101 1
11101111111101110 2
11100110111111111 4
11100110011001110 5
11100111011101111 4
11110110111101110 4
11100110111011100 17
11110111011101100 7
11111110111011100 6
11111110111011111 4
11111110011001111 3
11110110111011100 13
11101111011001100 2
11100110001111100 2
11100110011001100 10
11101110011111111 2
11110110111011111 6
11100110111001111 7
11110110011001110 5
11101111011001111 4
10111110101011100 1
11100110011011110 9
11110110011111111 2
11110101111111110 1
11100110101001111 1
11110111011001111 5
11110111011111110 3
11100111011101100 6
11110110111111100 6
11100111011011111 3
10111111011001110 2
11101110111111100 4
11100110001101111 1
11110111011101110 5
11110110111011110 9
11111111011011100 5
11101110011001111 3
11100111111001100 12
11101110011101110 5
10111110011001100 1
11111110001001100 1
11101110011111110 3
11101110111001111 2
11100110111001100 13
11100110111011111 5
11111111111101111 2
11111110001111100 1
11110111111110110 1
11111110011111110 4
11110111011011111 3
11111111011101011 1
11101110111011110 2
11111110011101110 3
11111111111001111 1
11100110011001111 7
11101111111001100 6
11111110111111100 4
11100110111101100 9
11111110011101111 4
01110110111011110 1
11101111011101111 3
11100111111001110 5
11101111111011110 5
11101111011111110 2
11110110111001111 3
11111110011101100 7
11011110011001100 1
11111101111101110 1
11110110011001111 4
11101110011101100 3
11100110011111111 2
11101111111011111 1
01100111111001100 1
11100110011101110 8
11110110011111110 1
11101111111001101 1
11111111011101100 4
11100111111101100 9
11110110111101111 8
11100110010011100 1
11111111111011111 2
11010110111011110 1
01101111011001100 1
11100110011101100 17
11110111011101111 4
11100111101001100 1
11000110011101100 1
11110111010111110 1
11110111111101111 4
11101110011101111 1
11110111111001101 2
11110110111011101 3
11100110011111100 4
11011110101101100 1
11101111111011100 7
11110111111101101 1
11101111011011100 8
11111110111001111 1
11111110111011110 5
11111111001001100 1
11111111011001100 5
11101110110011100 1
11101110011011100 2
11100110111111110 2
11101110011111100 6
11110110010001100 1
11100111011101110 6
11111111111001110 4
11100111111101111 2
11101111111111100 1
11100110101101100 2
11100111111101110 7
11101110011011101 1
11110110001101110 1
11101110111001110 3
11110010111011100 1
11100110011101111 3
01110110011011110 1
10101111011011100 1
11101111011101100 2
11100111011010111 1
11100111011011110 3
11100110011011111 3
11101111101101100 1
11111111011111111 2
11101110111111111 2
11110111111001111 4
11101111011011000 1
11110111011001110 3
11111110011001100 2
11100111011011101 2
11110111111111111 5
11110110111111110 2
11111110111101100 4
11101110001011111 1
11111110111010110 1
11110111111011111 2
01110111111001110 1
11110111011011110 5
11101110011001101 1
11110110111111111 1
11100110011111110 3
11111111111111100 6
11111111111101100 5
11100110111001110 2
11110110101001110 1
11101110111001100 5
11110110111000100 1
11100111011111111 3
11110110111001110 4
11111110111101110 4
11111111011111110 1
11100110111011110 3
11100111111011110 4
11010111011011100 1
11111111111101110 3
11101111011101110 1
11100100011001110 1
11101110011010100 1
11111111011111100 3
11101111011001110 2
11110111011001101 1
11010110011111111 1
11110110011001101 3
11100111001101101 1
11100111011011000 1
11100111011111100 2
01111111011101100 1
11110110010111100 1
11100110110101100 1
11111110001001110 1
11100100111001100 1
11100111011111101 1
11100111111111111 1
11111110111001110 4
11100100111011100 1
11011111011111100 1
11111110101001110 1
11100111111101101 2
11100110010111100 1
10111110111011100 1
11101110010111100 1
11100111111011111 3
11110110010101100 1
01100111111001110 1
11111110011001110 3
11111110111101111 1
11111110111111111 1
11111111011011110 3
11100110001101110 1
11000110011001100 1
11100111111010110 1
11000111011011110 1
11100111111011101 2
11100111101001111 1
11100111001101110 1
11100111011001111 1
11100111111011010 1
11100100111101100 1
11111110011101000 1
11110110011101110 4
11101110111101111 1
01111110011011000 1
01110111111111110 1
11101110001111110 1
11110100111001100 1
11111110011011111 1
11110110111101101 1
11111111011001111 1
11101110101001111 1
11100110011101010 1
11010110111101100 1
11110100111111111 1
11010110111001110 1
11110111101011100 1
11110111001101110 1
01110110011111110 1
11111110011111111 1
11001110111001100 1
11111110011011100 2
11100110111101101 1
11101101011011100 1
11110101011001111 1
11111110111111110 1
11111110101101110 1
11111110001001111 1
10101111111001100 1
11001110111101110 1
11111110011101101 1
11110110101111111 1
11101011111101100 1
11111111111101101 2
11101111111100111 1
11101111011111111 1
11100110011101000 1
11100110011101101 1
10111110111111100 1
11101111111001110 1
11011110011101100 1
11101110011011000 1
11110110011111000 1
11100110001011101 1
11101110111011111 1
11111110110111100 1
11001110111001110 1
11101110011011110 1
11101110011001110 1
11111111011101111 1
11110101111101100 1
11011111011011100 1
11101110001011100 1
01100111011001111 1
01100110111001101 1
01111110011111111 1
11110110101101111 1
11110111011101101 1
11110110011111001 1
11110111011001000 1
11101111111111111 1
11110010011001100 1
11001110111011100 1
11100111001101100 1
11111100011111110 1
11111111011101101 2
01110111111001100 1
11110111010101100 1
01110111111101100 1
11110110101101100 1
11111110111001101 1
01100110111001100 1
01110110111001100 1
