11101110111001101 1
11111010111001100 2
11111111011011110 9
11111110111001110 9
10110100111111101 1
11111010111101111 1
11111011111011100 1
11101001111011100 1
11111111111001100 20
11111111011101100 8
11111011111001110 1
11111111011001111 9
11111111011011111 6
11110111011011111 6
11111011011001100 1
11110110011100110 1
11100110111111111 1
11110111011011100 6
11111110111001100 20
11111110111101100 5
11100010111111111 1
11100110011001110 5
11110110111001101 11
11111100111011100 2
11111110011111101 1
11110111011111111 2
11110111111101110 4
11110110011011110 6
11110100111011111 1
11111010111111111 1
11110110011001111 11
11110011011011111 1
11110110111111100 3
11110111111001111 7
11111111111101111 2
11110111111001101 5
11111010111001111 2
11110010011011111 1
11111010101101101 1
10101111111111111 1
11110111011001100 8
11110110011101100 9
11111110111111100 5
11111111111011100 8
11110111011011110 4
11100011111101111 1
11110011111011100 2
11110011011011101 1
11100011011011111 1
11110111111001100 7
11111111011011100 16
11111011011011110 1
11101011011101111 1
11110110111101111 4
11110110011001101 6
11110110011111110 4
11101110111011100 3
11111111011101110 8
11111011111111101 1
11111010111001110 4
11110111111111110 2
11110111011001110 8
11110011111111100 1
11111111111001110 9
11100111011001111 1
11110111111101100 5
11111110011011100 5
11001010111001111 1
11110111011001111 5
11110011111001111 1
11110110111001111 6
11110110011001100 35
11000010111001110 1
11111110011011111 2
11110110011011100 14
11101110111101101 1
11100111011101111 1
11111111111001111 7
11111111111101100 9
11101110111011111 1
11110111111011100 10
11111110011001110 7
11110110111101101 1
11110010101011100 1
10101011111001101 1
11111111010111111 1
11111110101001111 1
11111111111011110 6
11110110111011110 13
11111111011111111 9
11100110111001111 1
11110010011001111 1
11110011111001100 2
11111111011111100 11
11110110111001100 29
11110110111011111 1
11111110111001101 6
11110110011001110 7
11110110011101111 4
11110111001101100 1
11100110111001100 5
11110110111001110 10
11111110011111110 2
11101110111101110 1
11111110011011101 3
11111100111101111 1
11111110011001100 13
11111111111111110 6
11110111111011110 2
11101111111001110 4
11111111011111110 6
11111111111011101 4
11111111001101100 2
11110110011111100 8
11111111011101101 5
11110110111111110 5
11110010111011111 1
11101111011001111 3
11100110011001111 4
11110011101011100 1
11110100111001100 2
11110110011011101 5
11110101011111101 1
11101111110001100 2
11111111011011101 8
11101111111001101 3
11111100111101110 1
11101111011010101 1
11110111111001110 5
11110111001001110 1
11110111011111110 3
11101110011111110 1
11110110011101110 8
11101111011101110 3
11110011011001110 2
11100111111001100 2
11111110111011100 7
11111110111000111 1
11101110111001110 2
11110110111011100 10
11110111111011111 4
11110110111111111 3
11111111111111100 8
11110110011111111 3
11101100111101110 1
11101111011001101 1
11101110101101101 1
11100110011101110 1
11110101011011110 1
11111110111101110 4
11110110111101110 2
11111110001011111 1
11110111011111100 3
11100111011001100 3
11110011011111100 2
01111111111001110 1
11111111111001101 14
11110111011001101 6
11101110011001100 3
11111101111001110 1
11111111011001100 19
11101110111001111 1
11111110111111101 2
11101111011111111 1
11101111111111100 2
11101111111011101 1
11101111011111100 2
11111111011001110 8
11111101111001100 1
11101111011001100 8
11101111111111110 1
11101110011001110 1
11111111011101111 5
11111110011001111 3
11101111011011110 3
11111010111101110 1
11111110111001111 5
11111110111011110 4
11111111111101101 3
11100110011111100 1
11110010111101101 1
11111111101001100 2
11100111011101101 1
11101111011001110 3
11111111111111101 7
11111111011111101 4
11101111111101100 2
11100110011111111 2
11110100111011101 1
11111110011011110 3
11101110011011101 1
11100110111101100 1
11101111111011110 2
11101110111111110 2
11111110111111110 3
01110010111111110 1
11110110011101101 1
11111110001001100 1
11011111111011110 1
11101111111001100 4
11110110111011101 2
11001111111001100 1
11110111111111101 1
11000111011001110 1
11110101011111110 1
11111010111001101 2
11110010011011110 1
11111110001101100 1
11110110011011111 2
11111110011111100 3
11111001111111110 1
11111111101111100 1
11111011011011100 1
11111111111101110 3
11110010011101100 1
11100111111111110 2
11111110101001100 1
11100110111111100 2
11111110011001101 3
11111110011101110 2
11100110011001101 4
11111011011101100 1
11100110011001100 3
11110100111111100 1
01100100111001111 1
11101111011011100 3
11100110111001110 2
11111110011101111 2
01100111011101100 1
11100110011011100 1
11111111111111111 2
01110111111011101 1
01101111111111110 1
11001111011101111 1
11111100111001110 2
11111110111011111 6
11101111111011100 2
11110111111111100 1
11101111011101111 1
11101110011111111 1
11110111111111111 1
11111110111111111 2
11110010011111100 1
11100110101111100 1
11111110011101101 3
11101101111101111 1
11100111111001101 1
11110110011111101 3
11110110001011100 1
11111110001001110 1
11100100111011111 1
11110110001001110 2
11101111011101100 2
11110010111111110 1
11110110111101100 2
11110101011101100 1
11111111101011110 1
11110110011001001 1
11111110111101111 1
11111101111011111 1
11110100011011110 1
11111110011111111 1
11111101101101100 1
11111110111101101 1
10101111011001100 1
11101010111011110 1
11101110111001100 4
11111111011001101 5
11111111110011100 1
11100011111001100 1
11110111011011000 1
11101111011011101 2
11110111011011101 2
11101111001101101 1
11101111011111101 1
11110011011011100 1
11110111011101100 2
11111010111111100 1
11111010011001111 1
11101110111111111 1
11100111011011100 1
11100110011101100 3
11110110101001100 1
11101111111101101 1
11110110101001111 1
11110111011101110 3
11110110001001100 2
11101110111111100 1
11101111010011110 1
11111100111001101 1
01110110011111100 1
11110011111011101 1
11110100011001100 1
11110100001111100 1
11101111111111111 1
11100111111101111 1
11001110111111111 1
11101110011011110 3
11111010111111101 1
11100111011001110 1
11100010111111100 1
11101110011111100 1
11100110111001101 1
11111010101111100 1
11101110111101100 1
11110011111111111 1
11100110111101111 1
11100110011101101 2
10111111011001110 1
11110010011111110 1
11101111011111110 1
11010110011111110 1
11110100011001110 1
11101110011101110 1
11111111111011111 2
11111010111011100 2
11100110011011110 1
11111110111011101 1
01101111111011110 1
11101110101111111 1
11111110110101101 1
11110110111001000 1
11110010011001100 1
11100110111011111 1
11100110111011100 1
11110111111101101 2
11111011011011111 1
11100011011011100 1
11111110010101101 1
11010110111001110 1
11101110011001101 1
00111110011101100 1
11111110011101100 1
11100101111111100 1
10110111111001100 1
