11100111111111111 3
11110110111111100 12
11110111111011100 7
11111011111101100 2
11111111011111100 4
11111111011101100 11
11110110111001111 2
11101111111011100 26
11111111111101100 28
11110110111001110 2
11111110111101100 23
11101110111101100 12
11110110111001100 23
11111111111111100 27
11111111111101010 1
11111110011111100 8
11110111111101100 12
11110111111001111 5
11100110111011110 4
11110110111101100 11
11110111111111100 9
11100111111111100 8
11111110111011111 2
11111110111001100 27
11110111111001100 10
11100110111111100 7
11111110011001100 9
11101111011011100 5
11110110011101110 3
11110110111011100 15
11110010011101100 1
11111110111111101 4
11111110111011100 21
11101111011001100 11
11101111111101100 21
11111110111111100 16
11101110111011100 22
10101111011001100 1
11110110011001100 5
11100010011101100 1
11111111011111010 1
11110111011101100 6
11111111111001111 5
11111111111001100 32
11111111111011000 1
11111111111011100 26
11110010011111100 2
11100111111111000 1
11101110111101010 1
11110111011001100 3
11111110111111111 4
11101110011001100 8
11111111011001111 3
11111111011011100 7
11101110111001111 2
11111110111001111 2
01101111111111100 1
11110111011111100 3
11100110111101111 2
11111110110011100 2
11101111111111100 18
11111111111010100 1
11101110010111100 2
11111111111101101 2
11100110111001100 10
11111110011101100 8
11101111111001111 4
11100110111101100 4
11100110111011100 10
11111110111011101 4
11011111111111100 1
11100111011001100 3
11101111111111110 3
11111111111001101 4
11100111011011101 1
11101111111000100 1
11101110111001100 15
11111111011001100 5
11101111011101100 5
11101111111001100 15
11110111011011111 3
11110110011101100 3
10101110111011100 1
11100111111111010 1
11101110111111100 13
11101010111001100 2
11100111111011100 11
11111111011011110 2
11111110111111110 6
11110011011101100 1
11101111010001100 2
11111101011101100 1
11101110011101100 7
01111111111001100 1
11011111111001101 1
11001111111001110 1
11101110111011111 2
11100110111101000 1
11111111111011101 1
01111110111111100 1
11111110011001110 2
11111110011100110 1
11101111011111110 3
10100010111111100 1
11110111011111111 1
11111110011011111 2
11100111011111100 2
11101110011111000 1
11100111111101110 5
11100111111001100 7
11110111010111100 1
11101111011011110 1
11111111111101110 6
11110110111101111 3
11110110011011100 3
11001111111011100 1
11100111011110100 1
11101111110011100 1
11100110011011100 1
11111110111010100 2
11100010110001100 1
11111110011011100 10
11001110011011100 1
11111110111101110 4
11111010111111100 1
11111111111111101 3
11110110111011101 2
11111111111111110 4
11111111011111110 2
11111111111001110 7
11100111111011110 5
11101010011101100 1
11101010011001100 1
11110110111111101 2
11101110011011100 4
11110110011111100 2
11111010111110111 1
11100010010011100 1
11110110001101100 1
11111011011001100 1
11111111111011110 5
11110111011011100 2
11110010111101110 1
11111111111111111 3
11111110111000100 1
11101110111111111 3
11101011111011100 1
11111110011111010 1
11110110101001100 1
11100111111101100 3
11001111111001100 1
11101110011011101 2
11101110111000100 1
11101110101111100 1
11111010111001110 1
11100110111011111 1
11101111011111100 3
11110111111111101 1
11101110011101110 1
11110011011111111 1
11101010111111110 1
11101011111001100 1
11101110111111110 1
11101111111111000 1
11100110111111110 2
11011110011101110 2
11101111111111101 1
11101110011111100 1
11101111111011101 2
11111111111110110 1
11101111111011110 3
11100110011111100 1
11110100011001100 1
11100111111011111 2
11100110111001110 1
11100110111111111 3
01111110011101110 1
11101111011001110 2
11100111111111110 1
11101111111001110 3
11100110011011111 1
11101110111011110 6
11101110011001101 1
11100110011001111 1
11101111111101110 3
11101110111101110 4
11101011111011111 1
11101111111011111 1
11101110111001110 2
11101111111101111 2
11110110111101110 3
01101110111011100 1
11101110111101111 2
11111111011101111 1
11101011111111110 1
11101110011011111 1
11111110111000111 1
11111110111101111 1
11110100011111110 1
11110111011001101 1
11110111111001110 2
11110110111111000 1
11110111111011111 2
11001111111101101 1
11110111110011111 1
11110111011101110 1
11110110011111110 1
11111010011101110 1
11110110011001111 1
11101111111001101 1
11101110111111101 4
11110110111011110 3
11111110111011110 4
11101110011001111 1
11110111111111110 1
11110011011001110 1
11101111111111111 1
11110111111111111 1
11101111111110111 1
11101110111001010 1
11101110111111011 1
11010111011111100 1
11011110011111110 1
11100111011011110 1
11100110011001101 1
11101110111001101 1
11111110011100100 1
11101110011111111 1
10111011111011110 1
11111110011101111 1
11100110111001111 1
11100111011001111 3
11110111111101111 1
11110110110011100 1
11100111011011100 4
11111010111101101 1
11111011011011110 1
11111111101111100 1
11110110111110100 1
11100111111001111 1
11001111011101100 1
11100111111111101 1
11101111101011100 1
11111010111001100 1
11111111011111000 1
11111110011001010 1
11111110111001101 1
11101110111010100 1
11101010111011100 1
11111111110101101 1
11101011111111100 1
11101110011011000 1
11111110111110100 1
11101110110001100 1
11110110111100100 1
11100110111101110 2
11111101111011100 1
11100110011101100 2
11011111111101100 1
11100111011101100 1
11010110111011100 1
11101010111111100 1
11101111011101101 1
11101110011000100 1
11101111011101000 1
11101110011111110 1
11001111111101110 1
11110110111000110 1
11111110011111110 1
11111111111011111 2
11101010111001111 2
11110111111011110 1
11100011111001110 1
11101110111101011 1
11111011111001110 1
11101010111011110 1
11101111111101000 1
11111110011111111 1
11110110011111111 1
11100111111110111 1
11110110110001100 1
11011111011101110 1
11111110011101110 1
11110110111111110 1
11110011111101100 1
11110111011011000 1
11111110010011111 1
11100111110001100 1
11111111111111010 1
01101110111001101 1
01111110111001111 1
11111111111101111 1
11111010111001101 1
11111111011101101 1
11010111111111100 1
11111111111001011 1
