11101111011011100 6
11111110011001100 14
11110111011111111 2
11100110011111100 4
11110111011001100 9
11110110011011100 21
11110111011111100 10
11101110011001100 5
11110110110001100 1
11111111011111100 7
11110110011111100 8
11110111111011111 4
11101110011111100 5
11111111011111111 4
11110110111011100 11
11110111111011100 14
11100110011101100 2
11100110111001100 3
11110111111111100 13
11111111111101100 9
11110110111101110 4
11011111011001111 1
11111101111111100 1
11110110111111100 6
11111110111111100 16
11111110011011100 18
01100111011101101 1
11111111111001110 3
11110111011101101 3
11111111111011100 23
11100110111001101 1
11100111111111100 3
11110110111110100 1
11110110111001100 8
11110111111001110 5
11111110111011111 6
11111110111011100 15
11110111111101100 10
11111100011111100 1
11110110011001100 13
11111110111101100 9
11110110011101100 9
01110110111011100 1
11111111111001100 11
01100110011111100 1
11101111111111100 2
11101110111111100 3
11111111011001100 5
11100111111011100 4
11110111111001100 12
11110010111011110 1
11101111011001100 2
11111111111011111 7
11111110011101100 5
11100110011001100 1
11101110111101100 3
11111111111111100 10
01101101101111100 1
11111111011011100 8
11101111111011100 7
11111111110001110 1
11111111111001111 6
11111111110001100 2
11111111111101110 2
11110111011011100 21
11101111011111100 3
11110110111101100 10
11111110111101111 1
11101110111011110 3
11100111010111100 1
11101110101101100 1
11111110111111111 3
11111110111001101 1
10110110111011100 3
11111110011111100 10
11100111011011110 2
11110111110111100 2
11110111010001100 2
11101110011011100 9
11111110111001100 13
11101010011011100 1
11100111011011100 3
10101111011111111 1
11111101111001100 1
11110101110001100 1
11110111011101100 8
11111110111011110 5
11110110111011110 7
11110111010011100 2
11111101111101100 1
11110111011011101 2
11100111111101100 2
11110101111011100 3
11110111101101100 1
11111110010101100 1
11110110010011100 1
11110110011111111 3
11110111010101101 1
11111111110001101 1
11110111111001101 3
11110110011001111 3
11110111110001100 2
11110110010111100 2
10110110111111100 1
11110011111011100 1
11111111110101100 1
11110100111001100 1
10111111111011100 1
11111110110011100 2
11110100011011100 1
11110111111111111 2
11101111111011101 1
11100110111101110 2
11110110111111110 2
11110111111011101 2
11111110111111110 3
11100110111011100 4
11110110111011111 5
11111111010011111 1
01110110011111111 1
11110111111101011 1
11101111101001100 1
10111110011001110 1
11110110110101110 1
11110110011101101 2
11111111110001111 2
11110101011001110 1
11110110011011111 4
11100111011111111 1
11111110111101110 4
10111111111111110 1
11001111011101111 1
11111110100111111 1
11100111111111110 1
11111111111001101 7
11111111011101100 5
11111110110111101 1
11110111110101101 1
11101111011001110 2
11101111010011111 1
11100111011101110 3
11111111010011101 1
11110111011011110 3
11111110011001101 1
10100110011001111 1
11111010111111100 1
11101010011001100 2
11110110111001101 3
11100110111011111 2
11111110110101101 2
11111110011011110 8
10111110011011100 1
11110110011011101 4
11110111011101110 1
11111110111111101 3
11110111111011110 5
10100111011101111 1
11111111110101110 2
11110110010101110 1
11110111011101111 3
11110111111111101 1
11111111011011110 5
11100110011111111 1
11110000111011110 1
11110110011001110 4
11111111111011110 1
01111110111111110 1
11111110110011111 1
11101111111001101 1
11100111111011111 3
11101111111011111 3
11101111111011110 2
11111111010111111 1
11100110010011100 1
10110111011111110 1
11111110011011111 3
11100110011101101 2
11110111011001101 1
10100110001111110 1
01111111111011100 1
11100110011001110 3
11001110011011011 1
11100111111001100 6
11110110101011100 1
11110110110111110 1
11110111111111110 2
11111111011011111 8
11110111110011111 2
11110111011111110 3
11111111011111000 1
11111110111001111 5
11110111011001111 5
11111111111111101 1
11111111111101111 4
11111110011001110 3
11111101111011110 1
11101110111101110 1
11110101011101100 1
11110111001001111 1
11111110110011110 2
11111110011011101 1
11101110011101100 2
11110110111101111 2
01110111011111110 1
11101110111011111 3
11110110011101111 3
11110111011001110 1
11100110111110100 1
11111111011111110 1
11100110011011110 2
11101110011111111 1
11100110111011110 3
11101111011001101 2
01101110111001100 1
11101111110101100 1
11000010011001111 1
11101111011111110 1
11110110011101110 2
11101110110111100 2
11110111111100110 1
11111111111011101 3
11111111011001101 1
11110110001111100 1
11110100011001111 1
11100110011001111 2
11110111111101101 2
11111110011101110 5
11101111011011111 1
11111011011011100 1
11110111111101110 2
11111111111111110 7
01110111111001111 1
11111111011001110 4
11100111011001111 4
11101110111101111 1
11101110011001110 4
11000111111001111 1
11101110111111111 1
11101111111101111 1
11100111111011110 3
10100110111111100 1
11100110001101101 1
11111110010011111 2
11110111110001111 1
11101101111011100 1
11110110110011100 1
11111111101111100 1
11111111011001111 2
11100111111101110 2
11101110011101110 1
11100111111001111 2
11101111111001110 3
11110110111001111 3
11100110011010110 1
11101010111011110 1
11110101111001111 1
11110110011111101 1
10110111111101111 1
01101111011011111 1
11110110111110111 1
11110110111111111 4
11111100011101111 1
11110110110101111 1
11110110110111111 1
11110110011001101 1
11111110011001111 1
11110010011011111 1
11100111011111101 1
11100111011011101 1
11100100011011100 1
11101111011101100 3
11101110110001100 1
11100111011001100 2
11110110111001110 3
11101100011101100 1
11100110011011111 2
11111111111111111 2
11101111011101011 1
11111111010101110 1
11111100111011100 1
11101111101101110 1
11110111111001111 4
11111111011010101 1
11100111010011110 1
11111110011101111 3
11111011111011111 1
11100110111001111 1
01110111011001100 1
11101111011011110 1
11110111110001110 1
11111011011101100 1
11111110011111000 1
11111111110011110 1
11111110011111111 1
11110101011011100 1
11101111111001111 1
11111111010011100 3
11110111010101100 1
11111110111101101 1
11110110011111110 1
10100111111011111 1
01100111111011100 1
11111110111001110 2
01111111111010100 1
11110011111011110 1
11110111111000111 1
11100111111111101 1
11110111010011101 1
11100111011101100 3
11111111111000100 1
11111110011111110 3
11111111010001110 1
01110111011111111 1
11101111111101100 2
11111110110001111 1
11111101010001111 1
01101110111001111 1
11110111010001111 1
11111111111111011 1
11111100011011100 1
11100111110101100 1
11101110011001111 1
11100111011111100 2
10101110111001110 1
01101110110111100 1
01101111111101100 1
11110100011101100 1
11110110110011111 1
11110111110011101 1
11101101011001111 1
11111101011001110 1
11110101011011110 1
11101110011011111 2
11100110111111101 1
11110101111101110 1
11011111111011111 1
11110111111010101 1
11011111111001100 1
11110110011111010 1
11100100111101111 1
11101111110011100 1
11110010111111100 1
01101111110111110 1
11110110101000110 1
11111101111111111 1
11111101111011100 1
11111110111110100 1
11100110111101010 1
11000110111101101 1
11111111111101101 1
11101110111111110 2
11101110011010100 1
11111110010001100 1
11001110111101110 1
11110110101101100 1
11110010011001110 1
11111110110111100 1
11111111011101111 2
11101110011011101 1
11110110011011110 2
11101111011101111 1
11101110111001100 1
11100100111111100 1
01101111111111010 1
11100111011110100 1
11101110011011110 1
11100110011011100 1
11110111010101111 1
11110111011101000 1
11001100101011100 1
11111111011111101 1
11110110111011101 2
01111100011111110 1
10101111111011100 1
10101111011111100 1
11110100111101101 1
11101110110101100 1
11111011011101101 1
11111110010011100 1
11101101111001100 1
11111111011110110 1
10111110011001100 1
11110111001011110 1
11111110111011101 1
11110011010011110 1
11111111010001100 1
11111111101110100 1
11111100111111100 1
11100111011101111 1
11000110111001111 1
11101110111000110 1
11101011111111100 1
11110101011100100 1
11110111001001110 1
11101110110011100 1
11111111111101010 1
11111010111101100 1
11001111011001101 1
11101111111001100 1
11111101111001110 1
