11101111011001100 6
11101111111100100 1
11100111111011101 1
11100110111001110 4
11111111111001110 4
11100110111101100 3
11111111111001101 5
11110110011101100 4
11101110011000100 1
11111111011001111 5
11111110011001111 8
11111111011001100 12
11110110010101110 2
11100111011111111 1
11110111111101100 9
11110110011001100 8
11111110011101101 4
11101111011101110 3
11111110011111111 6
11100111011111110 3
11110111111111111 5
11101111011111110 6
11111111111101110 7
11101111011001101 1
11111111011111110 5
11100110011001110 3
11110111111101101 3
11110110111001100 10
11110111111111100 8
11100111011001100 7
11111111111001100 8
11100011111001110 1
11111111111111110 2
01110110011111111 1
11101110111001100 12
11100110111011100 4
11101110011101101 2
11110111011111100 5
11100110011111110 1
11110111111001100 13
11111111111101101 9
11100111011101110 5
11111110011111100 8
11110111011001110 10
11100111011011110 3
11110110011101101 3
11110111011001100 10
11111110011101111 3
11111110111111110 1
11101110011101110 9
11110111011101100 14
11110110111101100 6
11111111011101100 7
11111111010001111 1
11101110111001111 8
11111110111001110 8
11111110011001100 13
11111111011011100 3
11101111111001110 7
11100110111001100 7
11110111101101100 1
11101111011001110 4
11110110111101111 4
11101110011111110 6
11110110011111110 3
11100110011111101 1
11111111011101111 6
11101110011001111 3
11110111011111110 6
11110111111111110 4
11100110011101110 4
11100111110001100 1
11100111011101111 3
11111110111011100 3
11111110011001110 8
11100111111001100 13
11111110011111101 5
11101110111101101 4
11111111011111100 10
11101111111001100 2
11110110111001110 6
11111110011011100 4
11101110111101100 4
11100111111101110 7
11100111011111100 4
11101111011111100 7
11111110010001100 1
11111110111100110 1
11101100111001100 1
11110110011101111 6
11110110111111100 5
11111111111111111 2
11101111111001101 3
11110111011101111 3
11100111011001110 9
11111110010111111 1
11111111010111110 1
11101110011111100 2
11100111011101101 4
11100110111111110 4
11100111010011111 1
11110110011111111 3
11101111111101100 7
11110111011111111 1
11010110011001100 1
11110111001111100 1
11101110111011100 4
11101011011011110 1
11101111111101101 1
11110111011101110 9
11100111111101111 5
11101110011001110 3
11101110010111110 1
11100011011111100 1
11101110011111111 3
11111010110111100 1
11111111111101100 4
11111010011101111 2
11110111111011100 4
11100110011111111 3
11101110011101100 8
11110111111011111 1
11101110111001110 10
11111111111011110 1
10101111011101100 1
11111110111011111 3
11101100111001111 1
11011110011011100 1
11101011010011100 1
11100111011001111 4
11111111111111101 1
11101110111111110 3
11111101111001101 1
11110111111001110 7
11100111011001101 3
11100111111111101 3
11110111111101110 3
11011111011001100 1
11110110111000100 1
11101111011101100 3
11110110111011100 3
11100111111011111 1
11110110011101110 3
11111111111001111 2
11100111111101100 5
11011110111011110 1
11110110011001101 1
11101111111111110 3
11100111011101100 6
11111111011111111 3
11100111111001110 14
11101111011111111 2
11100111111011110 1
11101110011001101 3
11110110011111101 2
11110110111111111 2
11100111011011100 1
11100111010101101 1
11110111011001111 7
11101110010111100 1
11101110110111110 1
11110111011011111 1
11110110111001000 1
11111110111001111 5
11100111111011100 3
11111111011110101 1
11101011111001101 1
11110110111010100 1
11001110011101100 1
11101111111101110 2
11110111011011100 4
11100011011001110 1
11100110111101111 4
11100111011100110 1
11110110111001010 1
11111110011111110 2
11100110011111100 8
11100111111001101 5
11110110011111100 3
11101110001101111 1
11101111011011100 3
11111110011101110 3
11111110111101100 4
11111110111111100 8
11100110111001101 2
11100110111111100 4
11101111011100100 1
11100111111111110 1
11110111111010111 1
11111110111001100 14
11110111011100100 1
11111110111101110 7
11101110111101110 5
11101110111001101 3
11110110011011100 1
11100111010101100 1
11100111110111100 1
11101111011101111 1
11100110010001110 1
11101111111011111 1
11101110011001100 9
11101111011011101 2
11100110011001111 1
11010110111111100 1
11100011111001100 1
11101101111001101 1
11111110011011110 2
11101111001101100 1
11101111111101111 3
11110110111111110 5
11101100111101110 1
11100110011001100 8
11100110011011100 1
11111111111101111 1
11111101011001111 1
11111110110101110 1
11110110011001111 1
01111111111001110 1
11101111111001111 4
11100110011011110 1
11101111011111101 1
11110100011101111 1
11100110001011110 1
11110110011001110 4
11101111010001100 1
11110110011101011 1
11101110011011110 2
11111011111101100 1
11111111011101110 2
11100110011101100 1
11111111111111100 8
11100110110111110 1
11111111010101100 1
01110110011001100 1
11101110111101111 3
11101110001001100 1
11111110111001101 3
11101110110111100 1
11101111010001111 1
11111010011101100 1
11100111111001111 2
11100100111001100 1
11100111011011101 1
10111110011011100 1
11110111111110101 1
11101111011011110 2
11101111111111100 5
11111010011111100 2
11101110011101111 2
11100111111111100 6
10101110011001100 2
11111110111011110 3
11111110111000100 1
11101110010101111 1
11110111111011110 1
11110111010111111 1
11011110011011110 1
11111110010011100 1
10100110011011101 1
11010100011101100 1
11111111011001110 5
11101111111111111 2
11100110011001101 1
11101110111111111 1
11111010011111101 1
11111011111001100 1
11100111111001001 1
11100111010001110 1
10100110111111100 1
11110101111111100 1
10100111111111110 1
11101111011001111 3
11100110011110111 1
11100110110011101 1
11110110111101101 1
11101010011101100 1
11101100011001100 1
11110111111101111 1
11111110111111111 2
11110110111101110 2
11110111011111101 1
11101111011101101 1
11111111011001101 2
11100110011101111 2
11111111011111101 2
11100111011111101 1
11110110111001101 1
11111110011101100 4
11100100011111100 1
11110111010001100 2
11110110010111110 1
11100110111000111 1
11100111110001110 1
11111110011001101 1
11110111101111110 1
01101110110001110 1
11111111001101110 1
11111111110001111 1
11110111111100111 1
11111111111011100 1
11111110011011111 1
11111110101001110 1
10100111011001100 1
11101110010111101 1
11101110011111101 3
11111011011101100 1
11111110110001111 1
11101111111011110 1
11101110110001100 1
01110111011101100 1
11101111111011100 1
11110111111011101 1
11110011011111110 1
11111111011011101 2
11110010011101100 1
11111111111011111 3
11110011011001110 1
11010111111001100 1
11101110011011100 1
11111110111011101 1
11110111011001000 1
11111110010101110 1
11111011111111111 1
11111100011111100 1
10101111010101100 1
11110111011000100 1
11111101011011110 1
11101111111000100 1
11111110111101111 2
01110111011001100 1
11100111111101101 1
11100111010101110 2
11101100111101100 1
11110111011000110 1
11110110111011110 1
11100110010001100 1
11100100111101100 1
11111111011011110 1
11100110111111111 3
11101110111111100 1
11110111111001111 1
11111111111011101 2
11011110111001111 1
11111101111001100 1
11100111011001000 1
11111111110111110 1
11110011111001110 1
11111100011001110 1
10111110011001100 1
11101010111011100 1
11110011111011111 1
11101010111101110 1
11101101111001100 1
11101110111111101 1
11100111111111111 2
11111011111011100 1
11001110111001111 1
11111111111000100 1
11110111011101101 1
