11100111011111100 4
11111110111001100 11
11110110011001101 1
11101111111111111 13
11111111011011110 4
10111111111101111 1
11101111111101111 4
11111111011111110 3
11110111011111100 5
11111110111101110 6
11110110011111100 1
11111111111101111 10
01111110111011101 1
11111111111101101 2
11111010111101111 1
11111111111101110 13
11111110011001110 1
11111110111011110 5
11101111111001100 9
11101110011011100 5
11111111101111100 3
11110111011011101 1
11001111101101101 1
11111111111011100 18
11101110111011110 13
11111110011111100 4
11100110011011110 1
11110110011101111 1
11101110111011101 1
11101110111010100 1
11101110111011111 5
11111110111001110 2
11111110111101100 7
11100111111111110 8
11110111111111100 4
11101110111101100 8
11111110011011100 3
11111111111111100 9
11111011011111100 1
11101110011001110 2
11101110111001100 8
11101110101011111 3
11111111011101100 6
11101110111101111 5
11111111011101110 2
11101111111011110 12
11111010011101111 1
11111111011001111 6
11111010111111100 2
11111110111011100 11
11101111111001110 7
11100110111001100 3
11101111111101110 6
11111110111101111 7
11110111011001110 1
10111110001101110 1
11101110011011111 2
11110111011101111 1
11101111011011110 3
11111100111001100 1
11111111101001111 2
11101111111011100 9
11111111111011111 6
11101110111111110 5
11101110011011110 1
10100111111111100 1
11110110111011111 6
11111111011011111 2
11100111111111111 1
11110110111101101 1
11111110011111110 3
11110110111001100 3
11111111111001100 7
11110110111011100 3
11111111111111111 5
11101110011101110 4
11101111011101111 3
11101110101001111 2
11111111011011100 5
11100111001101100 2
11111110111011111 9
11111110111111111 6
11111111111111101 2
11111110011001100 6
11110110111101100 4
11101110011111100 5
11111111001011100 1
01101111111001110 1
11101010111001111 2
11111110101011100 3
11110110101111111 1
11110111001101111 2
11101110101111100 4
11111111001001110 1
11111011111101110 1
11101110011111111 4
11101111111111110 6
11111110111001111 5
11110110111111110 5
11111110111111100 13
11111111111101100 17
11101111111111100 10
11101110111011100 8
11111110101001111 1
11101111111101100 9
11101011011101111 1
11110111101001110 1
11111110011011111 5
11100110101111111 1
11111110111011101 1
11111110111111110 11
11111110011011110 3
11111110001101110 1
11101110111001110 7
11110110001111110 1
11101110111111100 7
11100110111111110 3
11111110011111101 2
11111111011111101 1
11101111011101100 2
11100111011101100 3
11111111101001110 1
11111110001011101 1
11111111101101100 1
11101111111011111 6
11111111011011101 1
11100010101111100 1
11101110011111110 3
11111111101001100 4
11100110111001110 4
11110111111011110 4
11101110011001111 2
01101111011011111 1
11111110011101100 3
11101111101111101 2
11111111101111110 2
10100111101011110 1
11101111011111101 1
11111111101011110 1
10100011111101100 1
11101011111011110 1
11111101111011110 1
11101110111011000 1
10100111111011101 2
11111111111001110 6
01101111101101100 1
11110111111011100 3
11100111111111100 7
11111110111101101 2
11011111101111111 1
01100110111111111 1
11111111101011100 4
11100010001011111 1
11101111101001110 2
11101110111101110 4
11101110011101100 2
11111111011111111 4
11110110111111111 4
11101111101101100 1
11110110011011101 2
11110010111111101 1
11101111011111100 6
01100111111101110 1
11110111111101111 4
11111110001101111 1
11110111111101110 5
10100110001101100 1
11110110101001100 1
11111111111001111 5
11111111101111001 1
10110110111011100 1
11110110011111111 3
11110110011111110 6
11100110011111110 3
11101110001101111 1
11100110111011111 1
11101110111001111 5
11101110101111101 1
11110111011011110 2
11100111011011111 3
11100110101011100 2
11101110101001101 1
11110111111101100 2
11100111111001100 2
11111111101101111 1
11110110011011111 2
11101110011001100 2
11101110101011100 1
10101110011011100 1
11101111101011110 1
11100111111011110 6
11101111011011011 1
11110111111001100 5
11100111011111110 4
11111010011001111 1
11100110011011100 2
11111110011111111 1
11110110011101100 2
11101111011001111 2
10100111011111100 1
01111110111111100 1
11100110011101110 2
11111111111111110 4
11110110011101000 1
11110111110001111 1
11111110011101111 1
11101111111110100 1
11100110011011111 3
11100111111001110 2
11100111111011100 3
11110111111111110 2
11101110011001000 1
11101110101011000 1
11110111101101111 1
11100110111111100 3
11111110101111110 1
11111111001001100 1
11100110001001100 1
11110111101001111 2
11101111011001110 4
11110111101101110 1
11100110001101100 1
11111111111011101 2
11101110111111111 4
11111111011001110 2
11100111101001110 1
10100110111101100 1
11101110011101111 1
10100110111011101 1
11100111111001111 3
11101111111010100 1
10101111111001101 1
11100110111111111 4
10101111111111110 2
11110110111101110 5
11100111001111110 1
10111110111101110 1
11111110011101110 1
11111111111001000 1
11111110010101111 1
01100111011011110 1
11101111101011100 4
11100111111101111 2
11101111110001110 1
01110111110101110 1
11100111101111110 2
10111111011101111 1
11111110111010100 1
11110111101011110 1
11110110111011110 1
11101110101111110 1
10101111101101110 1
11111110110011101 1
11101111101111111 1
11101110101001100 3
11111110110110110 1
11110111001010100 1
01101110101111100 1
11100110011111100 2
10100111111101110 1
11101110110101111 1
10100111011001100 1
11111111101011111 1
11100111001011100 1
11111110101011110 1
01101110111011111 1
11111010111011100 1
11111111111011110 3
11100110111011100 3
11100111111101100 5
01110111111011000 1
11110110111001101 1
11100111111011111 2
11110110001011111 1
11101010011111111 1
01111110011101100 1
11101111011101110 2
11111110111001101 2
11101110011110110 1
11100110011101100 2
11101111011111110 6
11101111111001111 1
10111111011111111 1
01101110111101110 1
11101111011111000 1
11110110111111101 2
01110111111101110 1
11111111011111100 2
11100110111101111 2
11100110111101110 2
11101110111101101 1
11101110011100111 1
00101110111001100 1
10101110101111100 1
11100111011001111 1
11100111111011101 1
11110110011011100 2
01101110101011110 1
01111110011111100 1
11111111011001001 1
11111100111011100 1
11100111011011110 1
11100111011011100 2
11101011111111111 1
01101111011111111 1
11110010011011100 1
10111010101101110 1
11101111001001111 1
01110110011011111 1
11101110111011011 1
11110110111010100 1
11101111011111111 1
01100110111111110 1
11111110001011100 1
11110110101001111 1
11110110101101100 1
01101110011011010 1
11110110111101111 2
11111010101011100 1
11110111001011100 1
11100110101101111 1
11110111101011111 1
11101110101001110 1
11101111001011100 1
11100010011101111 2
11100010101111110 1
11110110101001101 1
11101111001111100 1
11101111001101100 1
11100111101101111 1
10110111011001011 1
11100110010001100 1
11111011101001110 1
11101110101101110 1
11100111101001100 1
01100110111101111 1
11101111111011101 2
11101110101111111 1
01111111111101110 1
11110111011111110 1
10111111101111100 1
11110110101011111 1
11100110111101100 2
10111111111011111 1
01111110111101100 1
11111011001011100 1
11110111011111111 1
11110110111111100 2
11111010111111111 1
11100110011001111 1
11110011111001100 1
11110111011001100 1
01101110011011100 1
11110111111001110 2
11110111111001111 1
01110111111111110 1
01101111111111100 1
10111111111111111 1
01111111111011101 1
01101110011001100 1
11100010111111100 1
01110110111101111 1
11111111011101111 1
11111111110011111 1
11100110001011111 1
11100110011101111 1
01101111101111111 1
10101110111011110 2
10101110111101110 1
01101111111111110 1
11110111111111111 2
11110111011011111 1
11100111101101100 1
11101111011001101 1
10100110111011110 1
11100011111111100 1
11101111111111101 1
11111111011001100 1
10101110011101110 1
11100111011101111 2
11110110111001110 1
10111111111101100 1
10101110111001100 1
11110110101110100 1
11101011011001110 1
10110110011101100 1
11110110111001111 1
11100111011111111 1
11111011011011100 1
10101111111011110 1
11100111101101110 1
11111110101011111 1
11100110101111100 1
11101110001011100 1
11101110110001110 1
11110111001101110 1
01111110111011100 1
01111111111011100 1
11101111001001101 1
11100110011111101 1
11101110101101100 1
11100111011011101 1
11101110001101100 2
11100111011001110 2
11101110011111101 1
11111010111011111 1
11111110101101100 1
11101111011011100 1
11111010011111100 1
11101110111101011 1
11101111110111111 1
11110110011101101 1
10111111101001111 1
01101111111001100 1
11101011111111110 1
11110111011011100 1
10111110011111100 1
11101010001001100 1
11110111011001111 2
01100111111001100 1
01101110001101100 1
11100010001101100 1
11101110101011110 1
11101110011011101 1
11001110011111111 1
01110111111001111 1
11100110011001100 1
11110111111001101 1
01110111111101100 1
11101111101101111 1
11111110001111100 1
11110111111011111 1
11101111101111100 1
11110111001101100 1
11100111110011100 1
11100110110101100 1
01110111111011111 1
11100111111101101 1
11101101111011100 1
11101111011001100 1
