10101111011011110 1
11101111111101110 2
10101111111111110 2
11101110111101100 4
11111110011111111 10
11110111011011111 6
11110110011111111 7
11110110011011100 10
11111110111001100 13
11110110011101111 2
11111111111011111 8
11101110011011111 1
11101110111001110 1
11111110111101111 4
11111110011101110 4
11111110111011110 7
11101110111111110 4
11111111011001110 5
10111111011011100 1
11101111111011110 4
11111111011101100 16
11100110111011110 2
11111110011101100 16
11101110011011110 5
11111110111001111 7
11101111011111110 5
11101110011111100 3
11001111011011110 2
11101110011101100 4
11101110111011100 6
11100111011111100 2
11110111111111111 3
11110110111111111 3
11111110011011100 36
10111111011001100 1
11111111011011111 14
11110111011111111 3
11100110011011111 1
11111111011111100 18
11111110011111110 8
11111101011011111 1
11111111111101110 3
11111111011100110 1
11100110111111111 1
10101111111101111 1
11101110111011110 2
11110111111001111 4
11101111011011110 2
11111110111011100 21
11111110011011111 8
10111110011101110 1
11111111111111100 18
11110111111001100 3
11110110111011110 4
10101110111111110 1
10101111111011110 1
11110111111101110 2
11111111011111111 10
11101110111111111 2
11111111011001100 13
11111111011101111 2
11111111111111101 5
11110110011011111 7
11101111011111111 3
11101110111001111 3
11111111111101111 3
11111110111001110 3
10101111111011100 2
11111111011011100 27
11111111011011110 20
11111111111011100 24
11111111111011110 10
11101111111011111 1
01110110111101111 1
11101111011011111 8
11001111111111100 1
11110111111101100 6
11111110111111111 7
11111111101101111 1
10101110111011111 1
11111110111011111 11
01101111111001110 1
10101111111001110 1
11111110011111100 29
11101111011001110 2
11111111111001111 3
11111111011101110 8
11101110111011111 1
11111110011001111 6
11110110111011111 4
11110111111011111 5
11110111011111110 3
11111110111101110 4
11111110111111110 7
01101110111011110 1
11111110011011110 10
11110111111001110 5
10101111111011111 2
11101110011101111 4
11110100111111110 1
11111111011110110 1
10101110011011100 2
11110111011001110 2
11111110111111100 12
11111111111111010 1
11110111111101111 2
10101111011111100 1
11101110011111110 6
11111111111101100 13
11111111111001011 1
11110101011001110 1
10100111111001100 1
11111111111001100 9
11101111011011000 1
11101111111111100 3
11110111111011100 8
11110111011111100 16
11110110111111100 7
11110110011001111 2
11111010011001111 1
11111101011011110 1
11110110011101100 5
11110011111111100 1
11111110010011110 1
11111111111111000 2
11110110011111110 5
10101111011101110 1
11101111011101111 1
11101111011111101 1
11111111111111111 11
11111110111101100 7
11111111011101101 1
11111110011101111 7
11110111011011100 16
11111110011001100 9
11101110111111100 2
11110110111001100 2
11111111011011101 3
11111111011111110 7
11110111011101100 5
11001111011011111 1
11111110101011110 1
11100111011011110 3
01101110111011100 1
11110111111111100 5
11101111011011100 3
11110110011111100 8
10110110111001110 1
11101111011111100 7
11110111011111101 2
10101110111011100 2
10101110011111100 3
10101111110001100 1
11110111111011110 2
11101111111111101 1
11100110011011110 1
11111100011011100 2
11101111111011100 3
11111111111000100 1
11111111111001110 6
11111111111011000 1
11110110111011100 3
11111111111111110 6
11101111011010100 1
11101111011101100 3
11000111011101100 1
10101110011001100 1
01100111111011100 1
11111110111000100 1
11100111111111101 1
11100110111111100 1
11100110111011100 2
11111110111111101 1
11110010111011110 1
11110110011011110 7
00110111011111100 1
11011110011001110 1
11101110111001101 1
11111111111010110 1
11110111111111110 5
11111111011001111 2
11110110111101100 8
11110110011111101 2
11110111011001100 4
11101110011111101 1
10101110111111101 1
11110110111101111 2
11010111111101110 1
11110110011001110 2
11110111011001111 2
01111110011111110 1
11110110111111110 1
11110110111001111 1
11100111111011100 2
11010101011111100 1
11101101111101110 1
11111110011010111 1
11110111011011110 1
11101111111001100 4
11010111111011100 1
11101111011010110 1
11101110111001100 1
11111110011011101 3
11111101111111100 1
11100110011101110 1
10110111011111100 1
11111110011001110 2
11101111111101100 2
11111010011011100 1
11001111011011100 2
11111100111011100 1
10110111111111110 1
11110110111111011 1
11110110011101110 3
11110101111101101 1
11100110011101111 1
11111111011111101 4
11001110011111100 1
11101110011011100 5
11111110011101101 1
11000111011011111 1
11101110011100100 1
11111110011001101 1
11111110111101101 2
11101110111101110 1
11010111011001100 1
11111110001101100 1
11101111111101000 1
11110101011101100 1
11110110011011000 1
10100111111011100 1
11111101011001100 1
10101111011001110 1
11111110111110100 1
11111111011000110 1
10111110011011100 1
11110110011001100 3
11111110011111011 1
11110110011010110 1
01101111111101100 1
11101110011111111 1
11101110111111000 1
11011111011101111 1
11101101011011111 1
11111101011011100 1
11101111111101111 2
11111111111000110 1
11110100111000100 1
11101110011001100 1
10101111011001111 1
11101010011111110 1
11111101111001111 1
11100111011011100 1
11111110101111100 1
11110100011111100 1
10101110111001111 1
11110100011001110 1
11111100011111100 2
11100110011111100 2
11111110010011000 1
11101110111101111 1
11110110011011101 1
11111110011110111 1
11101111011001111 1
10110111011011100 1
01100110111111100 1
11111110011111101 3
10101111111101100 1
10101111011011100 1
11100111001001100 1
11101111001111100 1
11100110011011000 1
11110011011111110 1
10101110111111100 1
11101111111011101 1
11100111011111110 1
11101111011001100 1
11101111111111110 1
11111111111101101 2
10111110011011110 1
11101101011001110 1
11110111011001101 1
11111110010011100 1
10110111111001110 1
11100111011111111 1
11111110111010111 1
10101111011111101 1
11100101011011111 1
11100111111101100 1
11101110011001011 1
11001110011001101 1
10101110011111110 1
11111010011111100 1
11111111011011011 1
11101110111111101 1
11111110011111001 1
11111110111100100 1
