number of shots: 1024
more frequency result: 11111110111101111
11101110111101110 9
11111110111111101 12
01110110011111101 1
11111110011011110 2
11101111111001100 2
11110011111101100 1
11111111011011101 5
01111111111101110 1
11111110011111111 7
11111111111001110 12
11101111111101100 6
11111110111101101 7
11110110011101111 2
11110111111101101 6
11101111111001111 1
11111111101001100 3
11111110111010101 1
11111111011111101 6
11101111111001101 3
11101110111011110 1
11001011111111100 1
11101111011111100 2
11100110111101110 4
11111110111101110 9
11101111111111111 3
11111110111001101 7
11101111011101111 1
11101111011101101 2
11100110111101111 3
01101111011011111 1
11111110111111100 13
11101011111101110 1
11110110111111111 7
11110111111001110 3
11100111111011111 3
11101111111101111 5
11110110111001100 3
11111110011001101 6
11111110111101111 26
11111110111111111 14
11111110111001100 4
01110110011101110 1
11101111111101110 3
11111111011101111 5
11101110111101111 5
11111110011111101 6
01111010111011110 1
11111111111111110 13
11111110011101101 11
11111110111001110 6
11111111011101110 7
11111110011111110 5
11111111101011110 1
01111110011101100 2
11111011111001111 2
11111010011001101 1
11111110011100101 2
11110110011101110 3
11110010111001101 1
11111110011101100 5
01110110011011111 1
11111111011111100 5
01101110111101100 1
11111111111011101 8
11101110111011101 1
01110111111111110 1
11111110011011101 4
01111111111101101 2
11110111111101111 6
11111111111101101 22
11111100111111101 1
11110111011111110 2
11101111111101101 4
11111111011011111 7
11101110011001110 2
11101110011101101 1
01100110111111111 2
11111111011111111 4
11110111111011101 3
11100111011011110 1
11111110111111110 11
11111010011101110 1
11100111011001110 1
11110110111011100 2
01111111111111110 2
11101111111111100 4
11111111111011100 10
11110111111100100 1
11101110011101111 3
01110010111111100 1
11110110010001110 1
11111111011101100 8
01111110111011110 1
11111110011001111 5
11111111011001101 5
11110111111101110 4
01110110111101110 1
11101110111111101 6
11101111111011111 2
11111110111101100 13
11110110111101111 6
11111111011111110 3
11111111111111100 11
11111010011001100 1
01111011111011111 1
01100110111001100 2
11101011111101111 1
11101110011111101 1
11111010011101100 1
11100111011111101 1
01111110011111101 2
01111111011111110 1
11111110111100110 1
11110111011001101 1
11101110111011100 2
11111111011001100 5
01101110011011111 1
11111111111111111 11
11110110111101100 2
11111110111001111 10
11111111111101111 17
11111111111101110 14
01101110111101111 2
11100110011011110 1
11111011011111100 1
11100110111101101 2
11101111111011100 1
11011110111011100 1
11111110111011100 6
11111111111001100 8
11110110011011110 4
01101111011101111 1
11111111111001111 4
11111110111011111 9
11110110110101101 1
11111011111100100 1
11111010111101110 3
01111110011101111 2
11111110011101111 7
11110111111101100 4
11110010111101100 1
11111110101001101 1
11111010011111100 1
11110110111001101 4
11101110011011101 2
01110111110011101 1
11111111111100101 1
01111111011011111 1
11111111011011110 2
01101110111001111 1
11110110011001100 1
11110111111001111 3
11100111111111111 4
11110111111001101 3
11101111011010101 1
11111110011001100 3
11111110111011110 5
11111110111011101 7
11101111011011100 1
11100111011011111 2
01001111111101100 1
11110111111111111 3
11111110111000100 3
11101111111011101 1
10100111111111110 1
01101111111111111 2
11101111111011110 2
11111110011101110 8
11110110111101110 6
11101111111111101 3
11111111111111101 12
11110110111011111 2
11111111111101100 13
11111110011111100 7
11110111110111100 1
11110111011011111 2
11100110011101111 2
11111011011111110 1
01101110111101110 2
01101110111111101 2
11110111011001110 2
11111110010011110 1
01101110111101101 3
01101110011111000 1
11111111011011100 3
11111111111111000 1
11111110011100110 1
11101110111111110 1
01100111111101110 2
11101110111001110 1
11110111011101100 1
01100111111011110 1
11111110111110101 1
01111110111111101 1
11110110011011101 4
11111111111011110 5
11111110111110111 1
11111111011000101 1
01101111011011101 1
01111111111101100 2
11101110111101101 1
11101110111010100 1
11111111111011111 5
01100111111011100 1
11101111011110101 1
11111110011011111 5
01100110011101101 1
11100110111001101 1
11100111111101101 1
01111111111001100 1
11111100111011101 1
11111110011001110 2
11110110111001111 2
11111111111010111 1
11101010011011111 1
11111111011001110 3
11111111111010101 1
01110010111101111 1
01101111011111101 1
01111011111111111 1
11110110011101101 2
01100110111011111 1
11111111011101101 6
11100110011111111 2
11101111111001110 3
11101111111111110 2
11100110111111100 1
11111110010001110 1
11110110111011110 1
11111011011101101 2
11110110111111101 4
11101110111111111 5
11101011011101101 1
11111011111101101 1
11101110111001111 3
11110111111100111 1
01100111111001100 1
11111111111001101 5
11100111011111100 1
01101111011011110 1
11101110111111100 1
01110110111011111 1
11110111101101111 1
11111011111111110 3
11111011011011100 1
11101110011111110 1
11100111111111101 1
11101110011101100 1
11110011111101110 1
11110111011101111 2
01111111011111111 3
01111110111111100 3
11100011011011111 1
01110110011101101 1
11101111011111111 1
11100111111101100 1
11100111111001111 1
11110111011011101 1
11111011111101111 1
11110110111111100 1
11101111011001111 2
01100111111011111 1
11110111111011100 2
01111111111111100 1
10101111111111100 1
01101111011101101 1
11110111011001100 2
11110110111001110 2
11110111111001100 1
11110111011101101 3
11110110011111110 2
01100111111101111 1
11100110111001100 2
01111111111001111 1
01111110111111111 1
01111111111101111 2
11100111011101101 1
11110111111111100 5
11111110110101111 1
11101110111001101 1
01110110111111101 1
01111111011101100 3
11101111011001110 2
11100111111001100 1
11110100111001101 1
11100110111001110 1
11110110011111101 2
01111111011101111 1
11110111011111101 1
11110101111001111 1
11111111101101100 1
11111111010101100 1
11110111011001111 2
11110110011111111 3
11101110111101100 2
11101110011101110 2
11100110111111101 1
00110111111011101 1
11100110111011101 1
11111111011001111 2
01110010111001110 1
01101110011111100 1
11111110111010111 1
01101111011001110 2
11100110011101100 1
11110111111111101 2
01101111111111101 1
00100110111101101 1
11101110011011111 1
11110111011011110 2
11111011111011110 1
11111011111111111 2
11001110111001101 1
11111111001001101 1
11111010011111111 1
11111010011001110 1
11100011011101100 1
01111110111011100 1
11111011011111101 1
11111010111101100 1
01111111011011101 1
11100110111111110 2
11100111011111110 1
11111110011011100 2
01111110011001110 1
11110110111011101 4
11111111111111001 1
11111010011011111 1
11100110011011100 1
01110110011111100 1
11100110111011111 1
11100011011011110 1
11100110111110110 1
11110110011001101 1
01100110011011101 1
11100110011101110 1
01101110011101111 1
01100111111001111 1
01111110111001111 2
11110111011101110 2
01101111011011100 1
01100111011011111 1
11110111111011111 1
11111111101001111 1
11111110101011110 1
11100011111011100 1
11111011101011111 1
01111110011001101 1
11111010011101111 1
11111110011000110 1
01111110111001101 1
01111110111001110 1
01111110011010111 1
11100111111111100 1
11101010111001100 1
10100110111111100 1
10111110111011111 1
11111111110011100 1
11110110111111110 1
11100111011101100 1
11111011111001100 1
01111011111011100 1
11100110111101100 1
11100110011001100 1
11110111111111001 1
01100111111011101 1
01111111111010101 1
11111110111111001 1
11101111111000101 1
01101111011111110 1
01100110111111110 1
01101111111111110 1
01111011011001111 1
11110110011111100 1
01101110011011100 1
11111010111011111 1
11110111101111110 1
01101110011101101 1
11111110011100100 1
01111111111011110 2
11111010111111111 1
01111111101011111 1
01101110111011111 1
11110010111111101 1
01110110111111100 1
01111111111011111 1
01111110011001100 1
11111010111001100 1
11101111011011101 1
01101111111101110 1
11111011111001101 1
01111111011001111 1
01101110111001100 1
11111010111001101 1
