number of shots: 1024
more frequency result: 11110111111001100
11100110111111101 3
11110111111111101 6
11110111111011110 3
11101111011101110 4
11100111111111101 5
11111111011001111 2
11101111011111101 5
11101110111101111 3
11101111011011111 2
11110111011011101 2
11100111111011101 2
11110110001101111 1
11000110011011100 1
11101110111111100 5
11100111011001100 4
11111110011001111 5
11100111111001101 10
11100110011001100 4
11110111111001111 2
11101110111101101 4
11100111111111111 1
11110111011001110 6
11101111111011111 5
11101110011101101 3
11101111111111100 3
11111111111101101 4
11100110111001110 5
11100111111111110 3
11101111101001100 1
11110111011101110 6
11110110111001100 4
11111110111111111 2
11110110111111101 7
11110110011001111 5
11111110111001110 4
11110110111011111 8
11111110111011101 7
11110110011101101 1
11110110011001100 4
01101110010111111 1
11101110011011101 4
11110110111001110 7
11111110111001100 8
01111110111011111 1
11100111111011100 8
11100110111001111 5
11101110111011111 3
11111110011101111 3
11111110111101110 7
11111111011011111 1
11100110111011110 4
11110111111001100 12
11101111111001100 11
11110110011111110 4
11111111111011111 5
11101110111011101 5
11111110101111101 1
11100111111001110 8
11110110111011101 5
11100111011001111 3
10110110111101111 1
11100110111101100 5
11101110011001101 5
11010110111001110 1
11111111011111110 2
11101110111001101 10
11101110011111100 3
11100110011111110 7
11100110111001100 6
11110110111111111 3
11101110011001100 1
11110111111101100 3
11011110111001100 1
11110110111100100 1
11110110101111100 1
11111111011011101 2
11100111111001100 10
11100111011011111 2
11100100111001111 1
11100110011011100 2
11110110011011101 3
11111110011111110 5
11111110011011110 3
11101110111011100 8
01111111111111100 1
11100111111011110 4
11100110111111100 3
11100111111101100 5
11111111111001110 6
11110111111111110 6
11101111011001100 2
11110110011011100 3
11100111011001101 4
11110111011111110 4
11101110011111101 3
11100111011111101 3
11101110011001110 3
11100110111101101 4
11110110111101100 4
11111110111101111 2
11100110101101101 2
11111110011111100 1
11101110111101110 4
11101111001101100 1
11111110011001110 4
11100111011011110 3
11100111011001110 2
11111111011001110 3
11101111111011100 7
11111111101001100 1
11101110111001111 5
11101110111111110 4
11111111111000101 1
11101110111001100 4
11101110111011110 4
11110111011001111 4
11101110011101110 2
11111110001101100 1
11111110111101101 5
11100110111011100 5
11110111011111101 3
11110111011011110 3
11100111011101110 2
11100011111011100 1
11110110111001101 5
11100111011111100 2
11111110011001100 4
11111110111111100 5
11110110011101110 4
11101111011101100 4
11111110011101101 4
11110110011011110 4
11110110111101110 4
11100110011101100 2
11101111011001110 2
11100110111011101 2
11000110111101111 1
11110111111111100 3
11101111011011101 5
11110111011111111 2
11101100111001101 2
11110110011111101 2
11110110011011111 5
11110111001001100 1
11100111111101111 2
11110111011101111 4
11111011111001100 1
11111110011111111 3
11100110011011111 3
11110111001100110 1
11110110111101101 5
11100110011101101 4
11110110111011100 7
11100110001101111 1
11101111111001111 5
11110111111111111 6
11111110101101110 1
11100111011101100 4
11100110111111111 2
11110111011101101 5
10101110111001101 1
11110111111011101 3
11100111011011101 1
11100110001001100 1
11100110101001010 1
11100110011111010 1
11111110011111101 2
11101110111111101 5
11101111011101111 3
11100111111010100 1
11111111011101101 1
11110110101101111 1
11101110001001110 1
11100110011101111 4
11110111011001101 3
11101110101001110 2
11110111011101100 3
11111110111011111 4
11110110011111100 2
11100110111000100 1
11101111111101101 4
11110111101101111 1
11111110111111101 6
11101111011101101 4
11111110111001111 6
11110111011011100 2
11111111111101110 2
11111110111001101 6
11100110011011101 2
11101110111001110 8
11110110011101111 2
11110111111101101 4
11110111011011111 2
11110111111001101 7
11110110001001111 1
11101111111011101 4
11101110011001111 2
11111111111001111 6
11100111111101101 4
11100110001111101 1
11100110111011111 3
11100111011111110 2
11110110111001111 5
11100111001111111 1
11110111011001100 3
11100111011011100 4
11100111111111100 2
11100111011000111 1
01110110011001101 1
11110110111111100 5
11101110011111110 1
11111110011101100 3
11111110011101110 5
11111110101001111 2
11111111111001101 8
11110110011101100 3
11101111111111110 1
11100110111001101 4
11111111111001011 1
11110110011100111 1
11100011111111111 1
11101111111101110 5
11100110101001110 1
11111110011100101 1
11100110011001111 1
11111111111111110 1
11110110111011110 2
11111111001011100 1
10100111111001110 1
11110110011001110 4
11110111101001100 1
11101110011110111 1
11101111011111111 2
11110111111001110 2
11111111111011110 4
11101110111101100 4
11101111001011101 1
11100110101001100 1
11100111111101110 7
11100101111101111 1
11111111111101100 5
11110111101001101 2
11100111111011111 1
11110010111101110 1
11101110011011110 5
11110111111101110 2
11101111111111111 1
11101111101101101 1
11110111111101111 1
11100111111001111 2
11110111111011111 4
10111110111111111 1
11100111101001101 2
11000111011111100 1
11100110011101110 2
11100110101011110 1
11001111111011110 1
11100110011001101 2
11100111011101101 3
11111111111001100 3
11111110111101100 4
11110110111111110 3
11101100111001110 1
01100110101001110 1
11101110011011100 2
11101111111101100 7
11111111001011111 1
11111111111011100 4
11100111011111111 1
11101111111001110 2
11110110111101111 1
11100110111101111 2
11110111011111100 2
11101111011001101 5
10101010011001110 1
11111111011111111 1
11101110111110111 1
11100110101011101 1
11101111111010111 1
11101110011101111 1
11100111101010110 1
11111111101001110 1
11111110111011110 2
11100110011111101 2
11101010111001100 1
11111111011001100 5
11111111011111100 4
11111111111110111 1
11101111011011110 2
11111111101111110 1
11111110011001101 4
11111111001111111 1
11101111111101111 1
11111111111010110 1
11110010101001101 1
11111111111011101 2
10111111111001100 1
11111110011011111 5
11111111011101111 2
11100011111001101 1
11101011011011100 1
11111111101001101 1
11110111111011100 4
11110111001101100 1
11110111001011100 1
11111111011100111 1
11111111001001101 1
11111111011011110 2
11101111111001101 1
11110110101101110 1
11110110011001101 3
11100111101001100 2
11111110111100100 1
11110011111101110 1
11100111001001101 1
11101111101001101 2
11111111111100111 1
10110101111111101 1
11110110101101100 1
01101110011101111 1
11110110101001111 1
11111110101010100 1
11101110101101111 1
11000111111101111 1
11111111011011100 4
11111111001111101 1
11111111111101111 3
10101111111101110 1
11110110101001101 1
11100110101001101 1
11111111111111111 1
11111010111101100 1
11100111111111010 1
11101100011101100 1
11111110111110100 1
11111111011001101 1
11111100011001100 1
11011111011011100 1
11110110001011101 1
11101111101001110 1
11110110101011110 1
11111110111011100 4
10111111011111100 1
11111111011101100 3
11110110011111111 1
11100111011111010 1
11111100111101100 1
11111110111111110 1
01101110111101101 1
11110110111010111 1
11100110011111111 1
10101110111101111 1
11111111001011110 1
11111110101111100 1
11011111111101001 1
11011111111111101 1
11100011111101100 1
11100110011010110 1
11011101111001100 1
01101110111111100 1
11101110011101100 2
11000110111001100 1
11110010011011100 1
11011111011011101 1
11011110011101110 1
11101111101111100 1
11111110011011100 2
11101010011001100 1
11101111001000101 1
11001111011111110 1
11110110001001100 1
11100110111011001 1
11111110101001100 1
11110110101101101 1
11110110111011001 1
11101110111111111 1
11111100011011110 1
11111111001001110 1
11101111101111101 1
