number of shots: 1024
more frequency result: 11101111011001101
11100111011111110 3
11101110111111101 4
11100110011001101 10
11100110011001111 4
11110110111001110 8
11101100011001110 1
11100110011011110 2
11110110011101101 5
11101110011001110 4
11101110111101100 4
11100110111001101 8
11110110011111110 5
11110110011001100 5
11110110111111101 6
11110110111101111 4
11101110011111101 2
11100110011111111 4
11111111111111010 1
11100110111001100 5
11111111111011101 3
11110110011011110 5
11101111111111101 6
11110110001111100 1
11100111011101111 3
11101110011011101 3
11101111011111100 3
11111111011011110 1
11101111111101110 7
11111110111101111 5
11100111111001101 3
11110110111101110 5
11100110011111110 5
11101111111001101 8
11100111011001111 4
11110110011001101 10
11100111111111111 2
11110111011001110 6
11101110111001111 3
11110111111011111 1
11100111111000001 1
11101111101111101 1
11111111011001111 5
11100110111101101 9
11111111111001101 7
11111111111111101 4
11111111011001101 6
11110110011101110 3
11100110111101110 4
11100111111101100 3
11110111111101101 6
11110111111001111 9
11110111011101101 4
11110110101101111 1
11110110011101100 10
11111111011001110 7
11110110111101101 2
11111111011001100 4
11111110111001110 4
11101111111101111 8
11101111011101101 8
11100110011111101 5
11101110011001111 3
11110110010101101 1
11111110111001101 8
11111111111101101 4
11101010011111111 1
11111110011101100 3
11111110111101110 1
11110110111111100 7
11110111011111101 3
11101110011001100 2
11110110011111100 6
11110110011111101 5
11110111111001110 4
11101111011001111 10
11110110011101111 7
11111110011111100 1
11111110111011101 1
11111111110011110 1
11100110111001110 7
11101111011001100 7
11110110111001111 2
11100111011111111 4
11101110011001101 3
11100111111101101 3
11100110011111100 6
11111111111101110 2
11101111111001100 10
11101111111111111 4
11101111011101110 4
11111111101001101 3
11111111011101110 4
11100011111101101 1
11111111101111111 1
11101110011101111 2
11101111101101101 1
11110110111001101 7
11111110111101100 4
11100110111001111 10
11110110111011101 4
11101111011001101 14
11101111101001100 2
11100111011001101 1
11011111011011111 1
11111110011111111 2
11100111111101111 1
11101111011011111 3
11111110011001101 1
11111110001101100 2
11100110011101110 3
11111110011101110 2
11110110111011110 2
11111111111001100 7
11101111011111101 3
11101110011111111 2
11100011011011101 1
11100111111011111 1
11111111111001110 2
11111110111111100 4
11110110101001100 1
11110111111101111 3
11100110111101100 3
11110110111101100 5
11110110011111111 4
11101111011101100 5
11111111111101111 3
11101110111111111 1
11111111011101111 4
11011111011001101 1
11101111111001111 6
11101111111001110 2
11111110011001111 3
11111111011011111 2
11111110111011111 2
11111111011011100 4
11101110111101110 1
11101111101001110 1
11010110011101110 1
11010110111111111 1
11100110011001100 7
11100111011101110 2
11100111011001110 3
11001110111001110 1
11011110111011101 1
11111111011111100 2
11111111011101101 5
11100111111001111 2
11111110011101101 3
11100110011101111 4
11101110011101101 4
11100110101011111 1
11111111111111100 2
11101110011111110 1
11100110111111100 3
11111110111011100 2
11101110111001101 4
11100110011101101 5
11110110011011111 2
11001110111111111 1
11111111001001110 1
11001111111001111 2
11110110111101001 1
11110110011001110 10
11110111111111101 2
11111110001001100 1
11111111111111111 2
11011110111111101 1
11100110111111110 3
11110110011001111 1
11111111111001111 9
11101110111101111 5
11110110101001111 1
11111111111101100 4
11100010111111100 1
11111110111001111 4
11100110111101111 2
11111111011100100 1
11101111111101101 7
11101110111011000 1
11101111111011000 1
11111111011111110 3
01100111111011110 1
11101110111111110 1
11110111011101110 1
11100110011011111 4
11001111011001111 1
11011111011001100 1
11101111111111100 5
11101110011101100 2
11110110011110101 1
11110111001111111 2
11111111011111111 3
10111110011011110 1
11110111011101111 1
11000111011001100 1
11101111111011110 3
11101111011101111 4
11110111101001101 1
11111110101001111 1
11101111011111111 2
11110110001101101 2
11111110111111110 1
11000110111101111 1
11000110111101101 1
11110110111111111 6
11100110111011100 4
11011110001011110 1
10111111111101111 1
11101110111011111 1
11000111111101111 1
11101110001011100 1
11101111011011101 6
11100111001111110 1
11111111111011110 4
11000110011111111 1
11100110111111111 5
11101111001101101 1
11101110101011101 1
11100111011101100 3
11100011011101101 2
11110111111001101 3
11110110001011111 1
11110110001111101 1
11101110001011101 1
11011010011101110 1
11111110011011100 2
11011110111101100 1
11011111111001100 1
10001110111111101 1
11100110001011110 1
11100111011111100 2
11100110011101100 3
11010110011011111 1
11110111011001100 4
11110111011001101 4
11011111111110101 1
11101111111011101 2
11101010011101100 1
11011110011001110 2
11100110111101000 1
11101111011111110 3
11110111111011110 1
11100111011101101 2
11100111011111101 1
11011111111101110 1
11001111101101110 1
11110110001001100 1
11110110011011101 2
11111111111111110 5
11111110111001100 4
11101111111011111 3
11100110111100110 1
11011111111001111 1
11110111110101101 1
11100110011001110 4
11100110001001110 1
11101110001101111 2
11111011011001101 1
11100110111111011 1
11100110111111101 4
11100111011011100 1
11100111101101101 1
11100111111011110 1
11110110011011100 2
11011111011111111 1
11100111111011100 2
11110011111101101 1
11101110111001100 6
01101110011011111 1
11100111111111101 3
11111110111011110 1
11000111111001111 1
11001110101111111 1
11110111011011100 1
11100111101111101 1
11111110001111111 1
11110110101111101 1
11011111011001111 1
11100110001111101 1
11100110001001101 3
11111111101001100 1
11001110011011100 1
11100111001101101 1
11111111001111100 2
11111111011101100 2
11111110011101111 2
11001110111001111 1
11101111011000100 1
11110111111001100 1
11111110011111101 2
11100110001101111 1
11000111111011100 1
11101110111101101 2
11111110001111110 1
11101110111111100 1
11110110111001100 4
11110111011111111 2
11111110111111101 3
10101111011111111 1
11010111111101111 1
11110111011001111 1
11100110011011101 1
11111110011001110 2
11100011011001111 1
11101110111001110 2
11101111111001000 1
11101011011111100 1
11110111001101100 1
11101110101101100 2
11101111111011100 3
11101111111111110 1
11001110011101101 1
11101111111101100 2
11101110010111100 1
11110011111001111 1
11100111011000100 1
11001111011101001 1
11111111011111101 5
11101111010001110 1
11111111001001111 2
11010110011001111 1
11111110111111111 1
11101110011101110 1
11111110101101101 1
11001111011101111 1
11101110111011100 1
11110111111101100 1
11101011011001111 1
11001110111101101 1
11111111110001111 1
11101010001101111 1
11001111001001110 1
11110111011011110 2
11101110101111100 1
11100010011101110 1
01110101111011100 1
11011110111011110 1
11100110011101011 1
11100111111111110 2
11100111111011101 1
11100111111001100 3
11011111111011100 1
11100111011001011 1
11001111111101100 1
11001111111111111 1
11100110110001101 1
11001111111011011 1
11110011011111111 1
11100111011001100 2
11100110111011111 4
11110110111011111 1
11011111011001110 1
11110110111001000 1
11100110111011101 1
11011111111101100 1
11111111111011111 1
11011111101001111 1
11101111010001111 1
11111011011001110 1
11101111001101100 1
11110111011101100 2
11011110011101110 1
11111100111111110 1
11110110111111110 2
11100110111011110 2
11110011111011100 1
11110111011111110 2
11101110000111110 1
11101111001011101 1
11100111111001110 1
11100111111101110 1
11111111101101110 1
11100101011101110 1
01110111011001110 1
11100111101101111 1
11110110101011100 1
11100110101101101 1
11100010011111111 1
11110011011001100 1
11110110111000100 1
11100110010001110 1
11110110001001111 1
11100111001101110 1
11101110001101110 1
10111110111011101 1
01100110111001100 1
11111110100001110 1
11101111001111100 1
11110111111111100 2
11110111111011101 1
01111111111101110 1
11100110011100011 1
10111111011001101 1
11100110011011100 1
11101011011011110 1
11101101011011100 1
11100110110011111 1
11101110011011110 1
11101101111011101 1
11110110101001101 1
11101110111011101 2
11101110011110110 1
11100110001001100 1
11101111011101010 1
11010110011111101 1
11101110011111001 1
11100110001111110 1
11101110111011110 1
11110111111111111 1
01110101111101101 1
11110110101101110 1
11111110011011111 1
11111111011011101 1
11101111011001110 1
11111111101011101 1
11101110001001111 1
11100101011001101 1
11110111010101110 1
01110111011001101 1
11110011111111110 1
11101111011011100 1
