number of shots: 1024
more frequency result: 11111111011001111
11111110011111101 21
11101110011111101 6
11111110011001111 26
11111111011001101 14
11110110111001001 1
11111110111111111 11
11111111011011101 19
11111110011011110 5
11101111111111111 3
11100110011101111 2
11111110111011111 15
11111110011011101 14
11111111011001100 4
11111110111101111 12
11111110011001110 6
11110110011101111 2
11101111011011101 12
11110110011101101 1
11101111111111100 2
11111111111111111 6
11100110111101111 1
11110111111101101 4
11111111011101101 18
11111110011001101 25
11111110011001100 6
11111110111001101 15
11111110111101101 8
11101110011011101 25
11101110011101110 3
11101110011101101 12
11110110111011101 1
11100111011001000 1
01111110011101101 1
11110111111001110 1
01001111111111101 1
11111111011001111 27
11101111011101101 5
11101110111011100 5
11111110111011100 1
11101110111011101 9
11111110111111101 8
11110111011001101 2
11101110101111110 1
11110111011011101 2
11101111010011111 1
11100111011011101 3
11101111011011110 5
11111111011111110 1
11111111011111100 6
11111111010001101 1
11101111111011110 1
11100010011001101 1
11111111011011111 17
11110110111001111 2
01111111011011111 1
11111111111101111 10
11111111011111111 13
11100111011011111 2
11111111111011111 18
11101110011001111 15
11101110111111101 5
11111110011011111 19
11101111011100100 1
11101111111011111 12
11111111111111100 4
11111111011001110 5
10101110011011110 1
11111111011011100 2
11101111011101100 2
11100111011001111 1
11111101010001101 1
11111111111001101 12
10100111011101110 1
11111111011111101 16
11111110010111100 1
11101111011011111 8
11101111111011100 2
11110010011001101 1
11100011011111111 1
11111111111011100 2
11111111111001100 1
11111111011011110 6
11101110011111111 13
11111111011101100 2
11100110011001111 3
11101111111011101 6
11111110111101110 4
11110111111101111 1
11111110011101111 7
11101111011111111 8
11101111011001110 1
11111111111011101 12
11111110011111110 5
11100110011001101 2
11111110111001111 12
11110111011101101 2
11101111011111101 11
11101110011011111 13
11110110011001111 4
11101111111001111 6
11101110011101111 5
11111110011011100 4
11100111011111111 2
11111111111101100 2
11100110111111101 1
11110110111011111 2
11111111111101101 6
11100110111001110 1
11100110111011111 3
11101110111011110 3
01101110111111111 1
11100110111101110 1
11101110111111111 7
11111110011111111 14
11101111110011111 1
11111110011100100 1
11101110111001111 5
11101110111111110 2
11100111111011111 2
11111111011101111 11
11101110011001101 11
11101110110001111 1
11100110111011101 1
11111110011101101 17
11101101011011111 1
11111101111111101 1
11101110011011100 4
11111110111011101 16
11110111111011101 2
11101111111001101 5
11111110010001101 2
11100110011011111 2
11111100011001110 1
11100110111001111 2
11100111111011101 1
11100111111001101 2
11111111111001111 9
11110110011011110 1
11101110111001101 5
11000110111111110 1
11101011111011101 1
11010111011011111 1
11101110111101101 2
11101101011111111 1
10101110011001101 1
11110111111111100 1
01101110011001100 1
11100111011101101 2
11111111111111110 1
11110110011011111 2
11101111011001101 8
11101110011101100 4
11110111011001111 1
11000111011101101 1
11110111011001110 1
11111111011101110 3
11101110111101111 8
11100111011001100 1
11101110011010101 1
11101111011011100 3
11101111011001111 7
11101110111011111 1
11101111011101111 3
11110111011101110 1
11111111011111000 1
11111111111001110 1
10010111011011101 1
11101111111101101 5
11111010011011111 1
11111110111111100 2
11101110110111110 1
11101110111011010 1
11111110011101100 4
11101110011011110 2
11101011111101111 2
11101110111001110 3
11111110001101111 2
11110111001101101 1
11100111011111101 1
11111101011111111 1
11101100011011101 1
11100111111111101 1
11001110111001111 1
11110110111101111 2
11111111010111111 2
01101111011111111 1
11100110011001100 1
11100110011111111 1
11101110011001010 1
11111111111111101 2
10101110011011111 1
11101011111111110 1
11101111011001100 2
11100110011101101 2
11111110111001100 2
11000111111011101 1
11110110111101101 1
11101110111111100 1
11101111111111101 4
11100110111001101 1
01111110011001101 1
11101110011111000 1
01100110011100111 1
11101110011111110 2
11111111001011101 1
11101111111101111 4
11111010111111111 1
01100111011001101 1
11111010011101101 1
11100111011001101 1
11101110110111001 1
11101110111001000 1
01111110111011111 1
11111110011100110 1
11111110011101110 1
11111101010011111 1
11101111111001100 2
11111110011111100 1
11101111010011100 1
11111011011011101 1
11101111011101110 1
11101010011011101 1
11100111010111111 1
01111110011001111 1
11100110011111101 2
11101110011001110 2
11111111111011110 1
11111110111111000 1
11101111010101101 1
11110110011011101 2
01101111011101100 1
11111110011111000 1
11100111111011110 1
11110110011111111 1
11101111011111110 1
11111111011100110 1
11111011011001101 1
10101111011111111 1
11111110001001111 1
11101111110001111 1
11101111011111011 1
11110111011001010 1
11101110001111100 1
11111110010101111 1
11111110111011010 1
11111111011010101 1
11101110011011000 1
11110110011001101 1
11011110011001101 1
11110111011001100 1
11111111111111011 1
11110110111001110 1
11011111011111111 1
11011101011101100 1
11111110111011110 1
11111011011000100 1
11110111011111111 1
11110010011011111 1
11100010111011101 1
11110111111101110 1
11101010111001111 1
11101111111101100 1
11011111111111101 1
11011111011001101 1
11011111011011111 1
11110111011111101 1
