number of shots: 1024
more frequency result: 11110110111001101
11110110111001100 10
11110110111001101 14
11110011011111100 1
11111110111001111 3
11010110011001111 1
11100111111001111 2
11110111111111110 6
11110110111001111 8
11100011011001111 1
11111111111011001 2
11110111111101111 6
11111111111111110 6
11111110011101101 2
11100111011001101 3
11100110111111101 6
11110111111111101 9
11111111111111111 6
11110111011111111 3
11111111111000001 1
11100111011111101 5
11101110111110100 1
11111111011001111 5
11111110111001101 10
11010111111111111 1
11111110111101111 8
11100111111111011 1
11111111011011110 2
11100110111111111 2
11110110011111111 7
11110110111101100 5
11111111111101001 1
11110110111111111 8
11111111011111100 7
11110111011011101 1
11101111011101111 3
01100110011001100 1
11110110011001100 4
11110111101011111 1
11111110011001111 5
11110110111111100 8
11110111011101101 6
11110110011111101 3
11111111111011111 4
11111110011111101 5
11110110111011111 2
11111110011111100 5
11111011011111111 1
11101110111001110 4
11110110111111101 6
11110110011001101 3
11111111111011000 1
11111010111001110 1
11110111111101100 5
11110111011111001 3
11110110011101111 5
11010111111111101 2
11110111111001010 1
11110110111011110 3
11110111011111110 5
01101110111101110 1
11000110011011010 1
11100110011101101 1
01101110111001111 1
11100111111111101 4
11110110111001110 8
11011111111011111 1
11110111111001111 10
11110111111001101 11
11111110110001101 1
11101111111011100 2
11111111111001111 8
11110111111001100 10
11111111111001110 4
11101110111111111 1
11100111011111100 3
11110110111101111 7
11101111111011111 2
11111110111111111 9
11100110011001101 3
11111111111111101 9
11111110111101100 7
11011111111001101 2
11101111011011101 2
11110111011001101 4
11001111011111100 1
11110111011101110 2
11100111111101111 3
11100010011101110 1
11000111011111111 1
11111111001001101 1
11010110111111100 1
01110110011111101 1
11101111111101111 1
11110011111001110 2
11110111111101101 10
11100110111001010 1
11111111011001100 2
11011110111101111 2
11100111111001101 7
11101110111001101 4
11111110011001101 5
11110010111111101 2
11111110111111100 7
11101111011001111 2
11101110011001111 3
11101110111001001 1
11110111011001100 6
11111111011001101 5
11011110111111100 3
11111110111001100 2
11111010011011101 1
11110110111011101 2
11111111111101101 4
11111110111111110 3
01110111011111110 1
11100111111111111 3
11110110111111110 3
11110111001111111 1
11110111111011100 3
01111110011001100 1
11110111011111101 7
11100010011111100 1
11110111111111100 6
11111110111001110 2
11111011111111101 2
01000111111001111 1
11100110111101111 1
11010110111111111 3
11111110011111111 3
11001011111101101 1
11101111111111111 8
11100111111101101 4
11110111011001110 2
11110111011001111 2
11100110111001101 4
11010011011001110 1
11001110111001101 1
11110110001111110 1
11111111011001110 3
11110111010101111 1
11010111011111101 3
11101110111111101 3
11100110111001011 1
11111111111011100 1
11110110111101101 6
11101111011101101 2
11111111111101011 1
11111111111001100 7
11101111111111100 6
11010111011101100 1
11111111111001101 4
11101111111011101 1
01100111111101101 1
11110101111111110 1
11110010111111100 1
01111111011011110 1
01111110111001100 1
11101110011101111 4
11111111011011100 1
11010110011001001 1
01110110111001101 2
11110110111011100 2
01100111011001101 1
11000110011001111 2
11011111111001111 2
11001110011101100 1
11111110011001100 7
11111110111111101 6
11110111111001110 11
11110110011111100 4
11111111111001001 1
11110111011011110 3
11110111111101110 5
01100111111001101 2
01100011011001100 1
11101110111001111 2
11111111011101101 4
11110110011111010 1
11110111011101111 3
11100110111101101 3
11110011011011111 1
11111111111011110 3
11101110011001101 3
11100110101101111 1
11101110111111100 1
11110010011001110 1
11110010111101110 1
11100110111001111 2
11100111111111010 1
11110011111111111 2
11001110011111111 1
11111111111101111 4
11101110111101110 2
11000111111101111 2
11100111111111100 1
01100011111111101 1
11101111011001100 3
11111111111111100 4
11110110111001010 1
11001111011101100 1
11010111111011100 1
11111110111101101 1
01111110111101101 1
11101110011101100 3
11101111011101100 2
11001011111001111 1
11101110011111101 4
11101111111111101 5
11011111111111001 1
11100111111001100 3
11100110111101001 1
11100110011111110 2
11101110011111100 1
11110010011101110 1
11000110111001100 2
01111111111111101 1
11110111011101100 6
11110110111101110 3
11111111111101100 5
11111010111011111 1
11101111111001110 4
11100110111011100 2
11111010111101101 1
11100110011011101 1
11111111111000111 1
11111111011111111 4
11000110011101110 1
11001110011101101 1
11100011111101110 1
01100111111000111 1
11100110111111110 2
11001110111101100 1
01010110111111111 1
11111111011111101 3
11101011111001101 1
11111111011101100 1
11110111111111111 3
11110111111110111 1
01101110111101111 1
11110110111111010 1
01010110011001110 1
01100111111111101 1
11001111111011111 1
01001110111011101 1
11111011011011111 1
11110111110011101 1
11101110111101111 2
11100110011111111 1
11100110111101010 1
11111011011111101 2
11001110111111111 1
11101011011001100 1
11110111011111011 1
01111110111111100 1
11101111011111100 1
11100011111111110 1
11010111011111111 1
01010110011101110 1
01110111011001111 1
11000111011111110 1
01000111111011110 1
11000111011001110 3
11110011111001101 1
11100111111101100 1
11110111010111110 1
11101111111001100 2
11100110011101110 1
11101111111001101 3
11100110111111100 2
11111110111011010 1
11100111011111110 4
11101110111001100 3
01100111011111111 1
11001110011101111 1
11001111011101111 1
11100110111001110 3
11111110111011101 5
11011111111001100 1
11110100111101100 1
10101110111001110 1
11001111011011111 1
11111110110001110 1
11100111111011101 2
11101111011001000 1
11100111011101101 4
11110011011001111 1
11010111111011110 1
11100110011111100 2
01000111111111101 1
11100111011011100 2
10100111111111100 1
11010111011111100 1
01100111111111110 2
01100110111001101 1
11101111111010110 1
11001111111001100 1
11110110011111110 2
01101111111011110 1
11011110111111110 2
11000111111101101 3
11111111111011101 3
11111110011101100 3
11001111011001101 1
11111111111101110 2
11011110011111110 1
11111110011101111 3
11100111111011110 1
11100111010011101 1
11010111111001111 2
11010111011111001 1
11101110011101101 1
11101111011011100 1
01111110111101111 1
11100111111001110 4
11101110011101110 2
11100110111001100 2
01100110111101101 1
11010111111001101 1
11000111011001101 1
11111111011101110 1
11110110111011010 1
11110110011001111 2
10100111011001101 1
11101011111101111 1
11110111111111011 1
11110110011101011 1
11011111111111100 1
11111110011111110 2
11110111011011111 1
11010111111001100 1
11101110111111110 1
11100110011101100 1
11000110111001111 1
01100111111001110 1
11010110011111110 1
11101010111001101 1
11100111111111110 2
11111110011011101 1
01101111111001101 1
11011110111011110 1
11110110011011100 1
11100011111101100 1
01110110111011111 1
11011110011101110 1
01110111110001101 1
11110110011101010 1
11110010111001111 1
11110111111001001 1
11001110111111101 3
01111111011101100 1
11101111111001111 1
11110111011111100 2
01100110011101111 1
01100110011101101 1
11100011111101101 1
01110110111001111 1
01110110011101110 1
01101111111111101 1
01111111011111100 1
11101110011111111 2
11110110011001001 1
11100111111101110 1
11101110111011100 1
01101111010101111 1
11000110111101111 1
11001111111001000 1
11101111011111111 1
11111110111001001 1
11100110011101111 2
01101110111111101 1
11011111011101100 1
11101111111101101 2
11110110011101101 3
11011110011011110 1
11000111111011111 1
11100110111101110 1
11101110111101101 3
11000111011011111 1
01000110011101111 1
11111110111101110 4
01100110011001110 1
11000110011101111 1
11000110011001101 1
11101100011001110 1
11110100111111111 1
11000111011101101 1
11100110011001100 1
01110110111111111 2
01111110011101100 1
11110110011011101 2
11110111111011101 1
11010110011111111 1
11010110111111101 1
11111110011101110 1
11111011011001100 1
11100110011001111 2
11101110111101100 1
11101111011111101 1
11001111011111110 1
11000110101101101 1
11100010111101100 1
11101111011011111 1
01000110011011100 1
11110110110111101 1
11111110011001110 2
11011111111111111 1
11110111101001100 1
11001110011011100 1
11011110111001111 1
01111110111111111 1
11111110011011111 2
01111111111011100 1
11110111111011111 2
01001110011111111 1
11110111011011001 1
11111111011101111 2
11100011011101111 1
11001111111111110 1
01100110011101100 1
11100110111101100 1
11100111111001000 1
11010010111101110 1
11111110011011110 1
10101111111111100 1
11010110111111110 1
11111011011101100 1
11011111111101101 2
01101110111101101 1
11011110111111101 2
11111110111011111 1
11101110011001110 1
01110111111011100 1
11010110011001100 1
11010111111001001 1
11111110011001010 1
11110110011011110 1
11111011011001101 1
11111010011001100 1
11100110111011110 1
11000110011111111 1
11011111011001111 1
11101110111011110 1
11100111111011111 2
11010110111001111 1
11111010111111111 1
11111110101001101 1
11110110011101100 1
11100110011001110 2
11110011111111110 1
11110011110101101 1
11011111011001110 2
11101110110001111 1
11010110111001110 1
11111111111111010 1
11101110011011101 1
01100110111111101 1
01101111111001110 1
11110110011011111 1
11111011011101110 1
11001111011101101 1
11101110111011111 1
11111111011011111 1
11101111011111110 1
01110110011101100 1
10111111011001110 1
