number of shots: 1024
more frequency result: 11101111111101101
11010111111001111 1
11100111111011110 5
11100111011011100 5
11100110111101101 4
11100110111001111 3
11101110111001110 2
11110110111011100 1
11101110011111110 5
11111110011011100 5
11111110111011100 2
11110111011001101 2
11110111111011101 6
11101111011001111 3
11100110111011100 7
10101111011001100 1
11110111011101111 2
11001110011101110 1
11111111111101110 2
11110110111101110 3
11101110111001101 7
11110110111001100 3
11110111111111101 7
11100111111100110 1
11101111011101110 3
11111111011011111 5
11101111111011111 8
11101110011001100 3
11100111111101101 8
11100111111111011 1
11110111111111100 5
11101110011101110 4
11111111111001111 4
11000110011011111 2
11100111111001101 2
11100110011001110 2
11110110111111101 8
11011110011011110 1
11110110111011111 3
11100111011011101 1
11101111111101111 6
11101111111111111 8
11101110011101101 3
11110111111101110 1
11100111111101111 5
11101110111011101 6
11110110111111110 4
11110110011111100 3
11101110111111111 3
11111110011001110 2
11111110011011110 4
11110111111011110 1
11000111111001111 1
11101110011011110 2
11100110011111101 4
11111111111111110 3
11110111111001101 5
10100111111111111 1
11110111011011110 2
11100110111101100 5
11100111111001110 5
11101111111001100 6
11100110111011101 4
11101110111111100 4
11100110011001100 2
11110111111001100 3
11101111111101110 6
11111110011011101 3
11010111111001110 2
11110111111001110 4
11101111111011101 4
11110111011001111 2
11111111111111111 4
11110111011101101 3
11111110111111100 2
11100110011111111 6
11101111011101111 7
11111110111111111 9
11101111111111110 3
11111110111101100 5
11101101011011100 1
11110110111101101 4
11100111011111110 2
11111110011111100 3
11110110111001110 4
11100110111101111 8
01101110111101111 1
11100111111011100 2
11101111011111110 2
11101110111011111 4
11111110111001100 5
11110111011111111 2
11011110011101110 1
11101110111101110 7
11111110111011101 8
11101111011101100 2
11010111011011100 1
11111111011111111 5
11111111011001101 5
11100111111111100 5
11100110111101110 2
11111110011001101 4
11110110111111100 4
11111110111101111 9
11101110111111110 2
11111110111101101 7
11111110111001101 5
11111110111001110 4
11100111011111100 2
11100110011101101 2
11110110111101111 5
11100110111111100 2
11111110011001100 5
11010111011011111 1
11111111011011101 2
11101111011111101 6
11111111011101011 1
11100110011011101 2
11110111111111111 10
11101111111111100 8
11111110111101110 9
11111110011101100 4
11000110011011100 1
11110101011111111 1
11101110101111111 1
11101110011111101 1
11111111011101100 3
11101110101111110 1
11110110011001110 1
11111110011001111 1
11111111111011101 6
11100110011001111 4
11111111111111100 5
11111111011101101 4
11110111111001001 1
11101111111111101 8
11110110011111101 1
11100110111111110 4
11011110111011100 1
11110110011011111 3
11111011111101101 1
11101110011001110 1
01111111011001100 1
11011111111011111 1
11110111111111110 3
11101111111011011 1
11101111011111100 1
11100111111011101 6
11110111011001110 3
11111111111011111 5
11100111111011111 3
11111111011001111 2
11110111011111100 4
11111110111111110 1
11100110111001101 2
11100111111101100 2
11100111111001111 6
11100111011011110 1
11111110111111000 1
11100111111111110 1
11100111111111101 3
11001110111101111 3
11001110111101101 1
11101110111101100 6
11101111011001110 2
11111110111111010 1
11000110101001101 1
11110010111101101 1
11110110011001111 2
11101111111000110 1
11011111111101100 1
11111111111001110 3
11011111011011111 1
10101111011111111 1
11110111111000111 1
11111111111001100 5
11100111111001100 6
11100111111101110 5
11111111111001101 7
11101110011011101 4
11001111011111101 1
11101111011011100 2
11110110111100110 1
11110111111101100 5
11101111111001101 8
11101110011111100 3
11011110111001101 2
11100110011111100 2
11001111011101101 1
11100111111111111 1
11110010011111110 1
11000110011001110 1
11100110111111111 3
11001111111001111 1
11101111111101101 11
11100111011011111 1
11111111011111101 3
11110111011001100 1
11100110011111000 1
11100111011111101 4
11001111011001111 1
11101111111101100 2
11101110111101111 4
11111110011101111 1
11111111111101101 7
11100111011101101 3
11001110111111111 1
11101111111011110 6
11101111111001111 4
11101111111001110 3
11101110111001100 8
11111111111101111 2
11100110111000100 1
11010111011001101 1
11010110011001100 1
11110111011011101 5
11100111001111101 1
11100110001111111 1
11111110011011111 3
11100111011101111 2
11110111111101111 7
11010111011111110 1
11001111011111111 1
11010111111101111 1
11101110111001111 4
11101110111111000 1
11100111011001111 1
11110111011011100 1
11101110011101100 2
11100110111010100 1
11111110011111110 4
11011110111011111 2
11111010111011111 1
11110110111011101 3
11100111011000101 1
11101110011111111 1
11111111011111110 3
11011111111111111 1
11110111011101110 1
11000110111001111 1
11000110111101110 1
11011110011101100 1
11001111111111101 3
11110101111101110 1
11101111011111111 2
11111111011001110 1
11011110011100100 1
11111110111011110 4
11110110011111111 1
11111110111001111 6
11100110011101111 3
11100110011001101 2
11101110111101101 8
11111111011111100 2
11111111011110111 1
11000111011101101 1
11111111111011100 2
11011111111011100 1
11100110011101100 2
11110110100001100 1
11110110011011100 5
11110111011011111 1
11110110111001111 5
11100110111001100 1
11101110011011100 3
11100110111011110 3
11101111011101101 6
11110110111111111 2
11101111011011101 5
11111111011001100 2
11011111011000101 1
11110111111011111 2
11110110111101100 5
11101111010101100 1
11001110011011110 1
11100110111011111 1
11011111111001110 1
11001110111001110 1
11101111011011111 4
11111110111111101 7
11010110111001100 1
11101110011101111 1
11110110011101111 2
11100110011011110 2
11111111011011110 2
11000110111001110 1
11001111011011110 2
11000110111111110 1
11110110011001100 1
10101111111001111 1
11001111111001100 1
11111111111110111 2
11100111011101110 1
11110111110111111 1
01110110011111101 1
11100110110101100 1
11111111011101111 1
11101111110001101 1
11101110111111101 3
11101110111011100 3
11001111111101100 1
11000111111101110 1
11001111011011101 1
11000110001111111 1
11001110111111101 1
11111111111111101 6
11111111110101101 1
10111110111001110 1
11101111111100111 1
11010111010011100 1
11010110011101101 1
11111110111011111 3
11001111111111100 1
11110110011011110 1
11001110111101110 1
11101111101011110 1
10101110111001111 1
11100110011011111 2
11111110011111101 2
11110111011100101 1
11100111011101100 1
11101111111010101 1
11011110111111111 1
11000110111111101 1
11011111011111100 1
11011110011101111 1
11101110011011111 1
11100110011101110 1
11111111011000101 1
11101110011001101 2
11010111111001101 1
11110101111101100 1
11111111111011110 2
11111111111101100 1
11100111111100101 2
11101111111011100 6
11011110011001100 1
11111010111011110 1
11101110111011110 3
11000111111011110 1
11110110011011101 1
11101111111111010 1
11011110111111110 1
11110111111000101 1
11001111111101110 1
11100110011011100 1
11011110111011110 1
11110111101011101 1
11100010011011101 1
10110111111011111 1
11101111101111101 1
11100111011111111 1
11101111011011110 3
11110111111001111 2
11010110111011111 1
11100110111001011 1
11110111011111110 2
11000110011001111 1
11101110011001111 1
11011111111111110 1
11111110011101110 2
11001111110111101 1
11111111010101111 1
11111111111101011 1
10101110111001100 1
11011111111101111 1
11011011011101101 1
11001111111101111 1
11100110101101101 1
11100111011001110 1
11101111110101111 1
11111110011111111 4
11100111001101111 1
11111110010011101 1
11110110010011101 1
11100111010011010 1
11100110010101101 1
11001111111111111 1
11111111110001101 1
11001110111011110 1
11100110111111101 1
10111111110001101 1
11101110110111111 1
11111111011010101 1
11110110111011110 1
11101011111001101 1
11111111001011100 1
11110010111101110 1
11001111011101111 1
11101110110011111 1
11101110010011101 1
11001111111011110 1
11110110011101110 1
11000111111011101 1
11101110010101101 2
11110111110101110 1
11001110111111110 1
11001111010111100 1
11100110110011110 1
11101110110101110 1
11100111010101111 1
11101111110011100 1
11001010111111100 1
11100111110001110 1
11011111010101101 1
11110110011001101 1
11111111011011100 1
11110111010011111 1
11100110111001110 1
11101111011001101 1
11110101011011110 1
