number of shots: 1024
more frequency result: 11111111111011111
01101111011111101 1
11111110011111101 12
11111111011111101 8
11111111111011111 20
11110111111001101 6
11111110111111111 12
01101110111101111 1
11111111111111111 14
11111110011111111 17
11100111111111101 1
11111111011101101 10
11110110011001110 6
11110111011011110 3
11110110111011111 10
11111111011001111 15
11110110111111101 3
11111111111011110 8
11111111111101101 12
11101111111101100 1
11111111111101100 3
11111110111101111 12
11111110011101101 8
11111111011111111 12
11101111011001100 1
11101110111011110 2
11111110111001011 1
11101111111011111 1
11001110011011100 1
11110110011001101 4
11111110111111110 11
01100110111111101 1
11101111111111101 3
11111111111011101 18
11111110011001101 10
11110111111011101 6
11111111011001100 2
11111110011001111 12
11111111011101111 11
11110111111001100 3
11110110111101101 10
11101110111101101 2
11111111011011101 10
11111111011101100 4
11101111111101111 5
11111111111101111 15
11110111111101101 2
11101111111101101 1
11101110111001111 3
11111110011011111 15
11100110111001101 2
11101110111101111 4
11110111011111100 1
11110110011101101 8
11111110111001111 17
11111111010011101 1
11101110011011111 4
11110110011111101 6
11111110111111001 1
11110111011101100 4
10111101111001110 1
11101011011001101 1
01111110011001100 1
11101111111101011 1
11111110011101111 9
01101111011011100 1
11111110111010100 2
11110110011101111 8
11111110011011101 4
11111110111101110 6
11110110111001110 2
11110111111001111 8
11111110111011111 18
11111110111011101 9
11101111111001101 1
11111111011011110 3
11111111111111101 16
11100110011001111 2
11101111111011101 3
11110111011011101 3
11110111111011111 8
11100110011111101 4
11111110111011110 5
11111111111001101 14
11110111011111111 4
11001111111001111 1
11100111011111111 1
11111111111001100 8
11111111011011111 15
01101111111011100 1
11100110111110111 1
11111010011001101 1
11111111001101101 1
11101111011101101 2
11111111011101110 3
11101110111011111 3
11110111111111101 2
11111110111101000 1
11101111111101110 1
11111111111111110 7
11111110111001110 11
11101111011110111 1
11101111111111110 1
01101110011001101 1
11111111111111100 3
11110111011111110 3
11100110111101100 1
11111111111001111 9
11110110111011101 7
11111111011011001 2
10110110111100111 1
11111110011011110 3
11111110011011100 5
01101110111001111 1
11111111111101110 4
11111110011111110 7
11111110011111011 1
11111111111010111 1
11101110011111111 2
11111110010000111 1
11100111011001100 2
11110110011011111 5
11101110011001101 2
11110111011101111 4
11110110011001111 8
11111110111101101 10
11111111111011100 3
11110111111101111 8
11111110111011001 1
11110111011001100 4
11110111111001110 2
11110111101001111 1
11111110111111101 9
11110111101011111 1
11110110011011101 10
01101111111001101 2
11101111011001110 2
11101111111111111 1
01111111011001101 1
11110110111011110 5
11111111010111101 1
11101111011111101 1
11101110011001111 2
01110111011101101 1
11101110111101100 2
11110110111001111 10
11110111111101100 1
11110111111101110 2
11111111111001110 8
11111110111011100 1
11101110111001100 1
11100110011001100 1
11110110011001010 1
01111111111101111 1
11111110011011011 1
11100111111001100 1
11111111011110111 1
11101110111111111 1
11100111011101110 1
11111111011001101 4
11100111011001101 1
11101110011100110 1
11111110111101011 1
11110111011101101 4
11101110011111100 1
11101111011001101 2
01111111111011111 2
10101110011001111 1
01101110011111101 1
11110111111111111 8
11111110111001100 3
11101111111001111 4
11110111111111110 5
11110110011101110 1
11110110011011110 3
10111111111101110 1
11110110011001100 1
11110111011001110 3
11100110111101110 1
11111110011100100 1
01101111011011110 1
11111110011101110 4
11110111111010110 1
11100110011101100 2
11110110111111110 3
11110110011111111 4
11111110111001101 10
11111110111111100 3
11111110011011001 2
11101110111001101 1
11110111011011111 2
11111110011100111 1
11101111111011100 1
11110110111111111 6
11111100111001111 1
11100110111101111 4
11110111011111011 1
11110110111001101 10
10000110011101111 1
11110111011001111 4
11111111011001110 2
11111111011011100 2
11100110111011111 1
11111111111000101 1
01101110111001101 1
11101111011111110 1
11101110011011101 2
11101110011001110 1
11101110111101110 1
11100110011011111 2
01101110111111101 1
11101011111001101 1
01101111011010110 1
11111110111101100 1
10111110111101111 1
11100111111001101 2
11100110001101111 1
11110110011010111 1
11100111011111100 1
11111101111001111 1
01111110011001101 2
11101111111111001 1
10110110111001100 1
11110110011100100 1
11100111111001111 1
01110110111111100 1
11101110011011110 1
11111110011001110 4
01111111111011100 1
11110110111101000 2
11110111011001101 4
11110110111101111 5
11111111111001011 2
11110111010010111 1
11100111011011110 1
11111110111011010 1
11111110011101010 1
11101110011111110 1
11111110111000101 2
11110110111101110 4
11111111101111101 1
11111100111011100 1
11101110011111101 1
11100111111101111 2
11101111011101110 1
11011111111101111 1
11111111011111100 1
11100110011111110 1
11100110011111111 2
11101110111011001 1
11101111111001100 1
11111110111001001 1
11110111011111101 1
11110110011011100 1
11101110011101110 1
11110111111100110 1
11111111111010100 1
11101111011011100 1
11001111111011101 1
11100111101011101 1
11111111011101011 1
01110111111011111 1
11110111011001000 1
11100110111001111 1
10110111011000110 1
11111110111011000 1
11100111111101110 1
11110101111101111 1
11101111011011101 1
11100110111001110 2
01101110011101101 1
11110101111110111 1
11100111011011101 1
11101111011001111 1
11110111011010111 1
11101110011100101 1
11000100111111111 1
11101111011011110 1
11100110111111111 2
11101110011101111 2
01111110011111110 1
11000111011101111 1
11101110111111101 1
11111111111000110 1
11111110011111100 1
11110110011101100 2
11100111111011101 1
01100111011011111 1
01111111111001101 1
01101111011011111 1
11111111111000111 1
01100110011001101 1
11110110011111001 1
11100111011101111 1
11110110011111110 4
11111010111001111 1
11110100011001110 1
11111111011111110 2
11111110011101001 1
01111110111001111 1
11110110011001011 1
11110110011111100 1
11111111111100111 1
11110111111011110 1
11110110111101001 1
11110110111001011 1
01110110111011100 1
11110101111011110 1
11110110111001100 2
11110111111000110 1
11111110011111001 1
11111111011111001 1
11110110011000111 1
11110111011000100 1
11110111011101110 1
01100110011101111 1
11111111111011001 1
