number of shots: 1024
more frequency result: 11111111111001100
11110110011111011 1
11111110111001110 22
11111111111011101 8
11101111011111110 2
11111110011111100 12
11111111011001111 5
11110111111011100 8
11110110101011100 1
11111110111011111 11
11111111111001100 24
11111110111101100 18
11110110011111100 4
11111111101101110 1
11111110101101100 1
11111010011101101 1
11111110111111100 20
11111111111111111 5
11111110111001101 6
11111110111101101 7
11111110111101110 14
11100110111011101 2
11111110111001100 23
11111111111011100 12
11110111011001110 3
11111111111001110 21
11111111111111101 9
11111011011111110 1
11111111011001100 5
11110111011101100 8
11110110111011110 2
11111111011101110 11
11101111011111101 1
11111111011111111 4
11101110011111111 1
11111111011101101 5
11110111111111110 4
11111111111101110 14
11111110011001111 6
11110111011101111 1
11111110111101111 6
11111110011101100 11
11111111111101101 12
11101111011001110 3
11111111011101100 8
11101111111001100 1
11110110111101100 2
01111110111011100 1
11101110011011111 2
11101111101001000 1
11110110011011111 4
11101111011111100 2
11111110111011100 22
11111110011111110 3
11101110111101100 1
11100111111111110 2
11001111111011111 1
11111111001101110 2
11101111111101111 3
11111111011101111 5
11101110101101100 1
11110110111111100 7
11111110111111101 13
11111111111001101 10
11101111111101110 2
11100110111111100 3
11110110111001110 6
11110111011011100 1
11100110111101110 2
11110111011001111 1
11111110111001111 2
11100110111101100 1
11111110011011101 11
11111110111011110 9
11111110111011101 9
11111101111101110 1
11110111011100111 1
11111111111101100 14
11111110011011100 13
11111110111111111 6
11111111011111100 10
11111010011111101 1
11111110011001100 18
11110111011111110 4
11101110011111110 1
11110111111111101 6
11111110011101110 4
11111111011111101 7
11110111011101101 2
11101110011101101 3
11110111111111100 6
11110111101001111 1
11111010011101110 1
11111111111101111 7
11111110011101101 8
11110111011111101 3
11111110011111101 5
11110110011101101 3
11110110111001111 1
11111110011001110 9
11111110011011111 7
11111101011011111 1
11110110111101101 7
11110110111011111 2
11111111111111100 19
11111110101111100 1
11111111111110111 1
11110110011001101 2
11111111011011100 11
11111111011001101 9
11111111111001111 8
11100011111111111 1
11111111011111110 7
11111011011010101 1
01111111111111101 1
11110110011111110 1
01100111111111100 1
11110111011001100 3
11101111011001111 1
11110111011001000 1
01111111011101100 1
11110110011001110 3
11111111011011110 6
11110111111101110 3
11110110011001100 3
11110110011001111 2
11100110011101111 1
11110110011101010 1
11110111111101101 3
11111111011001110 9
11111111101001100 1
11110111111101100 8
11111111111111110 11
11101111111101100 3
11110111111001110 4
11100111111001100 2
11110110111001100 1
11101111111011110 3
11110110111111101 2
11101111011011111 2
11101110111001110 2
11111011011101101 1
11111110111111110 14
11110110011011110 1
11101111111101101 3
11100110111011111 1
11100111111101111 1
11111111111011110 12
11101110011111100 2
11111111111011111 6
11110100111101101 1
11111111001111100 4
11100111011101111 1
11100111111101100 3
11100110111001101 1
11111111001011101 1
10101110011011100 1
11110111011001101 3
11110110111101111 4
01100110111001100 1
11111110101001101 3
11101111011101110 2
11111111001001101 1
11011110111011100 1
11101111111111110 2
01111110111001100 1
11101110111101101 1
11100111001011100 1
11110111111111111 2
11000110011101110 1
11111100111001101 2
11101110111001100 1
11101110011001110 1
11101111111011100 2
11110111111011101 5
11111111011011111 1
11110111001001101 1
11110110111101110 2
11111110011001101 5
01101111111111110 1
11100111111001101 2
11100111011101101 1
11110111111001101 3
11111110001111100 3
11111110011011110 10
11110111111001100 4
11110110011111111 3
01101110111011101 1
11101111111111100 3
01111110011111100 1
11110110111111110 4
11110111111011110 1
11101110111101110 1
01100111111001101 1
11110110011011100 2
11111110011101111 2
11110110111011101 3
11111110011111111 4
01111111001111100 1
01110111111101101 1
11111010111011110 1
11110110011101100 2
01111111111101100 1
11100111011011110 2
11110110111011100 3
11100110111011110 1
11110110111001101 2
11100111111111100 2
11101111111011101 2
11100111111111111 1
01111111011111111 1
11101110011011110 1
11101011011101101 1
11010111111101100 1
10110111111001101 1
11111110101011100 2
10101110111001100 1
11100110111111111 2
01111111001101101 1
11100110011111100 2
11100111011111100 1
11111110001011101 1
11111111011011101 5
11110111001001110 1
11111110101111111 1
11111111111001011 1
01101111100001101 1
11111110001111110 1
11111111101011111 1
11101111101001101 1
11111110101101110 1
11101111111001110 1
11111011101101111 1
11101110011101100 2
11111111001001111 1
11101111111001101 1
11101111011101101 1
10100111111111100 1
11111110101001100 1
01101111101011100 1
11100110011111111 1
11110111011011110 1
11111111101101100 1
01111110011001100 1
11111111010001100 1
11111111101011110 1
11110110011101111 1
01101110111011100 1
01111111111111100 1
11101110111111100 2
01110110111001110 1
11100110001001101 1
11110110111111111 3
11111100011011110 1
11111110010001100 1
11111111010011110 1
11111110101101101 1
11111101011101111 1
11111110111000100 1
11101111111111111 2
11101111111011111 1
11111111101011101 1
11011110111001100 1
01101110011111101 2
11101110111111111 1
11101111011001101 1
11100110111001110 1
11110111001111110 1
11101110111011101 1
11111110011011001 1
11100111111101101 1
01100110111001111 1
11111111001110101 1
11100110111101101 1
11111111011001011 1
11101110111001111 1
11111111010111100 1
11100110111111101 1
11111111101001101 1
11110110101101101 1
11111110111100100 1
11111110101111101 1
01111111111001101 1
10111111111101111 1
11100111011001100 1
11101110011001101 1
11011110111001110 1
11101111011101111 1
11010110111111100 1
11111111111011011 1
11101111101101100 1
