number of shots: 1024
more frequency result: 11111110111101111
11111110001111010 1
11110110111111100 2
11111110110111110 3
11111111111011101 11
11101010111011111 1
11111111111011110 6
10110110111001111 1
11111110111011110 9
11111110111011101 14
11111110111001101 5
11111111111001111 12
11110111011011111 6
11101110111011111 6
11100110011111100 1
11010111111101111 1
11101110010111111 1
11100110111111111 4
11111110011001111 14
11101110111011101 13
11101110011111100 1
11101111011101110 3
11110110111101101 4
11110110011111110 3
11110110011101111 2
11111110111111101 7
11111110111001111 12
11110110111001111 3
11100110011101111 2
11111111111101100 2
11111111011001111 9
11101111111001000 1
11101110111111010 1
11111111001111111 2
11101111111011101 8
11101110011011111 5
11101110111001101 6
11101100111011101 1
11111111111001100 2
11110110011001100 1
11110111111011101 2
11101111101001101 1
11101111111001101 4
11110111011101101 1
11111110111111111 10
11101111101111101 1
11101110011111110 2
11101100011001111 1
11101111001011111 1
11111111001111110 1
11101110011011110 2
11101111011101100 1
11110110101111010 1
11110011111111101 1
11110110011111100 3
11110110011101101 2
11110110011011111 2
11101111111111101 3
11111110111011100 4
11101110111101111 6
11110110011001111 4
11110110111001101 7
11110111011111101 4
11101111011011111 12
11000111111111101 1
11100110111001111 3
11111110011101111 9
11101110111111101 5
11001110011111111 1
11101111111001111 5
11101111011111101 1
11111111011111110 3
11100110011011111 4
11000111011111110 1
11111110111101101 8
11100111011011101 1
11111111101111100 1
11111110111111110 4
11111111111111110 8
11111111111111100 5
11101101111001111 1
11011110101001101 1
11110110011111101 4
11010110111111111 1
11110110011011101 2
11111110101001111 2
11111111011111101 4
11110010111011111 1
11101111011011110 4
11110010111101101 1
11100110111011111 3
11111110010001101 3
11101111110001111 2
11110111111001111 6
11111010011001101 1
11101110111111111 6
11110110011111111 6
11110111011011101 5
11111111011011100 4
11111111111111101 10
11101110110101111 2
11110111110111101 1
11101111111001100 1
11110111111111111 2
11111111110011111 2
11111111101011111 2
11101110111011010 1
11100110011011100 1
11101111111111111 5
11111110111111100 4
11110110110101101 1
11111111011100111 1
11111111111101111 9
11100111011101101 1
11101111011001110 2
11111110010111111 2
11101110010011101 1
11101110101011111 1
10110111110001011 1
11111110101101101 1
11100111111101111 4
11111110110011101 2
11110111011101111 6
11111110010001100 1
10110111111111111 1
11101110111001001 1
11101111110001110 2
11110110111011111 3
11101111011011100 2
11111111111101101 9
11111111111101110 3
11110111110001101 2
10101110110111111 1
11101111110111101 1
11111111011011111 9
11101111111011111 7
11111111111111111 14
11000111011101100 1
11101111011011000 1
10110111111011111 1
11101111111101111 7
11111111011111111 7
11101110110111110 1
11100110110001111 1
11101110110011101 2
11100110011101101 1
11111110111101111 16
11100110010001111 1
11101111111100101 1
01111111111011101 1
11110110111011110 2
11111110011111111 3
01111111111101111 1
11101111111101110 1
11101010011111101 1
11101101011101101 1
11110110111001110 3
11101101111101101 1
11111110011011101 3
11111110001101111 1
11100111110001111 1
11101011111111111 1
11100110011001110 2
11101110001011101 1
11110111111111101 1
11101110011011101 2
11111110011011110 7
11001110011011111 1
11101111011011101 2
11111110010011110 1
11101111111101100 2
11110111011101100 2
11100110111001110 3
11101101011001101 1
11110111100111000 1
11111110111101110 6
01100111111001101 1
11111110100111101 1
11101110111101101 3
11111110111011111 12
11111110111101001 1
11111111111011111 7
11111111011111100 3
11101110011011100 2
11101110111001100 3
11111111111001101 6
11111111011101101 3
11111111010111110 2
11111111010111111 1
11111110110011110 1
11110110111101111 1
11111101101011110 1
11101111101110110 1
11101110111001111 10
11101111111001110 3
11111110110001111 6
11101110111111110 9
11111101011101111 1
11110111011011110 2
11101111110001101 1
11100111011111111 3
11111010010101111 1
11101111011101111 2
11100100110011101 1
11110111111111100 2
11100110111011101 1
11111110111001110 8
11101111011001101 2
11110111101001111 1
11111110011111101 3
11110110111111101 4
11101111011010100 1
11101110011001101 3
11111110001111100 3
11111001111011111 1
11100111111111110 2
11101111011111111 1
11110110011001110 2
11111110101011111 1
11110111011011100 1
11100110011101110 1
11111111011011000 1
10101111010001111 1
11100111111011101 1
11101110111111100 3
11100111110101111 2
11100111011001111 1
11111001111001111 1
11110011111101101 1
11111111110001111 4
11111111011111000 1
11001111011011110 1
11101010111011101 1
11110110010101111 1
11101110110001111 1
11110111101111110 2
11111110010001000 1
11111111111001000 2
11111110010011111 2
11110111111011100 1
11110110000111100 1
11101110011001110 1
11110110111111111 2
11111110011111110 4
11110110010011111 2
11101111110011111 1
11101111101101111 1
11101111011001111 4
11110111001011111 1
11111111111011000 1
11111111101011000 1
11101110110001101 1
11110111010111101 1
11101111110011101 1
11101110111011100 2
11101110110101101 1
11101110110111100 1
11101110011101101 2
11100111111011111 3
11110111001111111 1
11111111011011110 6
11111110111001001 1
11101010011001111 1
11111110101101111 1
11101111101111100 1
10101111011011110 1
10110111101011100 1
11101111010001101 2
11100110110111111 1
11111110011101101 3
11101011111011101 2
11111110100011101 1
11110101001011101 1
11111110010001111 2
11101101111011111 1
11101110011111111 1
11110110111111110 1
11111110011101110 2
11101011111011100 1
11110111111101101 1
11100111011111100 1
11110111111111110 2
11111110001011101 1
11110111111011111 3
11111110011001100 1
11110110111011101 1
11101100111001100 1
11110111010001111 1
11100110101101111 1
11111111011001110 1
11111111101011110 1
11111111011101111 2
11101110010001101 1
11110101111011111 1
11101110101101111 1
11110111011001100 2
11111111110111111 5
11111110111001100 1
11101111010011100 1
11100111011011100 2
10110110111101101 1
11101111110011110 1
11110101111101110 1
10101110111001101 1
11010110011111011 1
11101110111101100 1
11111111111001110 5
10101110111001100 1
11101110101001111 1
11111110001011111 2
11110111110001111 1
11111110100001110 1
11100000111111110 1
11101110010101101 1
11111111111111010 1
01110110111101110 1
11101110111101110 3
11110111110011111 1
11101110111011110 3
11111111111011100 2
01111110111101110 1
11111110010101000 1
11101111011101101 5
11111110011111010 1
11101111010001110 1
11111111001010101 1
11101100011011100 1
11110111111011110 3
11111110110111111 2
11101101111101111 1
11111110011101100 1
11111110101011110 2
11110110011001101 1
11101110010001111 1
11110110011101110 1
11111111011011101 6
11111111101111010 1
11111110010111100 1
11111110110011111 2
11111110011011111 8
11110100111011111 1
11101111011001100 1
11010110011101101 1
11111111011001101 3
11110110010101100 1
11101111101111110 1
11101110110101000 1
11101110011101110 1
11111111011011001 1
11111110010101111 1
11111011111101111 2
11111110011001110 1
11110100111011100 1
11111110011001101 1
11100110111101111 1
11001110101011101 1
11110111111101111 2
11100111011001110 1
11111010111111101 1
11100111101111100 1
11110111110101111 1
11100110001001110 1
11101110011001111 2
10110111110111111 1
11101101011001111 1
11101111001011101 1
11110111010101111 1
11111111101111101 1
11101110111011001 1
11101110011001000 1
11111110011111000 1
11101110111110101 1
11111111001001110 1
11111111110001110 1
11101111111111110 4
11111110111011000 1
11111010111001111 2
11101110110111101 1
11111111101111110 1
11111101111101101 1
11111010111001110 1
11100110111111000 1
11111010110001111 1
11110101111011101 1
11110110101101110 1
11111110110111100 1
11111111110001101 2
11101011011111101 1
11100110111011110 1
11100011110011101 1
11101110001011110 1
11111110101111101 2
11100111111111101 2
11111111100011111 1
11111111101101100 1
11111111110101111 1
11111110101011101 1
10111011110011100 1
11101100011111110 1
11111111010001111 1
11100111111101101 2
11100000111001100 1
11111111010001101 1
11101110111001011 1
11101111110101110 1
11110111011111111 2
01101111101101101 1
11111110111001010 1
11110110011101100 1
11101110110011111 1
11110110011111011 1
11111110111011010 1
11101111011111001 1
11101110001001111 1
11101110011101100 1
11100110010101111 1
11111011110001101 1
11100110011111101 1
11110111111001101 1
11111100011111111 1
11101111001111011 1
11101110001001101 1
11110111111111001 1
01101111111101101 1
11111110100101010 1
11111101111011110 1
11110110110101111 1
11100111111111111 1
10101110111001110 1
11111101011001111 1
11110111111001100 1
11100111011101111 1
11111110011101000 1
11110110010111111 1
11111111001011110 1
11101111111011110 1
11101101011011100 1
11010110111001111 1
11111111010011111 1
11110011111011111 1
11101111001011100 1
11111111011101110 1
11111110101111111 1
