number of shots: 1024
more frequency result: 11111111011011101
11110110011001100 5
11111110111111110 3
11111110011011111 11
11110111011011111 8
11101111011011101 1
11100110111111100 1
11111111111011100 9
11101111111101101 1
11111110011111011 1
11110110111011101 5
11100111011011111 3
11111110111000111 1
11111110011111100 4
11111111111101111 4
11111110011010111 1
11111110011111111 12
11110111011101101 5
11111110011101111 15
11111110011101100 2
11111111001011111 2
11111111001101111 1
01100110011001101 1
11000110011111100 1
11110111011101111 6
11110111011001101 6
11110111111011100 2
11110110111011110 4
11110110011011110 4
11110110001001110 1
11111110001011100 1
11110110011101110 3
11110110011011101 5
11110110111001110 3
11111110111001110 5
11111111011011100 7
11111110111111111 15
11110110101011111 1
11101111011101111 1
11111111011011101 19
11101111111111110 1
11111111001111110 1
11110111101101110 1
11111110010011101 1
11111110010101111 2
11110111111011111 8
11110110111111110 3
11100111011011101 1
11111100111011100 1
11110110111111100 2
11111111010111100 2
11110111111011101 6
11101101111011101 1
11110111011111111 8
11111100011011111 1
11111111011011111 8
11111110111001111 10
11110010111111100 1
11111110011001101 9
11111111011101110 4
11110110011111101 4
11110110111001100 1
11111111011001111 11
11100110011011101 1
11111111111011110 6
11110110011011111 10
11110111011111101 6
11111110100011100 1
11110111111101101 6
11111111111111100 4
11111110011011101 11
11110110010011101 1
11101110010011110 2
11110111001011100 1
11111101111011100 1
11111011011001111 1
11111110011111101 8
11111111011101101 16
11111110011101101 12
11101111111011110 2
11111110111111100 3
11111111011001110 5
11111111111111111 5
11110111011110101 1
11111111111110110 1
11110110111101110 2
11111111011111101 12
11111111110111110 1
11111110111111101 11
11111111111111101 7
11110110011101101 4
11110111011001110 5
11110111111101110 2
11111111111001111 10
11111111111001110 3
11111110111011100 3
11111110011001100 5
11111110011110110 1
11111110101111101 4
01101111111101101 1
11111110101001100 2
11111010111111101 1
11110110001011111 1
11111110011011110 6
11110111011011101 7
01101110011001111 1
11110110011001111 6
11001111011111101 1
11111110111011101 11
11111111011111010 1
11111111101001110 1
11111110010011001 1
11111110011001111 9
10100111011101100 1
11111111101001101 1
11111111011101111 9
11111111111110111 1
11111111011010110 1
11111110101011110 2
11111110110011111 4
11111111111001101 13
11110111011001111 5
11110110110011110 1
11111110111101100 5
11101110011001111 1
11111111011101100 4
11111111111101101 11
11101111001001111 1
11110111111111101 4
11110111010101100 1
11111111111101110 4
11110110111001111 6
11111111111111110 5
11111110010111101 3
11111111110011101 5
11111110011010110 1
11101110111101111 3
11111110011011100 3
11111110110111100 1
11111110001101101 1
11110110011101111 5
11111110111010100 1
11111111011001101 8
01111110111111111 1
11110111001111101 2
11111110110101111 1
11111110111011111 10
11111111111011101 10
11110110101001101 1
11100111111001101 2
11111111011111110 6
11110111010011100 1
11110110011111100 2
11110111011101100 3
11111111111000101 1
11110111011101110 3
11110111100001111 1
11110110100111101 1
11111111101101111 1
11110111111001101 4
11110111110011111 3
11110111011011110 3
11111111011111111 9
01111111011111100 1
11001111011001110 1
11111110111001101 5
11111111011001100 5
11101111110101111 1
11111100011001101 1
11101111001011011 1
11111111011111100 3
11111111001111100 2
11111111011111001 1
11101111111000101 1
11111111110011110 1
11111110011111010 1
11111111011100101 1
11100110111101111 1
11111110111011110 3
11111111110110100 1
11110110011001110 1
11110111101111110 1
11100110011001110 1
01111111011111110 1
11101110001011101 2
11110110111111111 4
11110110010011110 1
11111111110001101 3
11101110011011111 2
11101110011011101 2
11110110011111111 5
11101110101011101 1
11100110111001110 1
11110110011001101 6
11111111111011111 13
11111110111001100 3
11101110111011101 2
11100111111111101 1
11111010011011101 1
11111111101111101 1
11110110111101101 8
01100100001001111 1
11100110111011111 3
11101110110011100 1
11100111111011101 1
01101110110001100 1
11111111011011110 2
11100010110111001 1
11110110001011100 1
11111110010111100 1
11111110111101101 7
01111110011111100 1
11111110010001100 1
11111110010011110 1
11110111111111100 2
11111111111001100 2
11111110010101101 2
11111010111011100 1
11110111111110111 1
11001111111001100 1
11110110101101111 1
11110111111001111 4
11110111111001110 3
01110111111011101 1
01101111011111100 1
11101111011111111 2
10110111011101100 1
11111110111101111 6
01111110011111101 1
11101111011101110 1
11110111111111110 3
11100110011011111 2
11110111110101111 2
11000110011101101 1
11111111110111111 2
11111110011101110 2
11110111011001100 1
11110111101011111 1
11110110111101111 3
11110110111001101 4
11110111111110101 1
11110111111101111 1
11110110110001111 2
11001110111001111 2
11110110110111111 1
11110011011101111 1
11110110010101100 2
11001110110011111 1
11110111010101010 1
11111010011111111 1
11111110110001101 3
11001110011011111 1
11111110010001110 2
11101111011011111 1
11110110110101111 2
11110110111111101 4
11110110010011111 1
01100111111101110 1
11101111001111101 1
11111111110001110 1
11001111011011110 1
11110111111011110 3
11111011011011101 1
11111111010101110 1
11111010011001111 1
11111111000011100 1
11000111111001111 1
11110110001111100 1
11110111111001100 4
11111111010111111 2
11110011011111101 1
11111011111111101 1
11101111011111101 1
01101111011001101 1
11111110110011100 1
11101111111111111 1
11111110001001111 1
11110110111011111 3
11110110110011111 1
11110111010101111 2
11111110011111110 3
11101110011101101 1
11111110010001101 1
11110111011011100 2
11100110011111101 1
11110110111101100 1
11110111111111111 3
11110111010111110 2
11110111010001110 1
11110110010011100 1
11110111010101101 1
11111011111001101 1
11101111110011111 1
11111110010111111 2
11110011011001111 1
11111110011001110 2
11110110010001101 2
11110111010001100 1
11110111110111101 1
11110111011000101 1
11100111011101111 1
11110110110011101 1
11111111010111101 2
11010110111011111 1
11110111110001100 1
11100111011101110 1
11101111011001111 1
01101110011111101 1
11101110111011110 1
01111111111111110 1
11111110111101110 2
11110111110101100 1
11110111111101100 3
11101110111011100 1
11101110011001101 2
11111011110101100 1
01110111011001111 1
11110110011101100 1
11100111111101111 1
11110111011111110 2
11111101111011110 1
11101111110001100 1
01110110111011110 1
11111110101011101 1
11111111101101101 2
11110111001111100 1
11111100010111111 1
11111110110001011 1
11111110001011111 2
11111111011000101 1
11111111101010100 1
11100110111111111 1
11110110111100101 1
11100011000010111 1
11111010111000111 1
11100110011001111 1
11110111011111100 1
11111110001001101 1
01110111111101111 1
11111111001101110 1
11110110101110111 1
11111010010111101 1
11110110001111101 1
11110110011011100 1
11111111110011100 1
01110110011111101 1
11111111010101111 1
11110110011111110 2
11111111010001101 1
11111110011100110 1
11011110011001110 1
11000110111011101 1
11110111010001111 1
11110110010111111 1
11111111010101101 1
11100110111011100 1
11111110011110100 1
11111111101111100 2
11111111111010110 1
11110011011101101 1
11100111110101100 1
10100111111011110 1
01111110111111100 1
11111110011110101 1
11111111111110101 1
11111111110101100 1
11111010011111100 1
11000110011001101 1
11111110101111111 2
11111110001011101 2
11111111010011100 1
11111110110010101 1
11111111011111011 1
11111111111101100 1
11111111010001111 1
11111111110010101 1
11111111010011101 1
11111111010011111 1
11110111010011101 1
01101110010101111 1
11110101111111111 1
11110111000011101 1
11111011111011101 1
11110010110011111 1
01101110011101110 1
11111011011111111 1
11111011011011100 1
11111111001110101 1
01111111011001101 1
11111110101001110 1
11101110011001110 1
11111111011100110 1
01110011111100101 1
11100110111001111 1
11110110010101101 1
