number of shots: 1024
more frequency result: 11111111111111101
11101110011111111 1
11101111011011110 1
11101110111011101 8
11101110110001111 1
11100111111111101 6
11101110011101011 1
11101110111101101 6
11111111111111110 1
11111110111001101 8
11101111111011101 15
11101111011101111 3
11100111111011111 3
11110110111101101 5
11111111110101101 2
11101111111101101 11
11111110111010110 1
11111110111011111 16
11100110011111101 3
11110111111011101 8
11100110011011110 1
11101111011111111 3
11111111110111111 1
11110111111011111 7
11111110011001101 1
11110111111101111 6
11110111111011100 2
11101110111011111 6
11101111111001111 7
11100111001011111 1
11101111111111101 13
11110110011011111 2
11111111111101111 8
11101111110111111 1
11101111110011100 1
11111111111101101 15
11100110111001111 4
11101110110101101 2
11111111111001111 7
11111110011101101 1
11101111111001100 1
11111110111111101 9
11111111111001100 5
11111110110011111 4
11111111101101111 1
11111111111011111 11
11111111111001101 16
11111111111111101 17
11111111110011110 2
11111111110111101 3
11101111101111111 1
11111111111111111 11
11111110111101101 7
11111111011111101 3
11110111111111110 4
11111110011101111 2
11110110111111101 10
11101111111101111 7
11111111011011111 3
11110110110101111 1
11001111111101111 1
11001111111011110 1
11111111101011101 2
11111111010011101 1
11101110011111100 2
11111110110001101 3
11111111011111110 1
11111111011101111 2
11111110101111000 1
11110110011011101 2
11100111011111111 1
11101110111101111 4
11110110001011101 1
11001110111111111 2
11100111111111110 2
11111111111101100 1
11111110111001110 3
11110111111111101 9
11111110110101111 2
11111110111011100 4
11111110101111101 1
11111111011111100 3
11100110111111101 6
11111111111010111 1
11101110111111101 9
11111010111001111 1
11101111111001110 1
11110110111001101 8
11100111111101111 6
11111111011001111 1
11111110111001111 9
11111111111011101 10
11111110011111101 3
01111111011001101 1
11111111111101110 1
11111110010101000 1
11111110111111000 1
11110111111001111 9
11101110001111101 2
11111110110011110 2
11111111101101010 1
11110110111001111 8
11101110111001101 9
11111110111101111 4
11100110111101110 1
11100111111101101 8
11101111111111111 10
11001110011011101 1
11101111111011111 8
11101110101001101 1
11101110011011101 3
11100110111011111 6
11101111010011111 1
11111110111001100 1
10111111011001101 1
11111111111111100 2
11101111101101101 2
11101101111101101 2
11110111111011110 3
11101111110101101 4
11101101111111101 2
11110111111101100 2
11111110111101110 2
11100111110111011 1
10101111111011111 1
11100111010011101 3
11101110110001101 4
11101111110111101 1
11111110110111101 3
11100100111101101 1
11110111001111101 1
11111111011101110 1
11111110110011101 3
11111110111101100 2
11111110111111111 7
11110110111011111 9
11111100111101101 2
01100111011001110 1
11110111101001101 1
11101111011011101 5
11101110011001101 3
10110110011011111 1
11100111111100100 1
11110110111101111 2
11110100011001101 1
11110110110001110 1
11100110101001101 1
11110100011101111 1
11101110111110101 1
11101111111001001 1
11111111010101101 1
11110110111110111 1
10111111111001010 1
11110110111011101 8
11100110111110111 1
11100110110001101 1
11100110111101101 5
11111111101011111 1
11101110111111100 3
11100100110111110 1
11101110011011111 3
11111110111011110 2
11101101111001111 1
11111101111101111 1
11100110110111101 3
11101111111001101 10
11100111011101101 3
11101110110111101 3
11101111110111110 1
11100111110001101 2
11100110110011101 2
11111110100001101 1
11110110110101101 3
11110101111001101 1
11110111111101101 4
11101110111111111 6
11111110101101111 1
11111111111011100 2
11100110101101110 1
10100110111101101 1
11100110101011101 1
11101110011101111 4
11101110111001011 1
11111011111011101 1
11100100011001101 1
11100110011011101 4
11101111110111100 1
11100110011111111 1
11100110011101111 1
11111110110111111 1
11100111111111100 1
11111111110111100 1
11110111111111111 3
11100111011111101 3
11100111111111111 3
11110111110111101 4
11100111011101111 3
11110110111101100 2
11001110111001101 1
11111110011111111 2
01101111111011111 1
11100111111011101 7
11100110111011110 2
11101110111101100 1
11100111011011111 1
11100111011001111 2
11100110101011111 1
11100111111001111 4
11100010011011101 1
11101110110101111 1
11101110111001111 4
11100110100101011 1
11110111111001101 4
11100111111001100 1
11100110001001010 1
10110111011001111 1
11101110110111111 1
11100111110101101 3
11110110111010100 1
11111110111011101 8
11100111110101110 1
11110110111101110 1
11111111011101101 1
11100111110111111 1
11110110111111111 3
11110111011101111 1
11111110111111100 2
01101110111101101 1
11110111011011101 1
11100111101001111 1
11111110011111110 1
11110110111111110 1
11110111011001111 2
11110111111111100 1
11110110110111111 1
11110111110100101 1
11111111011000101 1
11101101011101110 1
11111111011001101 4
11110111010111101 1
11110111111001100 2
11111111011111111 1
11100110011001111 1
11110110111000101 1
11111111011011101 3
11101110011111101 2
11100110011011111 3
11110110110011111 2
01100110111101101 1
11100110011101101 6
10111111111111001 1
11111111110101111 1
11101110111101011 1
11110110111110110 1
11110110111111000 1
11100110111001101 5
11101110111011100 3
11110111010001101 1
11101110011001111 4
11110110000001100 1
11111111110011111 4
11101110011011100 2
11101110110011101 1
11110110110111101 1
11100111011011101 2
11111111111111000 1
11100110111101111 5
11101111011101101 1
11110110011100110 1
11110111111001110 4
11100110110011111 1
11111110110101101 2
11100110111011100 1
11100110111111100 3
11110110110001101 1
11101111111111011 1
11111011111001101 1
11100110111111011 2
01111100011101110 1
10100111111001111 1
10110111011111100 1
11110110011111101 4
11110111110000110 1
11100110111111111 6
11111101111011101 1
11110110111001000 1
11101100101011101 1
11100110110101111 2
01111111111011111 1
11101111011111101 4
11100101011001101 1
10110111111101101 1
11101111101001101 1
11100111110111101 3
11100100010001101 1
11110111011111111 1
11111110111010101 1
11110110011101111 3
11101110111111110 1
11101111111101110 1
11111110101011100 1
11111111111011110 1
11100110101111101 1
10100111011011111 1
11101110111001100 1
11111100011101111 1
11111110110001111 1
11110110011111110 1
11110110110011101 2
11100111010111111 2
11101111010111111 1
11100111111001101 2
11100111011011100 2
11101111011011111 3
11101101010101101 1
11101111110011101 1
10110110011101111 1
11100110111101100 1
11000111111111111 1
11100110011101100 1
11101111101011101 1
11101110110011111 2
11101111110011111 1
11100100111111101 1
01101100111001111 1
11111110010011111 2
10101101111101111 1
11111111011101011 1
11100101111101101 2
11101100011111101 1
11101111111101011 1
11100110111011101 6
10111110110011110 1
11100110110001111 2
01101111110011110 1
11100110011111100 1
11100110010101101 1
11110110000111101 1
11101110101001111 1
11101101111011101 1
11111101111001101 1
11110110010011111 1
11101111110000111 1
11110110011111111 2
11111110111101010 1
11111110011011101 2
11111110011001111 2
11110111011101110 1
11111111010111111 1
11111100111011101 1
11111100111001101 1
11101101011011101 1
11100110011001101 2
11111110110101110 1
11101111010111101 1
11100111011001101 2
11100111001011110 1
11101110011001100 2
10100110011101101 1
11101100111001101 1
11110111011001101 1
11111110100101111 1
11101111011101110 1
10111111111011111 1
11110111110101101 1
11101111111101100 3
11110110110111100 1
11110111110001101 1
11111111111111001 1
11110110110111110 1
11101101011001100 1
11110111010111100 1
11100010111111101 1
11101110111001010 1
11011111111101110 1
10101111111111101 1
11101111011001101 2
11100110110010101 1
11101111111101010 1
11110111011101101 2
11111111110101000 1
11101101011111101 1
11101110001011101 1
11110110011101101 2
11111111010001111 1
11000111111011111 1
01111110111001111 1
10101111111011101 1
01110111111011101 1
11100101111111101 1
11110110111110101 1
01100110111101111 1
11100111110001110 1
11100100111101100 1
11101100111011101 1
11100110011001110 1
11101110011101101 1
11101110101001010 1
11101111111011100 1
11101100011001111 1
01111111111011101 1
11101101111101111 1
11111101011111101 1
11101111010101101 1
11110110111001011 1
11100100011111101 1
10110110111011101 1
11101111011001100 1
11110100011011101 1
11110111011111100 1
11110111111111001 1
01110111101101111 1
11101110111101110 1
11110111110111111 2
11110111011111101 1
11111110011011110 1
11110011011011101 1
11101111001001101 1
11101111111011110 1
11111110111111001 1
11101101011101101 1
11100111111001110 1
11110111010001111 1
11111110111011011 1
11110110110011001 1
11101110110101001 1
01110110111101101 1
11101110110001100 1
10111111111111111 1
