number of shots: 1024
more frequency result: 11111110111101111
11111111111111111 6
11111110011100101 1
11100110011101110 2
11101011011101110 1
11111110011010111 1
11111111111001110 5
01101111011101110 1
11101110011101101 7
11100110011111101 5
11101110011011101 4
11101111011011101 2
11101111011101100 5
11111111011011101 6
11111110011111100 5
11110111011001100 8
10111110011101110 1
11111101011101101 1
11111111011101110 5
11110110111101101 11
11100011011001110 1
11110110011011100 2
11101110011011110 2
11111111111101111 11
11100111011111110 2
11111111011001101 9
11111110011001100 6
11101111111101100 5
11101110111011110 3
11110111111101110 6
11111110111101111 19
11110110111101111 4
11111110111101010 1
11111111111001111 10
11101110011101110 2
11111111011111101 11
11100111111101111 2
11101111011101111 7
11101111111111100 4
11110111011001111 6
11110111011111101 6
11110110111101110 5
11110110111001101 6
11111110111011110 3
11111111111011100 3
11110111111011100 5
11110111011111110 2
11110111011101100 3
11111110111101110 5
11111110011101111 19
11101111011101110 3
11100111011101111 2
11101110011111100 2
11101110010111100 1
11101110011001101 5
11111110111001110 4
11101110111101100 4
11101110011111101 5
11100110011001111 3
11111111111011111 5
11111010111001101 1
11111111111111100 5
11111110011101101 17
11110110011101111 7
11111101011111111 1
11111110111011111 5
11111111011101101 10
11100110011111100 2
11101111011111111 5
11100110111101101 5
11111110111111111 8
11111111011101001 1
11110110111011111 6
11111110111110100 1
11110110011101101 6
11111111011101111 10
11100111011001101 6
11111111011110110 1
11111110011111111 5
11110111111111111 4
11111111011001110 7
11110111011101101 12
11111011011010101 1
11101110111011101 2
11101110111101111 11
11111110011101110 5
11111111111001101 11
11111110111111101 13
11111111011111111 6
11101111111011111 6
11111111111101101 11
11111110101101100 1
11111110111001100 5
01100110011101101 1
11100111011101101 3
11101111111011100 2
11110110011011101 8
11110110011101100 4
11101111111101110 4
11101110111011111 6
11100110111100111 1
11100110111011101 4
11111100111001100 1
11110111011001101 1
11101110011001111 3
11110111111101111 9
11101110111101110 2
11110111011111111 5
11100110011111111 2
11111110111100011 1
11111110111101100 8
11111111111111110 4
11100110011011101 1
11100111011101110 2
11110110011001100 3
11110110011111111 3
11111110011011101 7
11111110111100110 1
11111110011001111 6
11101111011101101 5
11111110111011101 7
11101111111001101 5
01111111011001100 1
11111110111001101 13
11110110011001101 5
11110111110011101 1
11110101111011101 1
11101110011101111 3
11111111011001111 6
11101111111101111 6
11110101111101111 1
11111111111101010 1
11101110111111111 4
11111110011001110 3
11101110111101101 7
11110110111101100 2
11111110011011100 4
01101111010000110 1
11111111011011100 2
11110110111111101 2
11100111111101101 6
01111110111101101 1
11111110011011110 2
11111111011101100 5
11110111111101101 2
11100111011101100 1
11110111011111100 1
11111111111011101 3
11101110011101100 3
11111101111111100 1
11101100011101100 1
11100110011101101 3
11101111111111101 3
10111111111101101 1
01100111011101101 1
11101111011001111 8
11110110011001111 4
11111111111111101 4
11111100011111101 1
11101111111111111 2
11111110011101100 9
11111111011011111 5
11110101111011111 1
11101110011111110 2
11101110011111111 2
11100111111111111 3
11100111011111111 4
11100110111101111 1
11101111111111110 1
11110111011011110 1
11111110111001111 8
11001110111001101 1
11111110111101101 13
11100111111101100 1
11101110111111101 5
11101111011111101 4
11110110111111110 2
11101111011111110 1
11110110011111110 4
11111110011011111 3
11100111111101110 3
11110110111001100 2
11110110011101110 3
11111111111011110 6
11110110111001111 2
11101111011001101 2
10111111111111100 1
11100110011101111 2
11101110111111110 2
11111111011111100 1
11101110111011100 1
11111110111111100 1
11110110011111101 3
11100110111011111 3
11111111111101100 4
11101110011101000 1
11110111111111101 3
11110111111011111 2
11101110011011111 2
11111110010101101 1
11111100111111110 1
10100111011101101 1
11110110011111100 1
11101011011101100 1
11100110111001101 1
11111111011111110 6
11111111111101110 5
10111110111011110 1
11101110111001111 1
11110111111111100 3
11111110111101011 1
11101111011011111 4
11100111011001111 2
01111111111011111 1
11110111011011111 3
11110110011001110 1
11111111111001100 10
11101111111011000 1
11100111111011101 2
11100110011001101 1
11100111111001100 1
11110101011101101 1
11110101111001110 1
11111111101001111 1
11110111111001111 2
11110111011001110 2
11110111011011101 3
10111111011001111 1
11010110111011101 1
11100011011011110 1
11111110111011100 2
11100110011011111 1
11100110111101110 2
11111111111011000 2
11110111111001100 2
11101111111101101 3
11110111111001101 4
11111100111101100 1
11101110111001101 1
11111110011111110 2
11111100011111100 1
11101111011011110 2
11101110111001001 1
11101111011011100 1
11110111011011100 2
10111110111001100 1
11100111011111101 1
11110111011101111 7
01100100111101101 1
11111110011010100 1
11100110111111100 1
11101100011101101 2
11100110011101100 2
01100110111001101 1
11100111111111110 1
11111111011011110 2
01101111111001110 1
11110111111101100 3
11111100111101101 1
11100110111111111 1
11101111011111000 1
11101110011011100 1
11110100111101111 1
11110111111111110 1
11111111010011101 1
11110111111011101 3
11111110011001101 4
11101111111001111 2
01101110011101100 1
11110111011101110 2
10110111011101101 1
01101110111001101 1
11101111111001110 1
11111101111001111 1
11100110111001100 2
11101111011001110 1
10101111011001101 1
11100111111001111 3
11111100011001110 1
10101111011111101 1
11100111110001101 1
11101110011001100 1
11001111011011101 1
11111111110001101 1
11110100011101101 2
11110110111001010 1
11111101011111101 1
11101111111000110 1
11101011111011101 1
01101110011101111 1
11111110110001110 1
11111110010001110 1
11111111111010110 1
11110110111011101 2
11101110011101010 1
11100110111011110 1
11111111011001100 1
11101110111111100 1
11111111110001100 1
11111110011111101 5
10110110011111110 1
01101110011101101 1
11101101111011111 1
01111111111101111 1
11110110011011010 1
11111101111101100 1
11110100011001101 1
11101111011001100 2
11010110011111111 1
11101100111111100 1
11111111101011111 1
11100111111001101 1
11111101111101110 1
10100110011111111 1
11111101111011101 1
11101101111111101 1
11110110111111111 1
11110011111101111 1
01100110011011110 1
11110110111101000 1
11101111111011101 2
11110110111011100 1
11101111011011010 1
10101110111111111 1
11111110111111110 1
11101101011001101 1
11100111111111011 1
11111011011101111 1
11110110111011110 2
11101111011111100 1
11111100111011111 1
11111101011111100 1
