number of shots: 1024
more frequency result: 11111110111001101
11110110011101110 4
11101110111101111 11
11101111111001100 5
11100110011001111 3
11101111011111100 5
11101111111111101 8
11110111111001110 2
11100111111101111 4
11100111011011110 1
11110110011111100 1
11101111011001111 4
11100111101011111 1
11111111111011110 8
11100110111101100 2
11101110111101100 6
11000110011011100 1
11110111111011110 2
11100110011011100 4
11101110111011100 4
11111111011101100 4
11100110111111011 1
11100110011011101 8
11100111011111110 1
11110110111101111 2
11100110011111101 2
11100110111101110 4
11111110011011110 6
11101111111101110 6
11110111111101110 3
11101111011011101 6
11101110111111100 2
11110111011101100 3
11101110011101101 11
11111111111101110 6
11100110011101001 1
11110110111101101 6
11101110111001110 7
11101110111001100 5
11100111111101101 2
11111111111111110 7
11101110011011111 5
11100110111011111 3
11111110111001110 4
11100110011111111 1
10111111111101100 1
11101110011001110 1
11101110111001101 6
11101110011111110 1
11101110111111111 6
11111111111101100 3
11101110111101101 11
11111110011101100 6
11101111111011100 5
10110110111101100 1
11111110111001100 4
11101111111011101 9
11111110111101100 7
11111111011011101 7
11111111111101101 11
11111111111001111 7
11101111111101101 11
11111111111011100 3
10111111011011111 1
10101111111011100 1
11101110111011111 11
11101111011101101 4
11110110011101101 7
11101111011101110 2
11110111111101101 4
11001110111111110 1
11101110011111101 6
11101110011011110 5
11110110111101110 4
11111111011011111 10
10101111111011000 1
11111111011011100 4
11111110111101101 12
11111110011101111 6
11111110111111110 6
11100110111111110 1
11111110111011111 7
11111110111001101 17
11111110111011100 4
11111110011011111 6
11111111111101111 14
11101111111101100 4
11111110111111101 7
11101111111100100 1
11111110011101101 12
11111110111101011 1
11110111111111110 2
11100111111001110 1
11101110111011101 10
11111110011001100 1
11110111011101111 3
01101111111001101 1
11111110111101110 6
11101111010011110 1
11111110111011101 10
11110111011101101 5
11110110111001100 3
11111111111100111 1
11101111011101100 2
11110110111011100 3
11111111111011101 10
11111110111011110 8
11101110011011100 1
11101110111011110 4
11111110010101111 1
11111110011011011 2
01100111111111111 2
11100111111011100 2
11111110011101010 1
11111110111001111 7
11111110011111100 1
11111111011001100 3
11111110011001101 7
11111111011101111 6
11111110101011100 1
11110111011101110 2
11111101111101101 1
11111110011011101 3
11100111011001100 1
11101110111101110 3
11100110011101110 1
11101110011101111 8
11111111101110101 1
11011110011001101 1
11111111111001101 8
11101110011011000 1
11110110111001111 2
10110111111111101 1
11101110111001111 4
10111111111011101 2
11110110011111101 3
11101111111011110 2
11111110111111100 3
10101110111011101 1
11111111111111101 6
11101110011101110 7
10101111101101100 1
11100111111001101 2
11111111011101101 8
11101110011001101 4
11101111111111100 2
11101110111100100 1
11101110011101011 1
01101110011111101 1
11101111011011010 1
11111110111101111 15
11101110011001111 6
11111111011001110 1
11101110001001100 1
11101110011101100 2
11110111111011100 1
11111100111011111 1
11100110111001101 5
11100111011101111 3
11101111011001100 2
11100101111111100 1
11110110111001101 2
11100110111111100 4
11100110111011101 8
11100110111011110 1
11110111111111100 2
11101111111111110 1
11101111011011100 2
10111111111101011 1
11111110110011110 1
11101110111111101 8
11100110111101010 2
11101110011011101 9
11100110011101111 3
11111111011111110 3
11101111111101011 1
11110110011101111 2
11111111111011111 7
10111110111001101 2
11101110011111111 8
11111110111111111 8
11101111111001110 1
11111111101101110 1
11110111111111111 3
11111111011001111 2
11110110111011111 2
11110110111011101 5
11111111111111100 3
11101111011011111 4
11110110011011110 1
11001111111011101 1
11110110101101101 1
11110111111101111 3
10101111011111111 1
11100111011011111 1
11101111011111111 3
11111111011001101 4
11001110111101101 1
11110110111111111 1
11100110010011111 1
11111111111001100 2
11110111011011110 1
11100110111101111 3
11101111111101111 6
11111111011111100 2
11111111011111000 1
11111100111101101 1
10101111011001111 1
10101110111101110 1
11110111011011111 1
11101110101101101 1
11111111111111111 10
11101100011111110 1
11111111011111111 1
10110110011011101 1
10101110011011111 1
11101110111111110 1
11110111111111101 3
11100111111111110 1
11101111111001101 4
11110111011111111 3
11110110011011101 5
11100111011011101 2
10100110111101101 1
10111111111101111 1
10100110011111111 1
11101110111111001 1
10100111111001111 1
11111110111010111 1
11111110011001111 6
11001110111011110 1
11110111011011101 4
10101110111111111 1
11100110011001101 1
11100111011101101 1
11101011011111100 1
11111110101001101 2
11101110111101000 1
10110111011011111 1
11110110011111111 1
11110111010001111 1
11110110011001111 3
10110111111001101 1
11001110011001101 1
11110110110111111 1
10100110011101111 1
11100111011101110 1
11101110111101011 1
10110110111111100 1
11111110011001110 1
11111111010101110 1
11101111110011110 1
11110110011101010 1
11110110111111110 1
11110111111101001 1
11100110011001100 2
11111110011011100 1
11111110011111111 4
11110111011001101 1
11101111111011111 4
11101111111011010 1
11111111011111101 2
11111111111011000 1
11100110111001110 1
11100111111011101 2
11110110011101100 2
11111111111001110 1
11101111111111111 7
10110111111011111 1
01101110011001101 1
11101110101101111 1
11110110111111100 2
11111111011101000 1
11110110011011111 1
11101101011101111 1
10100110111001100 1
11110110110011101 1
11001111111101101 1
11101111011101111 4
11111110011111101 3
11100110111111101 3
11100111011001111 1
11100111111111111 4
11110111011001110 1
11101110011111100 2
11110111111011111 4
11101111111010111 1
11110110111111101 1
11101111011001101 2
11100111011001110 1
10111111111101110 1
11101010011101111 1
11110110111111000 1
10111111111001111 1
11100111011111111 2
11100111111001111 1
11110111111001111 2
11101110001011101 1
11100111011111101 1
10101111011011101 1
11101111111001111 3
10101111011101110 1
11110111011111101 1
11100110111011100 1
11100111011101100 2
11100110011011111 1
11101110101011111 1
11110111111011101 2
11100110111111001 1
11101111011111101 2
10101110111101111 1
11100110111111111 3
10101110111101101 1
11111110101111101 2
11101100111111101 1
11111010111011101 1
11101111110111101 1
11011111011101110 1
01110110111011110 1
01111110111111101 1
10111110111011101 1
11101110110011101 1
01110110010111111 1
10101111111111100 1
11110110011111001 1
11100111111101110 1
11101111011001110 1
11100111111111101 2
10101110011101111 1
11100111111101100 1
11100110011010101 1
11010111111001101 1
11110110110001111 1
11101110111011000 1
10101111111101101 1
11100110111001111 2
11101110011001100 1
11111111110011110 1
10111110111101101 1
11101111101001111 1
11111111011011011 1
11101111011111110 2
11100110011111110 1
11111111011110101 1
11010110111111101 1
11111111111101010 1
10110110011001110 1
11100110111101101 1
11111110011111000 1
11110111111001100 1
11111111110001111 1
11111110011111010 1
11111110111110100 1
10101110111011100 1
11110110011001101 1
10101110111001101 1
11111111110111100 1
11110111110001111 1
