number of shots: 1024
more frequency result: 11110110111001101
11111111010111110 1
11110110110001100 1
11110110111001110 16
11111111011000111 1
11110111011101111 8
11100111111101110 2
11110110111101101 11
11110110111000111 1
11110111011101110 2
11111110110111111 1
11111110111111101 6
11110110011111101 8
11110110011101111 4
11111110111001100 10
11111111011101110 7
11100110111101111 3
11101110011101101 4
11111110011101111 3
11111110011001100 8
11111111111111011 1
10101111111101111 1
11101111111111100 2
11100110011111111 3
11110110111111111 10
11111111011101101 7
11101110111001111 7
11110111111111111 9
11101111111001111 8
11110111111001110 9
11111110111101101 8
11111111111101111 9
11101110111111110 2
11111111011011110 2
11111110111101110 4
11111111111111101 10
11110110111111110 3
11110110111001001 2
11100110111111110 1
11111110111001111 19
11111110111001101 14
10100110111001100 1
11110111111001111 16
11111111111001111 16
11100110011001110 2
11100111111011110 1
11111110011001110 3
11111110011111111 7
11111101111001110 1
10111110111001100 1
11110111011001111 7
11110110011001110 3
11111111111101110 1
11110110110111100 1
11110111111101100 5
11111111111001100 8
11111111111001110 7
11110110011001001 1
11110111111111110 4
10100111111001101 1
11111111111111111 6
11110111011001100 2
11100110011011100 1
11111111110111100 1
11110111111001100 11
11100110011101111 2
11111110111111100 6
11110110111101111 12
11110111010111111 1
01101110111101110 1
11100111011001111 2
11110110111001111 17
11100111011001101 1
11100111111001110 3
11101110111101110 3
11101111111101111 2
10110110111111010 1
11011111111111101 1
11101110111001101 7
11111110111011110 3
11111110111111111 16
11111111011001101 7
11110111011111110 2
11101110111111101 3
10110110111001111 1
11100110111100100 1
11110111011001101 7
11100111111101111 2
11101110111101101 4
01100111011111110 1
11100110111111101 2
11100111111001111 7
11110111011111101 7
11110110111111101 7
11101111011001110 2
11101111111001101 3
11110111011101100 5
11111110111100101 1
11110110111001101 20
11101111111001110 3
11110110011011111 2
11110110001001100 1
11110110111011100 4
11111110011101110 6
11110110111101110 6
11100111111111110 3
11100111111111111 4
11111110111111110 6
10100110011001101 1
11111101111001011 1
11100111011101111 1
11110110011101101 8
11111110111101100 5
11100110011001111 3
11111110111101111 8
11100111011101101 4
11110111111001101 14
11110110011001100 8
11111111011111100 2
11111111111111100 4
11110110111110101 1
11111110111000100 1
11100100111101100 1
11111110011111101 4
10110110111101111 1
11111111111101100 3
11100111011111100 1
11111110011101101 2
11111111111001101 12
11100111011111101 2
11110111011011100 2
11111110011011111 5
11110110111011101 8
11001111111011101 1
11101110111111111 1
11100110111111100 1
11110110011111001 1
11111111110101111 1
11100111011111111 1
11111111111101101 7
11111110001001101 1
11110111011001110 8
11101111011001101 5
11100110111000111 1
01110111111001110 1
11111110011001111 4
11110110011101100 1
11110111111011101 3
11110111011011110 3
11110111111110100 1
11101110011101111 3
10110111111101101 1
11111111011001110 5
10110111011111100 1
11111110111011100 2
11100111111101100 2
11100110011101110 2
11110110100111101 1
11110111111010110 1
11111110011011110 4
11111010111001111 1
11111111011001111 7
11111111111001010 1
11110111011101010 1
11111110011001101 5
11110111011011111 4
11100110111001110 4
11111111111111110 3
11111111111011101 4
11100111111001101 2
11101110011011111 1
11110111111101101 5
11110110111001100 8
11100110111111111 2
11111111011111101 3
11110111111101110 5
11111111111011111 3
11111110111001000 2
11101110111101111 1
11101111111011111 1
11101111011111111 2
11111111011111110 3
11110110011001111 7
11110110011111100 4
11111111111000100 1
11110100111111101 1
11111110111001110 8
11110111011101101 6
11110111111101010 2
11110110011001101 6
11100111011001100 1
11110110111101010 2
11010110111101101 1
11111010111001100 2
11101110011001110 1
11110111111111101 2
11111111011111111 4
01100111111101111 1
01110110111101111 1
11101110111001110 2
11110111011001001 1
11100110111011101 1
11111110011101100 5
11110111111111100 3
11000111111101110 1
11111100111001101 1
11100111111101101 3
10101111011001110 1
01111111011001110 1
11110111111101111 5
11101110011001111 2
11110110111011111 3
11111110011101001 1
01101111111111101 1
10111110111001101 1
11110110011111111 4
11101110111001100 3
11111111111101011 1
11111111011011111 1
11100110011101011 1
01100110111101101 1
11100110111101110 2
11100110111001111 4
10101110111101011 1
11111111110001101 1
11111111011101111 5
11111110011111110 3
11110111111011111 2
11101111011001111 2
11100110011001101 2
10110111111001110 1
11100111011101100 2
11110110011001011 1
11110111011111111 4
11111110111011101 1
11101111111011101 1
11110111011111100 1
11101111011001011 1
11101110011001101 4
10110110111001100 2
11100110011011101 2
11110111111001011 1
11000111111001100 1
11101110011111100 1
11111011111001101 1
10101111011001100 1
11100111111111101 2
11111111011001100 4
11110110111101100 1
11111110111011111 3
11100110111001011 1
11101111111111111 1
11100111111001010 1
11101110111011111 2
11110100011111101 1
11110111110001101 2
11110110011011110 1
11110111011001010 1
11111110101001101 1
11100110011011111 1
11101110011011101 1
10111111111101100 1
11101110011111101 2
11110110011111110 1
11101110011101010 1
11110110101101100 1
01110111111111111 1
10100110111001101 1
10111110011101111 1
11110110001101111 1
11100110011001100 3
11100100111011111 1
11110110101101111 1
11110110011101110 2
11011111111111111 1
11110110111100101 1
11110111111000111 1
11110111111101001 1
10110110111101101 1
01101110011111111 1
11111111111111001 1
11101110111010101 1
11100111111101011 1
11100111011001110 1
11110110011000101 1
11111111001111111 1
11111110011011100 1
11110110111111100 2
11110110111011110 3
11100110111001100 2
11111010011001101 1
11101110111011101 1
11101111111111101 1
11100110111001101 2
11100110101001100 1
11110110001111111 1
11101111011001100 3
11100110011111101 1
11111110011111100 1
11101000111001111 1
11111101111001111 1
11110110011101001 1
11110111010001010 1
11101111011011111 2
11111101011001100 1
11110111111011110 1
01101110111001101 1
11110110110001101 1
11110111011011101 1
11111001111001111 1
11111110011011101 3
11110100111001110 1
11111010011001111 1
11101110011001100 1
11110010111001111 1
11110110011011100 1
11110110010101101 1
11101111111101110 3
11110100111111100 1
11101110111111100 1
11110111110111110 1
11100110111011110 2
01101110011001100 1
11110010110111101 1
11111110111111011 1
11101111111101100 1
11111010111101101 1
11110111011000100 1
11101111111001100 1
11110110111100111 1
11100110011111010 1
11100110011101101 1
01100110110001101 1
01100110111001101 1
11110101011001110 1
11000110111001111 1
11110100111001111 1
11011111111001111 1
01101111111001111 1
11100111111000101 1
11110111111110110 1
11110111111111010 1
