number of shots: 1024
more frequency result: 11111110011001101
11110111011111111 2
11110111011001111 7
11101111111011110 4
11110110111011101 7
11110111011111101 5
11111110111001110 11
11110110011101111 4
11111110011011100 4
11111110111001111 9
11101111011011100 2
11111111111101101 8
11110110111101101 3
11110111111011110 2
11110110011001100 5
11101111111101110 2
11101110110101111 1
11111110111011101 5
11101110111001110 5
11110110011011110 3
11111111110011100 1
11100110111101110 1
11111111011011101 5
11111111111001101 6
11111110111111110 4
11110111111011101 7
11111111111011100 5
11111110011011111 7
11001111011111101 1
11111110111011100 2
11111110111001100 8
11111110111111111 2
11111111001111100 1
11111111011001111 11
11101111011101100 5
11100110011111100 1
11100111011101101 1
11110101011001100 1
11111111011011111 10
11110110111001110 2
11110110011101100 3
11111111011101111 8
11101111111001101 7
11111110011101100 6
11111110011101110 9
11111111111001110 7
11101111111101111 3
11110111111101100 2
11110111011101111 6
11110110111001111 10
11110111111101101 2
11101110011001101 2
11110111111111101 3
11101110011101001 1
11101110011111100 2
11110110111101100 1
11100111111011101 2
11111111111101111 1
11111011011001100 1
11111111011101110 6
11111110111101111 5
11101110111111101 2
11101110111011100 1
11110110111111110 1
11110110011011111 7
11111111011111100 1
11100110111011101 1
11100111011011111 5
11110111111000100 1
11111111111101110 4
11110110011101110 5
11100111011110110 1
11111111011011110 10
11101110011101110 2
11100110011011101 2
11110111111011111 3
11110110001111101 1
11110110111011111 1
11110110011001111 9
11111110011011101 7
11110111011101100 6
11111110011001100 11
11100111110011111 1
11111110011111110 6
11111111011001011 1
11101110011011110 3
11111110011001111 11
11111111011101100 10
11110111011011100 2
11100110111011100 3
11110111111101111 2
11100110011011110 2
01101110011011111 1
11111111011001110 13
11100111111001111 3
11110111011001101 12
11100111011101100 2
11110110111111101 4
11110110011011100 4
11110111111111111 4
11111110111001101 8
11110110011001110 5
11101111011101101 1
11101011011011101 1
11111110010001100 2
11111110011001110 5
11111111011111101 5
11101111011011101 2
11111110110001101 1
11101110011011111 4
11111110011111101 2
11111110011101111 4
11110110111011110 2
11101110111001111 3
11101111111001110 5
11110111000101100 1
11101110110111101 1
01101111111001110 1
11100111011101110 3
01100111011101111 1
11111111110011101 1
11110110011111100 3
11111110011101101 4
11110111011011111 5
11111111011001100 10
11111111011111110 4
01100110011001100 1
11111111010111100 1
11111110111111101 5
11100110011111101 4
11100111101101110 1
11101110011001100 8
11111111011011100 2
11100110011101100 2
11111111111111111 5
11111111011111111 6
11110111011011101 2
11110111111101110 5
11111110011011110 4
11100110011001100 4
11101111011001111 5
11101110011011100 4
11110111111011100 1
11110110111001100 5
11100111011001101 1
11110111011011110 6
11111111011001101 11
11111111011101101 7
11100110011011100 3
11110110011001101 14
11111110011001101 18
11100110001001111 1
11101111011011110 2
11111111111111110 4
11100111011111110 2
11101110111101100 5
11110111111001100 3
11100111111101100 2
11110110011011101 3
01100110011001101 1
11101110111111100 2
11110111011111100 3
11111111111011101 3
11101110011101100 4
11110111010001100 1
11110111011101101 3
11101111011001101 9
11110111011001110 7
11110110011111110 6
11111010011101100 2
11100111111001100 3
11101110011111111 4
11111111110101100 1
11110111111111100 3
01111110111101101 1
11100110011011111 4
11100111011011100 1
11110111011001100 6
11101111111001100 5
11100110110101101 2
11111111111011111 4
11111111001001100 1
11110110010001111 1
11111110111001011 1
11110110111001101 5
11101111101001101 1
11101110111011001 1
11100111111101101 1
01101010011111111 1
11111110011101000 1
11111110001101101 1
11110111011101110 4
11101010111001100 1
11111111111001111 9
11101110111101110 2
11111110011111111 8
11100111111101110 1
11100110011111111 4
11100111111001110 2
11110110011101101 1
11100110111001101 5
11111101011001110 1
11101111011111111 4
11110110001101101 1
11111111111111100 2
11101111001101111 1
11111110011111010 1
11110110011111111 2
11101111111101100 2
11101111111111111 2
01101110011001101 1
11111110111011111 1
01100111111011100 1
11111110110101100 1
11111110001101111 1
11100111011001100 1
11111110111101100 3
11101111011011111 1
11110111111001111 4
11100111111001101 5
11101111011111101 1
11000110011001111 1
11111110011001011 2
11100110111001110 1
11101110011001111 5
11101110111001101 3
11111110010001111 1
11101111111111100 1
11110111111001101 5
11001111111011100 1
11110111111001110 7
01111111111011110 1
11100110111011110 2
11111010011001000 1
11111111111011110 4
11101100111001100 1
11111011011101110 1
11101110111011111 2
11101111111011100 2
11101111011001110 7
11100111011001111 3
11110110111111100 1
11110101011100110 1
11111110001001100 1
11101110011001110 3
01111111111101101 1
11100110011001111 5
11100111011011110 2
11101110111011101 2
11111110011010111 1
11100111111111101 1
11111111111111101 1
11100110111001100 2
11111110001111101 1
11100110011001101 2
11110110111101111 2
11101110011111001 1
11101111010001111 1
11110110010001100 1
11111110101101100 1
11111110110001111 1
11111111111001100 5
11100111010111111 1
11100111111111110 2
11110110011111101 3
11101110011111101 3
11110110111101110 1
11101110101101111 1
11100110111111101 2
11110111011111110 3
11101111111101101 2
11101110111011110 3
11111010011111111 1
11111110011111100 4
11110111110101100 1
11110110010101110 1
11101110110001100 1
11101111111001111 5
11110110111011100 2
11110110011001000 1
11101010010111110 1
11101111101111101 1
11110110010001110 1
11101111101101100 1
11110111111111110 2
11100110011001110 2
11101111011001100 5
01111111011011100 1
11100110111111110 1
11101110011111110 2
11111111101001111 1
11111100111001111 1
11101111011110110 1
11100111111011100 3
11111111011101001 1
11101111011101111 3
01110111011001101 1
11110111110001111 1
11100111111011111 1
11111111001011100 1
11111110110001100 1
11100110111001111 1
11110110111111111 1
11101111001001100 1
11110111001111110 1
11101111011111110 1
11000110111001111 1
11111110111001000 1
11110100111101100 1
11101111011101110 2
11101110011101111 1
11011111011001101 1
11100110111111111 1
11100110011101110 1
11110110010111101 1
01101111111101111 1
11101110111111111 1
11110111001001101 1
11101110011011101 1
11111110001001101 1
11100110111011111 1
11111110010101111 1
11101111111011101 1
11110111010111111 1
11101110010111111 1
11110111010001111 1
11101110111001100 2
11111110111011110 2
11100111111111111 1
10101110011101100 1
11100111010101111 1
10101110111001110 1
11110111010101111 1
11101011011001100 1
11111110110111101 1
11111111001011111 1
11111110010111100 1
11000110011001101 1
11100110101001100 1
11100111011111111 1
10110111011011111 1
01100110111011110 1
01111110111111111 1
11111111111101000 1
11101111111110101 1
11111110111111100 1
01101111111001111 1
11111100011101100 1
11101111011111100 1
11111110101111110 1
01100110110011111 1
