number of jobs: 15
percentage of hits: 6.360878083640692e-16
more frequency result: 11111110111101111
11100110111111101 30
11110111111111101 59
11110111111011110 21
11101111011101110 27
11100111111111101 32
11111111011001111 110
11101111011111101 41
11101110111101111 67
11101111011011111 47
11110111011011101 37
11100111111011101 28
11110110001101111 2
11000110011011100 3
11101110111111100 27
11100111011001100 13
11111110011001111 115
11100111111001101 42
11100110011001100 26
11110111111001111 77
11101110111101101 54
11100111111111111 28
11110111011001110 49
11101111111011111 60
11101110011101101 53
11101111111111100 40
11111111111101101 143
11100110111001110 31
11100111111111110 21
11101111101001100 3
11110111011101110 28
11110110111001100 46
11111110111111111 130
11110110111111101 68
11110110011001111 57
11111110111001110 96
11110110111011111 57
11111110111011101 118
11110110011101101 53
11110110011001100 41
01101110010111111 1
11101110011011101 63
11110110111001110 62
11111110111001100 83
01111110111011111 2
11100111111011100 17
11100110111001111 38
11101110111011111 46
11111110011101111 92
11111110111101110 79
11111111011011111 95
11100110111011110 20
11110111111001100 58
11101111111001100 48
11110110011111110 35
11111111111011111 114
11101110111011101 62
11111110101111101 11
11100111111001110 25
11110110111011101 65
11100111011001111 20
10110110111101111 2
11100110111101100 20
11101110011001101 50
11010110111001110 2
11111111011111110 47
11101110111001101 64
11101110011111100 20
11100110011111110 16
11100110111001100 22
11110110111111111 57
11101110011001100 19
11110111111101100 42
11011110111001100 2
11110110111100100 1
11110110101111100 1
11111111011011101 90
11100111111001100 31
11100111011011111 17
11100100111001111 1
11100110011011100 14
11110110011011101 49
11111110011111110 50
11111110011011110 58
11101110111011100 32
01111111111111100 3
11100111111011110 13
11100110111111100 24
11100111111101100 21
11111111111001110 85
11110111111111110 42
11101111011001100 29
11110110011011100 22
11100111011001101 20
11110111011111110 31
11101110011111101 36
11100111011111101 22
11101110011001110 22
11100110111101101 34
11110110111101100 30
11111110111101111 153
11100110101101101 4
11111110011111100 46
11101110111101110 39
11101111001101100 2
11111110011001110 46
11100111011011110 11
11100111011001110 10
11111111011001110 65
11101111111011100 34
11111111101001100 6
11101110111001111 55
11101110111111110 26
11111111111000101 3
11101110111001100 37
11101110111011110 29
11110111011001111 44
11101110011101110 27
11111110001101100 3
11111110111101101 100
11100110111011100 24
11110111011111101 49
11110111011011110 32
11100111011101110 13
11100011111011100 2
11110110111001101 94
11100111011111100 14
11111110011001100 75
11111110111111100 76
11110110011101110 30
11101111011101100 28
11111110011101101 104
11110110011011110 29
11110110111101110 46
11100110011101100 16
11101111011001110 26
11100110111011101 32
11000110111101111 3
11110111111111100 44
11101111011011101 50
11110111011111111 39
11101100111001101 3
11110110011111101 48
11110110011011111 46
11110111001001100 1
11100111111101111 33
11110111011101111 54
11111011111001100 2
11111110011111111 95
11100110011011111 29
11110111001100110 1
11110110111101101 83
11100110011101101 25
11110110111011100 25
11100110001101111 3
11101111111001111 57
11110111111111111 61
11111110101101110 2
11100111011101100 16
11100110111111111 34
11110111011101101 63
10101110111001101 3
11110111111011101 58
11100111011011101 12
11100110001001100 2
11100110101001010 1
11100110011111010 2
11111110011111101 83
11101110111111101 59
11101111011101111 42
11100111111010100 1
11111111011101101 105
11110110101101111 4
11101110001001110 1
11100110011101111 28
11110111011001101 51
11101110101001110 2
11110111011101100 46
11111110111011111 117
11110110011111100 35
11100110111000100 2
11101111111101101 65
11110111101101111 2
11111110111111101 122
11101111011101101 46
11111110111001111 134
11110111011011100 14
11111111111101110 64
11111110111001101 137
11100110011011101 24
11101110111001110 36
11110110011101111 56
11110111111101101 59
11110111011011111 35
11110111111001101 70
11110110001001111 2
11101111111011101 59
11101110011001111 49
11111111111001111 128
11100111111101101 43
11100110001111101 2
11100110111011111 33
11100111011111110 17
11110110111001111 83
11100111001111111 1
11110111011001100 43
11100111011011100 17
11100111111111100 12
11100111011000111 1
01110110011001101 1
11110110111111100 41
11101110011111110 19
11111110011101100 62
11111110011101110 51
11111110101001111 5
11111111111001101 139
11110110011101100 30
11101111111111110 17
11100110111001101 41
11111111111001011 4
11110110011100111 1
11100011111111111 2
11101111111101110 41
11100110101001110 1
11111110011100101 4
11100110011001111 32
11111111111111110 79
11110110111011110 29
11111111001011100 3
10100111111001110 1
11110110011001110 36
11110111101001100 2
11101110011110111 1
11101111011111111 36
11110111111001110 56
11111111111011110 70
11101110111101100 37
11101111001011101 3
11100110101001100 3
11100111111101110 22
11100101111101111 1
11111111111101100 61
11110111101001101 4
11100111111011111 19
11110010111101110 3
11101110011011110 24
11110111111101110 39
11101111111111111 58
11101111101101101 4
11110111111101111 60
11100111111001111 32
11110111111011111 47
10111110111111111 1
11100111101001101 2
11000111011111100 1
11100110011101110 15
11100110101011110 1
11001111111011110 3
11100110011001101 27
11100111011101101 29
11111111111001100 97
11111110111101100 82
11110110111111110 32
11101100111001110 1
01100110101001110 1
11101110011011100 19
11101111111101100 39
11111111001011111 4
11111111111011100 58
11100111011111111 21
11101111111001110 29
11110110111101111 60
11100110111101111 35
11110111011111100 16
11101111011001101 53
10101010011001110 1
11111111011111111 80
11101110111110111 1
11100110101011101 2
11101111111010111 2
11101110011101111 37
11100111101010110 1
11111111101001110 2
11111110111011110 57
11100110011111101 34
11101010111001100 3
11111111011001100 52
11111111011111100 52
11111111111110111 5
11101111011011110 20
11111111101111110 2
11111110011001101 105
11111111001111111 4
11101111111101111 64
11111111111010110 3
11110010101001101 1
11111111111011101 111
10111111111001100 1
11111110011011111 97
11111111011101111 83
11100011111001101 1
11101011011011100 1
11111111101001101 6
11110111111011100 29
11110111001101100 2
11110111001011100 2
11111111011100111 2
11111111001001101 4
11111111011011110 46
11101111111001101 63
11110110101101110 3
11110110011001101 58
11100111101001100 2
11111110111100100 2
11110011111101110 2
11100111001001101 1
11101111101001101 6
11111111111100111 3
10110101111111101 1
11110110101101100 2
01101110011101111 3
11110110101001111 2
11111110101010100 1
11101110101101111 4
11000111111101111 4
11111111011011100 47
11111111001111101 1
11111111111101111 117
10101111111101110 1
11110110101001101 3
11100110101001101 2
11111111111111111 106
11111010111101100 2
11100111111111010 2
11101100011101100 2
11111110111110100 3
11111111011001101 95
11111100011001100 1
11011111011011100 1
11110110001011101 2
11101111101001110 2
11110110101011110 1
11111110111011100 59
10111111011111100 1
11111111011101100 54
11110110011111111 47
11100111011111010 1
11111100111101100 2
11111110111111110 66
01101110111101101 6
11110110111010111 1
11100110011111111 29
10101110111101111 2
11111111001011110 2
11111110101111100 2
11011111111101001 1
11011111111111101 3
11100011111101100 2
11100110011010110 1
11011101111001100 1
01101110111111100 1
11101110011101100 26
11000110111001100 3
11110010011011100 1
11011111011011101 1
11011110011101110 4
11101111101111100 2
11111110011011100 46
11101010011001100 1
11101111001000101 1
11001111011111110 2
11110110001001100 3
11100110111011001 1
11111110101001100 4
11110110101101101 3
11110110111011001 1
11101110111111111 44
11111100011011110 2
11111111001001110 3
11101111101111101 5
01110110011111101 4
11110011111101100 1
01111111111101110 2
11111110111010101 2
11111111011111101 88
11001011111111100 1
11101111011111100 16
11100110111101110 25
01101111011011111 2
11101011111101110 1
01110110011101110 2
01111010111011110 1
11111111011101110 53
11111111101011110 3
01111110011101100 3
11111011111001111 2
11111010011001101 4
11110010111001101 1
01110110011011111 1
01101110111101100 1
01110111111111110 1
11111110011011101 73
01111111111101101 3
11111100111111101 1
01100110111111111 2
11111010011101110 2
01111111111111110 3
11110111111100100 1
01110010111111100 1
11110110010001110 2
01111110111011110 1
01110110111101110 2
11111111111111100 73
11111010011001100 2
01111011111011111 1
01100110111001100 4
11101011111101111 4
11111010011101100 3
01111110011111101 3
01111111011111110 2
11111110111100110 2
01101110011011111 3
01101110111101111 5
11100110011011110 8
11111011011111100 1
11011110111011100 3
01101111011101111 1
11110110110101101 5
11111011111100100 1
11111010111101110 3
01111110011101111 2
11110010111101100 1
11111110101001101 8
11111010011111100 2
01110111110011101 1
11111111111100101 1
01111111011011111 2
01101110111001111 3
11101111011010101 1
11101111011011100 16
01001111111101100 1
11111110111000100 5
10100111111111110 1
01101111111111111 2
11101111111011110 25
11101111111111101 57
11111111111111101 113
11110111110111100 1
11111011011111110 2
01101110111101110 4
01101110111111101 4
11111110010011110 3
01101110011111000 1
11111111111111000 2
11111110011100110 3
01100111111101110 3
01100111111011110 2
11111110111110101 1
01111110111111101 2
11111110111110111 1
11111111011000101 4
01101111011011101 1
01111111111101100 3
11101110111010100 1
01100111111011100 2
11101111011110101 1
01100110011101101 3
01111111111001100 1
11111100111011101 2
11111111111010111 3
11101010011011111 1
11111111111010101 1
01110010111101111 1
01101111011111101 2
01111011111111111 1
01100110111011111 1
11111110010001110 4
11111011011101101 3
11101011011101101 2
11111011111101101 2
11110111111100111 1
01100111111001100 1
01101111011011110 2
01110110111011111 2
11111011111111110 3
11111011011011100 2
01111111011111111 4
01111110111111100 5
11100011011011111 1
01110110011101101 1
11111011111101111 3
11101111011001111 50
01100111111011111 1
10101111111111100 3
01101111011101101 1
01100111111101111 2
01111111111001111 1
01111110111111111 4
01111111111101111 5
11111110110101111 4
01110110111111101 1
01111111011101100 5
11110100111001101 1
01111111011101111 1
11110101111001111 1
11111111101101100 3
11111111010101100 1
00110111111011101 1
01110010111001110 1
01101110011111100 1
11111110111010111 2
01101111011001110 2
01101111111111101 3
00100110111101101 1
11101110011011111 43
11111011111011110 1
11111011111111111 2
11001110111001101 4
11111010011111111 3
11111010011001110 1
11100011011101100 1
01111110111011100 2
11111011011111101 3
01111111011011101 1
11100110111111110 14
01111110011001110 1
11111111111111001 3
11111010011011111 2
01110110011111100 1
11100011011011110 2
11100110111110110 1
01100110011011101 1
01100111111001111 1
01111110111001111 4
01101111011011100 2
01100111011011111 2
11111111101001111 3
11111110101011110 5
11111011101011111 1
01111110011001101 4
11111010011101111 1
11111110011000110 1
01111110111001101 1
01111110111001110 1
01111110011010111 1
10100110111111100 1
10111110111011111 1
11111111110011100 3
01111011111011100 1
11110111111111001 3
01100111111011101 1
01111111111010101 1
11111110111111001 3
11101111111000101 2
01101111011111110 1
01100110111111110 1
01101111111111110 2
01111011011001111 1
01101110011011100 1
11111010111011111 3
11110111101111110 4
01101110011101101 3
11111110011100100 3
01111111111011110 3
11111010111111111 3
01111111101011111 1
01101110111011111 1
11110010111111101 3
01110110111111100 2
01111111111011111 5
01111110011001100 4
11111010111001100 3
01101111111101110 1
11111011111001101 4
01111111011001111 1
01101110111001100 1
11111010111001101 2
11110110011111011 2
11101111011111110 14
11110110101011100 2
11111111101101110 3
11111110101101100 3
11111010011101101 2
11101110011111111 37
11101111101001000 1
11001111111011111 2
11111111001101110 3
11101110101101100 3
11111101111101110 2
11110111011100111 1
11111010011111101 1
11110111101001111 3
11111101011011111 1
11111011011010101 2
01111111111111101 2
01100111111111100 1
11110111011001000 2
11110110011101010 3
11110100111101101 1
11111111001111100 9
11100111011101111 18
11111111001011101 2
10101110011011100 1
01111110111001100 2
11100111001011100 1
11000110011101110 2
11111100111001101 4
11110111001001101 2
11111110001111100 6
01101110111011101 1
01111110011111100 2
01100111111001101 4
01111111001111100 1
01110111111101101 1
11111010111011110 2
11010111111101100 1
10110111111001101 2
11111110101011100 4
10101110111001100 3
01111111001101101 1
11100110011111100 17
11111110001011101 4
11110111001001110 1
11111110101111111 4
01101111100001101 1
11111110001111110 2
11111111101011111 5
11111011101101111 1
11111111001001111 3
10100111111111100 2
01101111101011100 1
11111111010001100 1
01101110111011100 1
01110110111001110 1
11100110001001101 4
11111110010001100 5
11111111010011110 1
11111110101101101 3
11111101011101111 2
11111111101011101 4
01101110011111101 5
11110111001111110 2
11111110011011001 3
01100110111001111 1
11111111001110101 2
11111111011001011 2
11111111010111100 4
01111111111001101 2
10111111111101111 3
11011110111001110 1
11010110111111100 2
11111111111011011 1
11101111101101100 2
11111110011111011 2
11111110111000111 1
11111110011010111 3
11111111001101111 1
01100110011001101 3
11000110011111100 1
11110110001001110 1
11111110001011100 1
11110110101011111 1
11111111001111110 2
11110111101101110 1
11111110010011101 2
11111110010101111 6
11111100111011100 2
11101101111011101 3
11111100011011111 1
11110010111111100 2
11111110100011100 1
11110110010011101 2
11101110010011110 2
11111101111011100 1
11111011011001111 1
11110111011110101 1
11111111111110110 1
11111111110111110 1
11111110011110110 1
01101111111101101 2
11111010111111101 2
11110110001011111 2
01101110011001111 1
11001111011111101 3
11111111011111010 1
11111110010011001 1
10100111011101100 1
11111111011010110 1
11111110110011111 10
11110110110011110 1
11101111001001111 1
11110111010101100 1
11111110010111101 3
11111111110011101 6
11111110011010110 1
11111110110111100 2
11111110001101101 2
11111110111010100 3
11110111001111101 3
11110111010011100 1
11110111100001111 1
11110110100111101 2
11111111101101111 2
11110111110011111 4
01111111011111100 2
11001111011001110 1
11101111110101111 2
11111100011001101 1
11101111001011011 1
11111111011111001 2
11111111110011110 5
11111110011111010 4
11111111011100101 1
11111111110110100 1
11100110011001110 16
11101110001011101 6
11110110010011110 1
11111111110001101 8
11101110101011101 2
11111010011011101 2
11111111101111101 3
01100100001001111 1
11101110110011100 1
01101110110001100 1
11100010110111001 1
11110110001011100 1
11111110010111100 4
11111110010101101 3
11111010111011100 1
11110111111110111 2
11001111111001100 3
01110111111011101 2
01101111011111100 1
10110111011101100 1
11110111110101111 3
11000110011101101 1
11111111110111111 8
11110111101011111 3
11110111111110101 1
11110110110001111 3
11001110111001111 4
11110110110111111 3
11110011011101111 1
11110110010101100 3
11001110110011111 1
11110111010101010 1
11111110110001101 8
11001110011011111 2
11110110110101111 4
11110110010011111 4
11101111001111101 1
11111111110001110 2
11001111011011110 4
11111011011011101 2
11111111010101110 2
11111010011001111 2
11111111000011100 1
11000111111001111 3
11110110001111100 2
11111111010111111 6
11110011011111101 1
11111011111111101 3
01101111011001101 1
11111110110011100 1
11111110001001111 2
11110110110011111 3
11110111010101111 5
11111110010001101 6
11110111010111110 3
11110111010001110 1
11110110010011100 1
11110111010101101 1
11101111110011111 4
11111110010111111 4
11110011011001111 2
11110110010001101 2
11110111010001100 2
11110111110111101 6
11110111011000101 1
11110110110011101 4
11111111010111101 3
11010110111011111 2
11110111110001100 1
11110111110101100 2
11111011110101100 1
01110111011001111 2
11111101111011110 2
11101111110001100 1
01110110111011110 2
11111110101011101 2
11111111101101101 2
11110111001111100 1
11111100010111111 1
11111110110001011 1
11111110001011111 4
11111111101010100 1
11110110111100101 2
11100011000010111 1
11111010111000111 1
11111110001001101 3
01110111111101111 1
11110110101110111 1
11111010010111101 1
11110110001111101 3
11111111010101111 2
11111111010001101 3
11011110011001110 3
11000110111011101 1
11110111010001111 5
11110110010111111 2
11111111010101101 2
11111110011110100 1
11111111101111100 3
11110011011101101 1
11100111110101100 1
10100111111011110 1
11111110011110101 1
11111111111110101 1
11111111110101100 2
11000110011001101 3
11111111010011100 1
11111110110010101 1
11111111011111011 1
11111111010001111 3
11111111110010101 1
11111111010011101 4
11111111010011111 2
11110111010011101 1
01101110010101111 1
11110101111111111 1
11110111000011101 1
11111011111011101 2
11110010110011111 1
01101110011101110 1
11111011011111111 2
01111111011001101 3
11111110101001110 1
11111111011100110 2
01110011111100101 1
11110110010101101 3
11110011011111100 1
11010110011001111 2
11100011011001111 2
11111111111011001 3
11111111111000001 1
11101110111110100 1
11010111111111111 1
11100111111111011 3
11111111111101001 1
01100110011001100 2
11111111111011000 5
11111010111001110 2
11110111011111001 3
11010111111111101 2
11110111111001010 1
11000110011011010 1
11011111111011111 2
11011111111001101 2
11001111011111100 1
11100010011101110 2
11000111011111111 1
11110011111001110 2
11100110111001010 1
11011110111101111 2
11101110111001001 3
11011110111111100 3
01110111011111110 1
11110111001111111 4
11100010011111100 1
01000111111001111 1
11010110111111111 5
11001011111101101 1
11010011011001110 1
11110110001111110 1
11010111011111101 3
11100110111001011 3
11111111111101011 3
11010111011101100 1
01100111111101101 1
11110101111111110 1
01111111011011110 1
11010110011001001 1
01110110111001101 2
01100111011001101 2
11000110011001111 4
11011111111001111 4
11001110011101100 1
11111111111001001 1
01100011011001100 1
11110110011111010 1
11110011011011111 1
11100110101101111 2
11110010011001110 1
11110011111111111 2
11001110011111111 2
01100011111111101 1
11110110111001010 2
11001111011101100 1
11010111111011100 1
01111110111101101 3
11001011111001111 1
11011111111111001 1
11100110111101001 1
11110010011101110 1
11111010111101101 2
11111111111000111 2
11001110011101101 2
11100011111101110 1
01100111111000111 1
11001110111101100 1
01010110111111111 1
11101011111001101 3
11110110111111010 1
01010110011001110 1
01100111111111101 1
01001110111011101 1
11111011011011111 1
11110111110011101 2
11100110111101010 3
11001110111111111 5
11101011011001100 2
11110111011111011 2
11100011111111110 1
11010111011111111 1
01010110011101110 1
11000111011111110 2
01000111111011110 1
11000111011001110 3
11110011111001101 1
11111110111011010 4
01100111011111111 1
11001110011101111 1
11001111011101111 3
11011111111001100 2
11110100111101100 2
10101110111001110 3
11001111011011111 1
11111110110001110 2
11101111011001000 1
11010111111011110 1
01000111111111101 1
11010111011111100 1
01100111111111110 2
01100110111001101 3
11101111111010110 1
01101111111011110 1
11011110111111110 3
11000111111101101 3
11001111011001101 1
11011110011111110 1
11100111010011101 4
11010111111001111 3
11010111011111001 1
01111110111101111 1
01100110111101101 3
11010111111001101 3
11000111011001101 1
11110110111011010 1
10100111011001101 1
11110111111111011 1
11110110011101011 1
11011111111111100 1
11010111111001100 1
11000110111001111 4
01100111111001110 1
11010110011111110 1
11101010111001101 1
01101111111001101 4
11011110111011110 3
01110111110001101 1
11110010111001111 2
11110111111001001 2
11001110111111101 4
01100110011101111 2
11100011111101101 2
01110110111001111 1
11110110011001001 2
01101111010101111 1
11001111111001000 1
11111110111001001 3
11011111011101100 1
11011110011011110 2
11000111111011111 2
11000111011011111 1
01000110011101111 1
01100110011001110 1
11000110011101111 1
11101100011001110 2
11110100111111111 1
11000111011101101 3
01110110111111111 2
11010110011111111 2
11010110111111101 2
11111011011001100 2
11000110101101101 1
11100010111101100 1
01000110011011100 1
11110110110111101 2
11011111111111111 3
11001110011011100 3
11011110111001111 1
01111111111011100 2
01001110011111111 1
11110111011011001 1
11100011011101111 1
11001111111111110 1
01100110011101100 1
11100111111001000 1
11010010111101110 1
11010110111111110 1
11111011011101100 1
11011111111101101 2
11011110111111101 3
01110111111011100 1
11010110011001100 2
11010111111001001 1
11111110011001010 1
11111011011001101 3
11000110011111111 2
11011111011001111 2
11010110111001111 2
11110011111111110 2
11110011110101101 1
11011111011001110 3
11101110110001111 4
11111111111111010 3
01100110111111101 2
01101111111001110 3
11111011011101110 2
11001111011101101 2
01110110011101100 1
10111111011001110 1
11100111111000001 1
11101010011111111 1
11111111101111111 1
11011111011011111 3
11100011011011101 1
11110110101001100 1
11011111011001101 3
11010110011101110 1
11001110111001110 2
11011110111011101 1
11100110101011111 2
11001111111001111 4
11110110111101001 2
11111110001001100 2
11100010111111100 1
11111111011100100 1
11101110111011000 2
11101111111011000 2
11001111011001111 2
11011111011001100 1
11110110011110101 1
10111110011011110 1
11000111011001100 1
11110110001101101 3
11000110111101101 1
11011110001011110 1
11101110001011100 1
11100111001111110 1
11101111001101101 1
11100011011101101 2
11011010011101110 1
11011110111101100 1
10001110111111101 1
11100110001011110 1
11010110011011111 1
11011111111110101 1
11101010011101100 1
11100110111101000 1
11011111111101110 2
11001111101101110 1
11100110111100110 1
11110111110101101 2
11100110001001110 2
11101110001101111 2
11100110111111011 4
11100111101101101 1
11011111011111111 2
11110011111101101 2
11001110101111111 1
11100111101111101 1
11111110001111111 1
11110110101111101 1
11100111001101101 1
11101111011000100 1
11000111111011100 1
10101111011111111 4
11010111111101111 3
11101111111001000 2
11101011011111100 2
11101110010111100 2
11110011111001111 1
11100111011000100 1
11001111011101001 1
11101111010001110 2
11101011011001111 1
11001110111101101 3
11111111110001111 6
11101010001101111 1
11001111001001110 1
11101110101111100 1
01110101111011100 1
11100110011101011 2
11011111111011100 2
11100111011001011 1
11001111111101100 2
11001111111111111 2
11100110110001101 2
11001111111011011 1
11110011011111111 1
11110110111001000 2
11011111111101100 2
11011111101001111 1
11101111010001111 2
11111011011001110 1
11111100111111110 2
11110011111011100 1
11101110000111110 1
11100101011101110 1
01110111011001110 1
11100111101101111 1
11100010011111111 1
11110011011001100 1
11110110111000100 1
11100110010001110 1
11100111001101110 1
11101110001101110 1
10111110111011101 2
11111110100001110 2
11101111001111100 1
11100110011100011 1
10111111011001101 2
11101011011011110 1
11101101011011100 3
11100110110011111 2
11101110011110110 1
11101111011101010 1
11010110011111101 1
11101110011111001 2
11100110001111110 1
01110101111101101 1
11101110001001111 2
11100101011001101 2
11110111010101110 1
01110111011001101 2
10101111011001100 2
11001110011101110 1
11100111111100110 1
11000110011011111 2
10100111111111111 1
11010111111001110 2
11010111011011100 1
11010111011011111 2
11111111011101011 3
11110101011111111 1
11101110101111111 1
11101110101111110 2
01111111011001100 2
11101111111011011 1
11111110111111000 3
11001110111101111 3
11111110111111010 1
11000110101001101 1
11110010111101101 2
11101111111000110 2
11110111111000111 2
11110110111100110 1
11011110111001101 2
11110010011111110 1
11000110011001110 1
11100110011111000 1
11010111011001101 1
11100111001111101 1
11100110001111111 1
11010111011111110 1
11001111011111111 1
11101110111111000 1
11100110111010100 1
11011110111011111 2
11100111011000101 1
11000110111101110 1
11011110011101100 1
11001111111111101 3
11110101111101110 2
11011110011100100 1
11111111011110111 2
11110110100001100 1
11011111011000101 1
11101111010101100 1
11001110011011110 1
11011111111001110 1
11010110111001100 1
11000110111001110 1
11000110111111110 2
10101111111001111 1
11110111110111111 3
11100110110101100 1
11101111110001101 2
11000111111101110 2
11001111011011101 2
11000110001111111 1
11111111110101101 3
10111110111001110 1
11101111111100111 1
11010111010011100 1
11010110011101101 2
11001111111111100 1
11001110111101110 1
11101111101011110 1
10101110111001111 1
11110111011100101 1
11101111111010101 1
11011110111111111 1
11000110111111101 1
11011111011111100 1
11011110011101111 1
11110101111101100 1
11100111111100101 2
11011110011001100 1
11000111111011110 1
11101111111111010 1
11110111111000101 1
11001111111101110 1
11110111101011101 1
11100010011011101 2
10110111111011111 3
11011111111111110 1
11001111110111101 1
11011111111101111 2
11011011011101101 1
11001111111101111 2
11100111001101111 1
11100111010011010 1
11100110010101101 2
11001110111011110 2
10111111110001101 1
11101110110111111 2
11111111011010101 2
11101110110011111 4
11101110010011101 2
11000111111011101 2
11101110010101101 3
11110111110101110 1
11001110111111110 2
11001111010111100 1
11100110110011110 1
11101110110101110 1
11100111010101111 2
11101111110011100 2
11001010111111100 1
11100111110001110 2
11011111010101101 1
11110111010011111 1
11110101011011110 1
11111110111001011 2
10111101111001110 1
11101011011001101 1
11101111111101011 3
01101111111011100 1
11100110111110111 2
11111111001101101 1
11111110111101000 1
11101111011110111 1
01101110011001101 3
11111111011011001 3
10110110111100111 1
11111110010000111 1
11111110111011001 1
01110111011101101 1
11110110011001010 1
11111110011011011 3
11101110011100110 1
11111110111101011 3
10101110011001111 1
10111111111101110 2
11110111111010110 2
11111110011100111 1
11111100111001111 2
10000110011101111 1
01101110111001101 3
01101111011010110 1
10111110111101111 1
11110110011010111 1
11111101111001111 3
11101111111111001 1
10110110111001100 3
11110110011100100 1
11110110111101000 3
11110111010010111 1
11111110011101010 2
11111110111000101 2
11101110111011001 3
11110111111100110 1
11111111111010100 1
11001111111011101 3
11100111101011101 1
01110111111011111 1
10110111011000110 1
11111110111011000 2
11110101111101111 2
11110101111110111 1
11110111011010111 1
11101110011100101 1
11000100111111111 1
01111110011111110 1
11000111011101111 1
11111111111000110 1
11110110011111001 3
11111010111001111 5
11110100011001110 1
11111110011101001 2
11110110011001011 2
11110110111001011 2
01110110111011100 1
11110101111011110 1
11110111111000110 1
11111110011111001 1
11110110011000111 1
11110111011000100 2
11110110111001001 3
11100111011001000 1
01111110011101101 1
01001111111111101 1
11101111010011111 2
11100010011001101 1
11101111011100100 1
10101110011011110 1
11111101010001101 1
10100111011101110 1
11110010011001101 1
11100011011111111 1
01101110111111111 1
11101101011011111 1
11111101111111101 1
11111100011001110 2
11101011111011101 4
11101101011111111 1
10101110011001101 1
01101110011001100 2
11101110011010101 1
11111111011111000 3
10010111011011101 1
11101110110111110 2
11101110111011010 2
11111110001101111 4
11110111001101101 1
11111101011111111 2
11101100011011101 1
01101111011111111 1
11101110011001010 1
10101110011011111 2
11101011111111110 1
11101110011111000 1
01100110011100111 1
11101110110111001 1
11101110111001000 1
11111101010011111 1
11101111010011100 2
11101010011011101 1
11100111010111111 4
01111110011001111 1
11101111010101101 2
01101111011101100 1
11111110011111000 3
11101111110001111 3
11101111011111011 1
11110111011001010 2
11101110001111100 1
11101110011011000 2
11011110011001101 2
11111111111111011 2
11011101011101100 1
11111011011000100 1
11110010011011111 1
11100010111011101 1
11101010111001111 1
11111110001111010 1
11111110110111110 3
11101010111011111 1
10110110111001111 2
11101110010111111 2
11101110111111010 1
11101100111011101 2
11101100011001111 2
11101111001011111 1
11110110101111010 1
11110011111111101 1
11000111111111101 1
11101101111001111 2
11011110101001101 1
11110010111011111 1
11101110110101111 4
11111111110011111 6
11101110101011111 2
10110111110001011 1
11111110110011101 5
10110111111111111 1
11101111110001110 2
11110111110001101 5
10101110110111111 1
11101111110111101 3
11000111011101100 1
11101111011011000 1
11100110110001111 3
11101110110011101 4
11100110010001111 1
11101111111100101 1
01111111111011101 2
11101010011111101 1
11101101011101101 2
11101101111101101 3
11100111110001111 1
11101011111111111 1
11101101011001101 2
11110111100111000 1
11111110100111101 1
11111110111101001 1
11111111010111110 3
11111110110011110 4
11111101101011110 1
11101111101110110 1
11111110110001111 8
11111010010101111 1
11100100110011101 1
11101111011010100 1
11111001111011111 1
11111110101011111 1
11111111011011000 1
10101111010001111 1
11100111110101111 2
11111001111001111 2
11101010111011101 1
11110110010101111 1
11111110010001000 1
11111111111001000 2
11111110010011111 4
11110110000111100 1
11101111101101111 1
11110111001011111 1
11111111101011000 1
11101110110001101 5
11110111010111101 2
11101111110011101 2
11101110110101101 3
11101110110111100 1
11101010011001111 1
11111110101101111 2
10101111011011110 1
10110111101011100 1
11101111010001101 2
11100110110111111 1
11111110100011101 1
11110101001011101 1
11111110010001111 3
11101101111011111 2
11101011111011100 1
11101100111001100 2
11101110010001101 1
11110101111011111 2
10110110111101101 2
11101111110011110 2
11010110011111011 1
11101110101001111 2
11110111110001111 3
11100000111111110 1
01111110111101110 1
11111110010101000 2
11111111001010101 1
11101100011011100 1
11111110110111111 4
11101101111101111 2
11101110010001111 1
11111111101111010 1
11110100111011111 1
11101111101111110 1
11101110110101000 1
11110100111011100 1
11001110101011101 1
11100111101111100 1
10110111110111111 1
11101101011001111 1
11101110011001000 1
11101110111110101 2
11101110110111101 5
11111101111101101 2
11100110111111000 1
11111010110001111 1
11110101111011101 2
11101011011111101 1
11100011110011101 1
11101110001011110 1
11111111100011111 1
11111111110101111 3
10111011110011100 1
11101100011111110 2
11100000111001100 1
11101110111001011 2
11101111110101110 1
01101111101101101 1
11111110111001010 1
11101111011111001 1
11100110010101111 1
11111011110001101 1
11111100011111111 1
11101111001111011 1
11101110001001101 1
11111110100101010 1
11111101011001111 1
11111110011101000 2
11110011111011111 1
11101111001011100 1
11100111101011111 1
11100110011101001 1
10111111111101100 2
10110110111101100 1
10111111011011111 1
10101111111011100 1
10101111111011000 1
11101111111100100 1
11101111010011110 1
01100111111111111 2
11111111101110101 1
10110111111111101 1
10111111111011101 2
10101110111011101 1
10101111101101100 1
11101110111100100 1
11101110011101011 2
11101111011011010 2
11101110001001100 1
11111100111011111 2
11100101111111100 1
10111111111101011 1
10111110111001101 3
11100110010011111 1
11111100111101101 4
10101111011001111 1
10101110111101110 1
11101110101101101 1
10110110011011101 1
10100110111101101 2
10100110011111111 2
11101110111111001 1
10100111111001111 2
10101110111111111 2
11101110111101000 1
10110111011011111 2
11001110011001101 1
10100110011101111 1
11101110111101011 2
10110110111111100 1
11110111111101001 2
11101111111011010 1
11111111011101000 1
11101101011101111 1
10100110111001100 2
11001111111101101 1
11101010011101111 1
11110110111111000 2
10111111111001111 1
10101111011011101 1
10101111011101110 1
11100110111111001 1
10101110111101101 1
11101100111111101 1
11111010111011101 1
11011111011101110 1
01110110010111111 1
10101110011101111 1
11100110011010101 1
10101111111101101 1
10111110111101101 1
11101111101001111 1
11111111011011011 1
11111111011110101 1
11111111111101010 2
10110110011001110 1
10101110111011100 1
11111111110111100 3
11110110110001100 1
11111111011000111 1
11110110111000111 1
10101111111101111 1
11111101111001110 1
10111110111001100 2
11110110110111100 2
10100111111001101 1
11110111010111111 2
10110110111111010 1
11100110111100100 1
01100111011111110 1
11111110111100101 1
10100110011001101 1
11111101111001011 1
11110110111110101 2
11100100111101100 2
11100110111000111 1
01110111111001110 1
11110111111110100 1
10110111111101101 2
10110111011111100 2
11111111111001010 1
11110111011101010 1
11111110111001000 3
11111111111000100 1
11110100111111101 1
11110111111101010 2
11110110111101010 2
11010110111101101 1
01110110111101111 1
11110111011001001 1
10101111011001110 1
01111111011001110 1
10101110111101011 1
10110111111001110 1
11101111011001011 1
11110111111001011 1
11000111111001100 1
11100111111001010 1
11110100011111101 1
11101110011101010 2
01110111111111111 1
10100110111001101 1
10111110011101111 1
11100100111011111 1
01101110011111111 1
11101110111010101 1
11100111111101011 1
11110110011000101 1
11110110001111111 1
11101000111001111 1
11110110011101001 1
11110111010001010 1
11111101011001100 1
11110110110001101 2
11110100111001110 1
11110100111111100 1
11110111110111110 1
11110010110111101 1
11111110111111011 1
11110110111100111 1
01100110110001101 1
11110101011001110 1
11110100111001111 1
01101111111001111 2
11100111111000101 1
11110111111110110 1
11110111111111010 1
11101011011101110 1
01101111011101110 1
10111110011101110 1
11111101011101101 1
11100011011001110 1
11111110111101010 2
11111111011101001 2
11111111011110110 1
11100110111100111 1
11111100111001100 1
11111110111100011 1
01101111010000110 1
11111101111111100 1
10111111111101101 1
01100111011101101 1
11111100011111101 1
10111111111111100 1
11101110011101000 1
10100111011101101 1
11101011011101100 1
10111110111011110 1
11110101011101101 1
11110101111001110 1
10111111011001111 1
11010110111011101 1
11111100011111100 1
01100100111101101 1
11111110011010100 1
11101100011101101 2
11101111011111000 1
11110100111101111 1
01101110011101100 1
10110111011101101 1
10101111011001101 1
10101111011111101 1
11100111110001101 3
11110100011101101 2
11111101011111101 2
11111111110001100 1
10110110011111110 1
11110110011011010 1
11111101111101100 1
11110100011001101 2
11101100111111100 1
11111101111011101 2
11101101111111101 3
11110011111101111 1
01100110011011110 1
11111011011101111 1
11111101011111100 1
11111110111010110 1
11100111001011111 1
11101111110111111 1
11111111110111101 3
11101111101111111 1
11111110101111000 1
11101110001111101 2
11111111101101010 1
11001110011011101 1
11101110101001101 1
11101111110101101 4
11100111110111011 1
10101111111011111 1
11111110110111101 4
11100100111101101 1
01100111011001110 1
10110110011011111 1
11100111111100100 1
11110110110001110 1
11110100011101111 1
11101111111001001 1
11110110111110111 1
10111111111001010 1
11100100110111110 1
11111101111101111 1
11100110110111101 3
11101111110111110 1
11100110110011101 2
11111110100001101 1
11110101111001101 1
11100110101101110 1
11100100011001101 1
11101111110111100 1
01101111111011111 1
11100110100101011 1
11100110001001010 1
10110111011001111 1
11100111110101101 3
11110110111010100 1
11100111110101110 1
11100111110111111 1
11100111101001111 1
11110111110100101 1
11101101011101110 1
11110110111000101 1
10111111111111001 1
11110110111110110 1
11110111010001101 1
11110110000001100 1
11110110011100110 1
11111110110101101 2
11101111111111011 1
01111100011101110 1
11110111110000110 1
11101100101011101 1
11100110110101111 2
11100111110111101 3
11100100010001101 1
11100110101111101 1
10100111011011111 1
11111100011101111 1
11101111010111111 1
11101101010101101 1
10110110011101111 1
11000111111111111 1
11101111101011101 1
11100100111111101 1
01101100111001111 1
10101101111101111 1
11100101111101101 2
11101100011111101 1
10111110110011110 1
01101111110011110 1
11110110000111101 1
11111101111001101 1
11101111110000111 1
11101101011011101 1
11111110110101110 1
11101111010111101 1
11100111001011110 1
10100110011101101 1
11111110100101111 1
10111111111011111 1
11110110110111110 1
11101101011001100 1
11110111010111100 1
11100010111111101 1
11101110111001010 1
10101111111111101 1
11100110110010101 1
11101111111101010 1
11111111110101000 1
11101101011111101 1
10101111111011101 1
11100101111111101 1
01100110111101111 1
11101110101001010 1
11100100011111101 1
10110110111011101 1
11110100011011101 1
01110111101101111 1
11110011011011101 1
11101111001001101 1
11111110111011011 1
11110110110011001 1
11101110110101001 1
01110110111101101 1
11101110110001100 2
10111111111111111 1
11110101011001100 1
11101110011101001 1
11110111111000100 1
11100111011110110 1
11100111110011111 1
11101011011011101 1
11110111000101100 1
01100111011101111 1
11100111101101110 1
11100110001001111 1
11100110110101101 2
11111111001001100 1
11110110010001111 1
01101010011111111 1
11111101011001110 1
11101111001101111 1
11111110110101100 1
11111110011001011 2
11001111111011100 1
11111010011001000 1
11110101011100110 1
11111110001111101 1
11110110010001100 1
11110110010101110 1
11110110011001000 1
11101010010111110 1
01111111011011100 1
11101111011110110 1
11111110110001100 1
11101111001001100 1
11110110010111101 1
01101111111101111 1
10101110011101100 1
01100110111011110 1
11111111111101000 1
11101111111110101 1
11111100011101100 1
11111110101111110 1
01100110110011111 1
